
Time_us,Position,Speed_rad_per_s
1312008,310427,0.000000
1317009,310428,1.043512
1322009,310428,0.000000
1327009,310429,1.043721
1332009,310431,2.087442
1337009,310433,2.087442
1342009,310436,3.131163
1347009,310439,3.131163
1352009,310443,4.174884
1357009,310447,4.174884
1362009,310452,5.218605
1367009,310458,6.262325
1372009,310463,5.218605
1377009,310469,6.262325
1382009,310476,7.306046
1387009,310483,7.306046
1392009,310490,7.306046
1397009,310498,8.349768
1402009,310506,8.349768
1407009,310514,8.349768
1412009,310523,9.393488
1417009,310531,8.349768
1422010,310541,10.435122
1427011,310550,9.391609
1432011,310560,10.437209
1437011,310570,10.437209
1442011,310580,10.437209
1447011,310591,11.480930
1452011,310601,10.437209
1457011,310612,11.480930
1462011,310624,12.524651
1467011,310635,11.480930
1472011,310647,12.524651
1477011,310658,11.480930
1482011,310670,12.524651
1487011,310682,12.524651
1492011,310695,13.568372
1497011,310707,12.524651
1502011,310720,13.568372
1507011,310733,13.568372
1512011,310746,13.568372
1517011,310759,13.568372
1522011,310772,13.568372
1527011,310785,13.568372
1532011,310799,14.612093
1537011,310813,14.612093
1542011,310826,13.568372
1547011,310840,14.612093
1552011,310854,14.612093
1557011,310868,14.612093
1562011,310883,15.655814
1567011,310897,14.612093
1572011,310911,14.612093
1577011,310926,15.655814
1582011,310941,15.655814
1587011,310955,14.612093
1592011,310970,15.655814
1597011,310985,15.655814
1602011,311000,15.655814
1607011,311015,15.655814
1612011,311030,15.655814
1617011,311045,15.655814
1622011,311060,15.655814
1627011,311075,15.655814
1632011,311090,15.655814
1637011,311106,16.699535
1642011,311121,15.655814
1647011,311137,16.699535
1652011,311152,15.655814
1657011,311168,16.699535
1662011,311183,15.655814
1667011,311199,16.699535
1672011,311215,16.699535
1677011,311230,15.655814
1682011,311246,16.699535
1687011,311262,16.699535
1692011,311278,16.699535
1697011,311294,16.699535
1702011,311310,16.699535
1707011,311326,16.699535
1712011,311342,16.699535
1717011,311358,16.699535
1722011,311374,16.699535
1727011,311390,16.699535
1732011,311407,17.743256
1737011,311423,16.699535
1742012,311439,16.696196
1747013,311456,17.739706
1752013,311472,16.699535
1757013,311488,16.699535
1762013,311505,17.743256
1767013,311521,16.699535
1772013,311538,17.743256
1777013,311554,16.699535
1782013,311571,17.743256
1787013,311587,16.699535
1792013,311604,17.743256
1797013,311620,16.699535
1802013,311637,17.743256
1807013,311653,16.699535
1812013,311670,17.743256
1817013,311687,17.743256
1822013,311703,16.699535
1827013,311720,17.743256
1832013,311737,17.743256
1837013,311754,17.743256
1842013,311770,16.699535
1847013,311787,17.743256
1852013,311804,17.743256
1857013,311821,17.743256
1862013,311838,17.743256
1867013,311854,16.699535
1872013,311871,17.743256
1877013,311888,17.743256
1882013,311905,17.743256
1887013,311922,17.743256
1892013,311939,17.743256
1897013,311956,17.743256
1902013,311972,16.699535
1907013,311989,17.743256
1912013,312006,17.743256
1917013,312023,17.743256
1922013,312040,17.743256
1927013,312057,17.743256
1932013,312074,17.743256
1937013,312091,17.743256
1942013,312108,17.743256
1947013,312125,17.743256
1952013,312142,17.743256
1957013,312159,17.743256
1962013,312176,17.743256
1967013,312193,17.743256
1972013,312210,17.743256
1977013,312227,17.743256
1982013,312244,17.743256
1987013,312261,17.743256
1992013,312278,17.743256
1997013,312296,18.786976
2002013,312313,17.743256
2007013,312330,17.743256
2012013,312347,17.743256
2017013,312364,17.743256
2022013,312381,17.743256
2027013,312398,17.743256
2032013,312415,17.743256
2037013,312432,17.743256
2042013,312449,17.743256
2047013,312467,18.786976
2052013,312484,17.743256
2057013,312501,17.743256
2062013,312518,17.743256
2067013,312535,17.743256
2072013,312552,17.743256
2077013,312570,18.786976
2082013,312587,17.743256
2087013,312604,17.743256
2092013,312621,17.743256
2097013,312638,17.743256
2102013,312655,17.743256
2107013,312673,18.786976
2112013,312690,17.743256
2117013,312707,17.743256
2122013,312724,17.743256
2127013,312741,17.743256
2132013,312759,18.786976
2137013,312776,17.743256
2142013,312793,17.743256
2147013,312810,17.743256
2152013,312827,17.743256
2157013,312845,18.786976
2162013,312862,17.743256
2167013,312879,17.743256
2172013,312896,17.743256
2177013,312914,18.786976
2182013,312931,17.743256
2187013,312948,17.743256
2192013,312965,17.743256
2197013,312982,17.743256
2202013,313000,18.786976
2207013,313017,17.743256
2212013,313034,17.743256
2217013,313051,17.743256
2222013,313069,18.786976
2227013,313086,17.743256
2232013,313103,17.743256
2237013,313120,17.743256
2242013,313138,18.786976
2247013,313155,17.743256
2252013,313172,17.743256
2257013,313189,17.743256
2262013,313207,18.786976
2267013,313224,17.743256
2272013,313241,17.743256
2277013,313258,17.743256
2282013,313276,18.786976
2287013,313293,17.743256
2292013,313310,17.743256
2297013,313327,17.743256
2302013,313345,18.786976
2307013,313362,17.743256
2312013,313379,17.743256
2317013,313396,17.743256
2322013,313414,18.786976
2327013,313431,17.743256
2332013,313448,17.743256
2337013,313466,18.786976
2342013,313483,17.743256
2347013,313500,17.743256
2352013,313517,17.743256
2357013,313535,18.786976
2362013,313552,17.743256
2367013,313569,17.743256
2372013,313586,17.743256
2377013,313604,18.786976
2382013,313621,17.743256
2387013,313638,17.743256
2392013,313655,17.743256
2397013,313673,18.786976
2402013,313690,17.743256
2407013,313707,17.743256
2412013,313724,17.743256
2417013,313742,18.786976
2422013,313759,17.743256
2427013,313776,17.743256
2432013,313793,17.743256
2437013,313811,18.786976
2442013,313828,17.743256
2447013,313845,17.743256
2452013,313862,17.743256
2457013,313880,18.786976
2462013,313897,17.743256
2467013,313914,17.743256
2472013,313932,18.786976
2477013,313949,17.743256
2482013,313966,17.743256
2487013,313983,17.743256
2492013,314001,18.786976
2497013,314018,17.743256
2502013,314035,17.743256
2507013,314052,17.743256
2512013,314070,18.786976
2517013,314087,17.743256
2522013,314104,17.743256
2527013,314121,17.743256
2532013,314139,18.786976
2537013,314156,17.743256
2542013,314173,17.743256
2547013,314190,17.743256
2552013,314208,18.786976
2557013,314225,17.743256
2562013,314242,17.743256
2567013,314259,17.743256
2572013,314277,18.786976
2577013,314294,17.743256
2582013,314311,17.743256
2587013,314329,18.786976
2592013,314346,17.743256
2597013,314363,17.743256
2602013,314380,17.743256
2607013,314398,18.786976
2612013,314415,17.743256
2617013,314432,17.743256
2622013,314449,17.743256
2627013,314467,18.786976
2632013,314484,17.743256
2637013,314501,17.743256
2642013,314518,17.743256
2647013,314536,18.786976
2652013,314553,17.743256
2657013,314570,17.743256
2662013,314587,17.743256
2667013,314605,18.786976
2672013,314622,17.743256
2677013,314639,17.743256
2682013,314657,18.786976
2687013,314674,17.743256
2692013,314691,17.743256
2697013,314708,17.743256
2702013,314726,18.786976
2707013,314743,17.743256
2712013,314760,17.743256
2717013,314777,17.743256
2722013,314794,17.743256
2727013,314812,18.786976
2732013,314829,17.743256
2737013,314846,17.743256
2742013,314864,18.786976
2747013,314881,17.743256
2752013,314898,17.743256
2757013,314915,17.743256
2762013,314933,18.786976
2767013,314950,17.743256
2772013,314967,17.743256
2777013,314984,17.743256
2782013,315002,18.786976
2787013,315019,17.743256
2792013,315036,17.743256
2797013,315053,17.743256
2802013,315070,17.743256
2807013,315088,18.786976
2812013,315105,17.743256
2817013,315122,17.743256
2822013,315139,17.743256
2827013,315157,18.786976
2832013,315174,17.743256
2837013,315191,17.743256
2842013,315208,17.743256
2847013,315226,18.786976
2852013,315243,17.743256
2857013,315260,17.743256
2862013,315277,17.743256
2867013,315295,18.786976
2872013,315312,17.743256
2877013,315329,17.743256
2882013,315346,17.743256
2887013,315364,18.786976
2892013,315381,17.743256
2897013,315398,17.743256
2902013,315415,17.743256
2907013,315433,18.786976
2912013,315450,17.743256
2917013,315467,17.743256
2922013,315484,17.743256
2927013,315502,18.786976
2932013,315519,17.743256
2937013,315536,17.743256
2942013,315553,17.743256
2947013,315571,18.786976
2952013,315588,17.743256
2957013,315605,17.743256
2962013,315622,17.743256
2967013,315640,18.786976
2972013,315657,17.743256
2977013,315674,17.743256
2982013,315691,17.743256
2987013,315709,18.786976
2992013,315726,17.743256
2997013,315743,17.743256
3002013,315760,17.743256
3007013,315778,18.786976
3012013,315795,17.743256
3017013,315812,17.743256
3022013,315829,17.743256
3027013,315846,17.743256
3032013,315864,18.786976
3037013,315881,17.743256
3042013,315898,17.743256
3047013,315915,17.743256
3052013,315933,18.786976
3057013,315950,17.743256
3062013,315967,17.743256
3067013,315984,17.743256
3072013,316002,18.786976
3077013,316019,17.743256
3082013,316036,17.743256
3087013,316053,17.743256
3092013,316071,18.786976
3097013,316088,17.743256
3102013,316105,17.743256
3107013,316122,17.743256
3112013,316140,18.786976
3117013,316157,17.743256
3122013,316174,17.743256
3127013,316191,17.743256
3132013,316209,18.786976
3137013,316226,17.743256
3142013,316243,17.743256
3147013,316260,17.743256
3152013,316278,18.786976
3157013,316295,17.743256
3162013,316312,17.743256
3167013,316329,17.743256
3172013,316347,18.786976
3177013,316364,17.743256
3182013,316381,17.743256
3187013,316398,17.743256
3192013,316415,17.743256
3197013,316433,18.786976
3202013,316450,17.743256
3207013,316467,17.743256
3212013,316484,17.743256
3217013,316502,18.786976
3222013,316519,17.743256
3227013,316536,17.743256
3232013,316553,17.743256
3237013,316570,17.743256
3242013,316588,18.786976
3247013,316605,17.743256
3252013,316622,17.743256
3257013,316639,17.743256
3262013,316656,17.743256
3267013,316674,18.786976
3272013,316691,17.743256
3277013,316708,17.743256
3282013,316725,17.743256
3287013,316743,18.786976
3292013,316760,17.743256
3297013,316777,17.743256
3302013,316794,17.743256
3307013,316811,17.743256
3312013,316829,18.786976
3317013,316846,17.743256
3322013,316863,17.743256
3327013,316880,17.743256
3332013,316897,17.743256
3337013,316915,18.786976
3342013,316932,17.743256
3347013,316949,17.743256
3352013,316966,17.743256
3357013,316983,17.743256
3362013,317001,18.786976
3367013,317018,17.743256
3372013,317035,17.743256
3377013,317052,17.743256
3382013,317069,17.743256
3387013,317086,17.743256
3392013,317104,18.786976
3397013,317121,17.743256
3402013,317138,17.743256
3407013,317155,17.743256
3412013,317172,17.743256
3417013,317190,18.786976
3422013,317207,17.743256
3427013,317224,17.743256
3432013,317241,17.743256
3437013,317258,17.743256
3442013,317276,18.786976
3447013,317293,17.743256
3452013,317310,17.743256
3457013,317327,17.743256
3462013,317344,17.743256
3467013,317361,17.743256
3472013,317379,18.786976
3477013,317396,17.743256
3482013,317413,17.743256
3487013,317430,17.743256
3492013,317447,17.743256
3497013,317465,18.786976
3502013,317482,17.743256
3507013,317499,17.743256
3512013,317516,17.743256
3517013,317533,17.743256
3522013,317550,17.743256
3527013,317568,18.786976
3532013,317585,17.743256
3537013,317602,17.743256
3542013,317619,17.743256
3547013,317636,17.743256
3552013,317653,17.743256
3557013,317670,17.743256
3562013,317688,18.786976
3567013,317705,17.743256
3572013,317722,17.743256
3577013,317739,17.743256
3582013,317756,17.743256
3587013,317773,17.743256
3592013,317791,18.786976
3597013,317808,17.743256
3602013,317825,17.743256
3607013,317842,17.743256
3612013,317859,17.743256
3617013,317876,17.743256
3622013,317893,17.743256
3627013,317910,17.743256
3632013,317928,18.786976
3637013,317945,17.743256
3642013,317962,17.743256
3647013,317979,17.743256
3652013,317996,17.743256
3657013,318013,17.743256
3662013,318030,17.743256
3667013,318047,17.743256
3672013,318065,18.786976
3677013,318082,17.743256
3682013,318099,17.743256
3687013,318116,17.743256
3692013,318133,17.743256
3697013,318150,17.743256
3702013,318167,17.743256
3707013,318184,17.743256
3712013,318201,17.743256
3717013,318219,18.786976
3722013,318236,17.743256
3727013,318253,17.743256
3732013,318270,17.743256
3737013,318287,17.743256
3742013,318304,17.743256
3747013,318321,17.743256
3752013,318338,17.743256
3757013,318355,17.743256
3762013,318372,17.743256
3767013,318390,18.786976
3772013,318407,17.743256
3777013,318424,17.743256
3782013,318441,17.743256
3787013,318458,17.743256
3792013,318475,17.743256
3797013,318492,17.743256
3802013,318509,17.743256
3807013,318526,17.743256
3812013,318544,18.786976
3817013,318561,17.743256
3822013,318578,17.743256
3827013,318595,17.743256
3832013,318612,17.743256
3837013,318629,17.743256
3842013,318646,17.743256
3847013,318663,17.743256
3852013,318681,18.786976
3857013,318698,17.743256
3862013,318715,17.743256
3867013,318732,17.743256
3872013,318749,17.743256
3877013,318766,17.743256
3882013,318783,17.743256
3887013,318801,18.786976
3892013,318818,17.743256
3897013,318835,17.743256
3902013,318852,17.743256
3907013,318869,17.743256
3912013,318886,17.743256
3917013,318904,18.786976
3922013,318921,17.743256
3927013,318938,17.743256
3932013,318955,17.743256
3937013,318972,17.743256
3942013,318989,17.743256
3947013,319006,17.743256
3952013,319024,18.786976
3957013,319041,17.743256
3962013,319058,17.743256
3967013,319075,17.743256
3972013,319092,17.743256
3977013,319109,17.743256
3982013,319127,18.786976
3987013,319144,17.743256
3992013,319161,17.743256
3997013,319178,17.743256
4002013,319195,17.743256
4007013,319212,17.743256
4012013,319230,18.786976
4017013,319247,17.743256
4022013,319264,17.743256
4027013,319281,17.743256
4032013,319298,17.743256
4037013,319315,17.743256
4042013,319332,17.743256
4047013,319350,18.786976
4052013,319367,17.743256
4057013,319384,17.743256
4062013,319401,17.743256
4067013,319418,17.743256
4072013,319435,17.743256
4077013,319452,17.743256
4082013,319470,18.786976
4087013,319487,17.743256
4092013,319504,17.743256
4097013,319521,17.743256
4102013,319538,17.743256
4107013,319555,17.743256
4112013,319572,17.743256
4117013,319590,18.786976
4122013,319607,17.743256
4127013,319624,17.743256
4132013,319641,17.743256
4137013,319658,17.743256
4142013,319675,17.743256
4147013,319692,17.743256
4152013,319709,17.743256
4157013,319727,18.786976
4162013,319744,17.743256
4167013,319761,17.743256
4172013,319778,17.743256
4177013,319795,17.743256
4182013,319812,17.743256
4187013,319829,17.743256
4192013,319846,17.743256
4197013,319864,18.786976
4202013,319881,17.743256
4207013,319898,17.743256
4212013,319915,17.743256
4217013,319932,17.743256
4222013,319949,17.743256
4227013,319967,18.786976
4232013,319984,17.743256
4237013,320001,17.743256
4242013,320018,17.743256
4247013,320035,17.743256
4252013,320052,17.743256
4257013,320069,17.743256
4262013,320087,18.786976
4267013,320104,17.743256
4272013,320121,17.743256
4277013,320138,17.743256
4282013,320155,17.743256
4287013,320172,17.743256
4292013,320190,18.786976
4297013,320207,17.743256
4302013,320224,17.743256
4307013,320241,17.743256
4312013,320258,17.743256
4317013,320275,17.743256
4322013,320292,17.743256
4327013,320310,18.786976
4332013,320327,17.743256
4337013,320344,17.743256
4342013,320361,17.743256
4347013,320378,17.743256
4352013,320395,17.743256
4357013,320412,17.743256
4362013,320430,18.786976
4367013,320447,17.743256
4372013,320464,17.743256
4377013,320481,17.743256
4382013,320498,17.743256
4387013,320515,17.743256
4392013,320532,17.743256
4397013,320549,17.743256
4402013,320567,18.786976
4407013,320584,17.743256
4412013,320601,17.743256
4417013,320618,17.743256
4422013,320635,17.743256
4427013,320652,17.743256
4432013,320669,17.743256
4437013,320687,18.786976
4442013,320704,17.743256
4447013,320721,17.743256
4452013,320738,17.743256
4457013,320755,17.743256
4462013,320772,17.743256
4467013,320789,17.743256
4472013,320807,18.786976
4477013,320824,17.743256
4482013,320841,17.743256
4487013,320858,17.743256
4492013,320875,17.743256
4497013,320892,17.743256
4502013,320910,18.786976
4507013,320927,17.743256
4512013,320944,17.743256
4517013,320961,17.743256
4522013,320978,17.743256
4527013,320995,17.743256
4532013,321012,17.743256
4537013,321030,18.786976
4542013,321047,17.743256
4547013,321064,17.743256
4552013,321081,17.743256
4557013,321098,17.743256
4562013,321115,17.743256
4567013,321132,17.743256
4572013,321150,18.786976
4577013,321167,17.743256
4582013,321184,17.743256
4587013,321201,17.743256
4592013,321218,17.743256
4597013,321235,17.743256
4602013,321252,17.743256
4607013,321269,17.743256
4612013,321287,18.786976
4617013,321304,17.743256
4622013,321321,17.743256
4627013,321338,17.743256
4632013,321355,17.743256
4637013,321372,17.743256
4642013,321389,17.743256
4647013,321407,18.786976
4652013,321424,17.743256
4657013,321441,17.743256
4662013,321458,17.743256
4667013,321475,17.743256
4672013,321492,17.743256
4677013,321509,17.743256
4682013,321527,18.786976
4687013,321544,17.743256
4692013,321561,17.743256
4697013,321578,17.743256
4702013,321595,17.743256
4707013,321612,17.743256
4712013,321630,18.786976
4717013,321647,17.743256
4722013,321664,17.743256
4727013,321681,17.743256
4732013,321698,17.743256
4737013,321715,17.743256
4742013,321732,17.743256
4747013,321749,17.743256
4752013,321767,18.786976
4757013,321784,17.743256
4762013,321801,17.743256
4767013,321818,17.743256
4772013,321835,17.743256
4777013,321852,17.743256
4782013,321869,17.743256
4787013,321887,18.786976
4792013,321904,17.743256
4797013,321921,17.743256
4802013,321938,17.743256
4807013,321955,17.743256
4812013,321972,17.743256
4817013,321989,17.743256
4822013,322007,18.786976
4827013,322024,17.743256
4832013,322041,17.743256
4837013,322058,17.743256
4842013,322075,17.743256
4847013,322092,17.743256
4852013,322109,17.743256
4857013,322126,17.743256
4862013,322144,18.786976
4867013,322161,17.743256
4872013,322178,17.743256
4877013,322195,17.743256
4882013,322212,17.743256
4887013,322229,17.743256
4892013,322246,17.743256
4897013,322263,17.743256
4902013,322281,18.786976
4907013,322298,17.743256
4912013,322315,17.743256
4917013,322332,17.743256
4922013,322349,17.743256
4927013,322366,17.743256
4932013,322383,17.743256
4937013,322400,17.743256
4942013,322418,18.786976
4947013,322435,17.743256
4952013,322452,17.743256
4957013,322469,17.743256
4962013,322486,17.743256
4967013,322503,17.743256
4972013,322520,17.743256
4977013,322537,17.743256
4982013,322554,17.743256
4987013,322571,17.743256
4992013,322589,18.786976
4997013,322606,17.743256
5002013,322623,17.743256
5007013,322640,17.743256
5012013,322657,17.743256
5017013,322674,17.743256
5022013,322691,17.743256
5027013,322708,17.743256
5032013,322725,17.743256
5037013,322742,17.743256
5042013,322759,17.743256
5047013,322776,17.743256
5052013,322793,17.743256
5057013,322810,17.743256
5062013,322827,17.743256
5067013,322844,17.743256
5072013,322862,18.786976
5077013,322879,17.743256
5082013,322896,17.743256
5087013,322913,17.743256
5092013,322930,17.743256
5097013,322947,17.743256
5102013,322964,17.743256
5107013,322981,17.743256
5112013,322998,17.743256
5117013,323015,17.743256
5122013,323032,17.743256
5127013,323049,17.743256
5132013,323066,17.743256
5137013,323083,17.743256
5142013,323100,17.743256
5147013,323117,17.743256
5152013,323134,17.743256
5157013,323151,17.743256
5162013,323168,17.743256
5167013,323185,17.743256
5172013,323202,17.743256
5177013,323219,17.743256
5182013,323236,17.743256
5187013,323253,17.743256
5192013,323271,18.786976
5197013,323288,17.743256
5202013,323305,17.743256
5207013,323322,17.743256
5212013,323339,17.743256
5217013,323356,17.743256
5222013,323373,17.743256
5227013,323390,17.743256
5232013,323407,17.743256
5237013,323424,17.743256
5242013,323441,17.743256
5247013,323458,17.743256
5252013,323475,17.743256
5257013,323492,17.743256
5262013,323509,17.743256
5267013,323526,17.743256
5272013,323543,17.743256
5277013,323560,17.743256
5282013,323577,17.743256
5287013,323594,17.743256
5292013,323611,17.743256
5297013,323628,17.743256
5302013,323645,17.743256
5307013,323662,17.743256
5312013,323679,17.743256
5317013,323696,17.743256
5322013,323713,17.743256
5327013,323730,17.743256
5332013,323747,17.743256
5337013,323764,17.743256
5342013,323781,17.743256
5347013,323799,18.786976
5352013,323816,17.743256
5357013,323833,17.743256
5362013,323850,17.743256
5367013,323867,17.743256
5372013,323884,17.743256
5377013,323901,17.743256
5382013,323918,17.743256
5387013,323935,17.743256
5392013,323952,17.743256
5397013,323969,17.743256
5402013,323986,17.743256
5407013,324003,17.743256
5412013,324020,17.743256
5417013,324037,17.743256
5422013,324054,17.743256
5427013,324071,17.743256
5432013,324088,17.743256
5437013,324105,17.743256
5442013,324122,17.743256
5447013,324139,17.743256
5452013,324156,17.743256
5457013,324173,17.743256
5462013,324190,17.743256
5467013,324207,17.743256
5472013,324225,18.786976
5477013,324242,17.743256
5482013,324259,17.743256
5487013,324276,17.743256
5492013,324293,17.743256
5497013,324310,17.743256
5502013,324327,17.743256
5507013,324344,17.743256
5512013,324361,17.743256
5517013,324378,17.743256
5522013,324395,17.743256
5527013,324412,17.743256
5532013,324429,17.743256
5537013,324446,17.743256
5542013,324463,17.743256
5547013,324480,17.743256
5552013,324497,17.743256
5557013,324514,17.743256
5562013,324532,18.786976
5567013,324549,17.743256
5572013,324566,17.743256
5577013,324583,17.743256
5582013,324600,17.743256
5587013,324617,17.743256
5592013,324634,17.743256
5597013,324651,17.743256
5602013,324668,17.743256
5607013,324685,17.743256
5612013,324702,17.743256
5617013,324719,17.743256
5622013,324736,17.743256
5627013,324753,17.743256
5632013,324770,17.743256
5637013,324788,18.786976
5642013,324805,17.743256
5647013,324822,17.743256
5652013,324839,17.743256
5657013,324856,17.743256
5662013,324873,17.743256
5667013,324890,17.743256
5672013,324907,17.743256
5677013,324924,17.743256
5682013,324941,17.743256
5687013,324958,17.743256
5692013,324975,17.743256
5697013,324993,18.786976
5702013,325010,17.743256
5707013,325027,17.743256
5712013,325044,17.743256
5717013,325061,17.743256
5722013,325078,17.743256
5727013,325095,17.743256
5732013,325112,17.743256
5737013,325129,17.743256
5742013,325146,17.743256
5747013,325163,17.743256
5752013,325181,18.786976
5757013,325198,17.743256
5762013,325215,17.743256
5767013,325232,17.743256
5772013,325249,17.743256
5777013,325266,17.743256
5782013,325283,17.743256
5787013,325300,17.743256
5792013,325317,17.743256
5797013,325334,17.743256
5802013,325351,17.743256
5807013,325368,17.743256
5812013,325386,18.786976
5817013,325403,17.743256
5822013,325420,17.743256
5827013,325437,17.743256
5832013,325454,17.743256
5837013,325471,17.743256
5842013,325488,17.743256
5847013,325505,17.743256
5852013,325522,17.743256
5857013,325539,17.743256
5862013,325556,17.743256
5867013,325574,18.786976
5872013,325591,17.743256
5877013,325608,17.743256
5882013,325625,17.743256
5887013,325642,17.743256
5892013,325659,17.743256
5897013,325676,17.743256
5902013,325693,17.743256
5907013,325710,17.743256
5912013,325727,17.743256
5917013,325744,17.743256
5922013,325761,17.743256
5927013,325779,18.786976
5932013,325796,17.743256
5937013,325813,17.743256
5942013,325830,17.743256
5947013,325847,17.743256
5952013,325864,17.743256
5957013,325881,17.743256
5962013,325898,17.743256
5967013,325915,17.743256
5972013,325932,17.743256
5977013,325950,18.786976
5982013,325967,17.743256
5987013,325984,17.743256
5992013,326001,17.743256
5997013,326018,17.743256
6002013,326035,17.743256
6007013,326052,17.743256
6012013,326069,17.743256
6017013,326086,17.743256
6022013,326103,17.743256
6027013,326121,18.786976
6032013,326138,17.743256
6037013,326155,17.743256
6042013,326172,17.743256
6047013,326189,17.743256
6052013,326206,17.743256
6057013,326223,17.743256
6062013,326240,17.743256
6067013,326258,18.786976
6072013,326275,17.743256
6077013,326292,17.743256
6082013,326309,17.743256
6087013,326326,17.743256
6092013,326343,17.743256
6097013,326360,17.743256
6102013,326377,17.743256
6107013,326394,17.743256
6112013,326411,17.743256
6117013,326428,17.743256
6122013,326446,18.786976
6127013,326463,17.743256
6132013,326480,17.743256
6137013,326497,17.743256
6142013,326514,17.743256
6147013,326531,17.743256
6152013,326548,17.743256
6157013,326565,17.743256
6162013,326582,17.743256
6167013,326599,17.743256
6172013,326617,18.786976
6177013,326634,17.743256
6182013,326651,17.743256
6187013,326668,17.743256
6192013,326685,17.743256
6197013,326702,17.743256
6202013,326719,17.743256
6207013,326736,17.743256
6212013,326753,17.743256
6217013,326770,17.743256
6222013,326788,18.786976
6227013,326805,17.743256
6232013,326822,17.743256
6237013,326839,17.743256
6242013,326856,17.743256
6247013,326873,17.743256
6252013,326890,17.743256
6257013,326907,17.743256
6262013,326925,18.786976
6267013,326942,17.743256
6272013,326959,17.743256
6277013,326976,17.743256
6282013,326993,17.743256
6287013,327010,17.743256
6292013,327027,17.743256
6297013,327044,17.743256
6302013,327061,17.743256
6307013,327078,17.743256
6312013,327096,18.786976
6317013,327113,17.743256
6322013,327130,17.743256
6327013,327147,17.743256
6332013,327164,17.743256
6337013,327181,17.743256
6342013,327198,17.743256
6347013,327215,17.743256
6352013,327232,17.743256
6357013,327249,17.743256
6362013,327267,18.786976
6367013,327284,17.743256
6372013,327301,17.743256
6377013,327318,17.743256
6382013,327335,17.743256
6387013,327352,17.743256
6392013,327369,17.743256
6397013,327386,17.743256
6402013,327403,17.743256
6407013,327420,17.743256
6412013,327438,18.786976
6417013,327455,17.743256
6422013,327472,17.743256
6427013,327489,17.743256
6432013,327506,17.743256
6437013,327523,17.743256
6442013,327540,17.743256
6447013,327557,17.743256
6452013,327574,17.743256
6457013,327591,17.743256
6462013,327608,17.743256
6467013,327626,18.786976
6472013,327643,17.743256
6477013,327660,17.743256
6482013,327677,17.743256
6487013,327694,17.743256
6492013,327711,17.743256
6497013,327728,17.743256
6502013,327745,17.743256
6507013,327762,17.743256
6512013,327779,17.743256
6517013,327796,17.743256
6522013,327813,17.743256
6527013,327830,17.743256
6532013,327848,18.786976
6537013,327865,17.743256
6542013,327882,17.743256
6547013,327899,17.743256
6552013,327916,17.743256
6557013,327933,17.743256
6562013,327950,17.743256
6567013,327967,17.743256
6572013,327984,17.743256
6577013,328001,17.743256
6582013,328018,17.743256
6587013,328035,17.743256
6592013,328052,17.743256
6597013,328070,18.786976
6602013,328087,17.743256
6607013,328104,17.743256
6612013,328121,17.743256
6617013,328138,17.743256
6622013,328155,17.743256
6627013,328172,17.743256
6632013,328189,17.743256
6637013,328206,17.743256
6642013,328223,17.743256
6647013,328240,17.743256
6652013,328257,17.743256
6657013,328274,17.743256
6662013,328292,18.786976
6667013,328309,17.743256
6672013,328326,17.743256
6677013,328343,17.743256
6682013,328360,17.743256
6687013,328377,17.743256
6692013,328394,17.743256
6697013,328411,17.743256
6702013,328428,17.743256
6707013,328445,17.743256
6712013,328462,17.743256
6717013,328479,17.743256
6722013,328496,17.743256
6727013,328514,18.786976
6732013,328531,17.743256
6737013,328548,17.743256
6742013,328565,17.743256
6747013,328582,17.743256
6752013,328599,17.743256
6757013,328616,17.743256
6762013,328633,17.743256
6767013,328650,17.743256
6772013,328667,17.743256
6777013,328684,17.743256
6782013,328701,17.743256
6787013,328719,18.786976
6792013,328736,17.743256
6797013,328753,17.743256
6802013,328770,17.743256
6807013,328787,17.743256
6812013,328804,17.743256
6817013,328821,17.743256
6822013,328838,17.743256
6827013,328855,17.743256
6832013,328872,17.743256
6837013,328889,17.743256
6842013,328906,17.743256
6847013,328923,17.743256
6852013,328941,18.786976
6857013,328958,17.743256
6862013,328975,17.743256
6867013,328992,17.743256
6872013,329009,17.743256
6877013,329026,17.743256
6882013,329043,17.743256
6887013,329060,17.743256
6892013,329077,17.743256
6897013,329094,17.743256
6902013,329112,18.786976
6907013,329129,17.743256
6912013,329146,17.743256
6917013,329163,17.743256
6922013,329180,17.743256
6927013,329197,17.743256
6932013,329214,17.743256
6937013,329231,17.743256
6942013,329248,17.743256
6947013,329265,17.743256
6952013,329282,17.743256
6957013,329299,17.743256
6962013,329317,18.786976
6967013,329334,17.743256
6972013,329351,17.743256
6977013,329368,17.743256
6982013,329385,17.743256
6987013,329402,17.743256
6992013,329419,17.743256
6997013,329436,17.743256
7002013,329453,17.743256
7007013,329470,17.743256
7012013,329487,17.743256
7017013,329505,18.786976
7022013,329522,17.743256
7027013,329539,17.743256
7032013,329556,17.743256
7037013,329573,17.743256
7042013,329590,17.743256
7047013,329607,17.743256
7052013,329624,17.743256
7057013,329641,17.743256
7062013,329658,17.743256
7067013,329676,18.786976
7072013,329693,17.743256
7077013,329710,17.743256
7082013,329727,17.743256
7087013,329744,17.743256
7092013,329761,17.743256
7097013,329778,17.743256
7102013,329795,17.743256
7107013,329812,17.743256
7112013,329829,17.743256
7117013,329846,17.743256
7122013,329864,18.786976
7127013,329881,17.743256
7132013,329898,17.743256
7137013,329915,17.743256
7142013,329932,17.743256
7147013,329949,17.743256
7152013,329966,17.743256
7157013,329983,17.743256
7162013,330000,17.743256
7167013,330017,17.743256
7172013,330034,17.743256
7177013,330052,18.786976
7182013,330069,17.743256
7187013,330086,17.743256
7192013,330103,17.743256
7197013,330120,17.743256
7202013,330137,17.743256
7207013,330154,17.743256
7212013,330171,17.743256
7217013,330188,17.743256
7222013,330206,18.786976
7227013,330223,17.743256
7232013,330240,17.743256
7237013,330257,17.743256
7242013,330274,17.743256
7247013,330291,17.743256
7252013,330308,17.743256
7257013,330325,17.743256
7262013,330342,17.743256
7267013,330360,18.786976
7272013,330377,17.743256
7277013,330394,17.743256
7282013,330411,17.743256
7287013,330428,17.743256
7292013,330445,17.743256
7297013,330462,17.743256
7302013,330479,17.743256
7307013,330496,17.743256
7312013,330513,17.743256
7317013,330530,17.743256
7322013,330548,18.786976
7327013,330565,17.743256
7332013,330582,17.743256
7337013,330599,17.743256
7342013,330616,17.743256
7347013,330633,17.743256
7352013,330650,17.743256
7357013,330667,17.743256
7362013,330684,17.743256
7367013,330701,17.743256
7372013,330718,17.743256
7377013,330736,18.786976
7382013,330753,17.743256
7387013,330770,17.743256
7392013,330787,17.743256
7397013,330804,17.743256
7402013,330821,17.743256
7407013,330838,17.743256
7412013,330855,17.743256
7417013,330872,17.743256
7422013,330889,17.743256
7427013,330907,18.786976
7432013,330924,17.743256
7437013,330941,17.743256
7442013,330958,17.743256
7447013,330975,17.743256
7452013,330992,17.743256
7457013,331009,17.743256
7462013,331026,17.743256
7467013,331043,17.743256
7472013,331060,17.743256
7477013,331077,17.743256
7482013,331095,18.786976
7487013,331112,17.743256
7492013,331129,17.743256
7497013,331146,17.743256
7502013,331163,17.743256
7507013,331180,17.743256
7512013,331197,17.743256
7517013,331214,17.743256
7522013,331231,17.743256
7527013,331248,17.743256
7532013,331266,18.786976
7537013,331283,17.743256
7542013,331300,17.743256
7547013,331317,17.743256
7552013,331334,17.743256
7557013,331351,17.743256
7562013,331368,17.743256
7567013,331385,17.743256
7572013,331402,17.743256
7577013,331419,17.743256
7582013,331437,18.786976
7587013,331454,17.743256
7592013,331471,17.743256
7597013,331488,17.743256
7602013,331505,17.743256
7607013,331522,17.743256
7612013,331539,17.743256
7617013,331556,17.743256
7622013,331574,18.786976
7627013,331591,17.743256
7632013,331608,17.743256
7637013,331625,17.743256
7642013,331642,17.743256
7647013,331659,17.743256
7652013,331676,17.743256
7657013,331693,17.743256
7662013,331710,17.743256
7667013,331727,17.743256
7672013,331745,18.786976
7677013,331762,17.743256
7682013,331779,17.743256
7687013,331796,17.743256
7692013,331813,17.743256
7697013,331830,17.743256
7702013,331847,17.743256
7707013,331864,17.743256
7712013,331881,17.743256
7717013,331898,17.743256
7722013,331915,17.743256
7727013,331933,18.786976
7732013,331950,17.743256
7737013,331967,17.743256
7742013,331984,17.743256
7747013,332001,17.743256
7752013,332018,17.743256
7757013,332035,17.743256
7762013,332052,17.743256
7767013,332069,17.743256
7772013,332086,17.743256
7777013,332104,18.786976
7782013,332121,17.743256
7787013,332138,17.743256
7792013,332155,17.743256
7797013,332172,17.743256
7802013,332189,17.743256
7807013,332206,17.743256
7812013,332223,17.743256
7817013,332240,17.743256
7822013,332257,17.743256
7827013,332274,17.743256
7832013,332292,18.786976
7837013,332309,17.743256
7842013,332326,17.743256
7847013,332343,17.743256
7852013,332360,17.743256
7857013,332377,17.743256
7862013,332394,17.743256
7867013,332411,17.743256
7872013,332428,17.743256
7877013,332445,17.743256
7882013,332462,17.743256
7887013,332480,18.786976
7892013,332497,17.743256
7897013,332514,17.743256
7902013,332531,17.743256
7907013,332548,17.743256
7912013,332565,17.743256
7917013,332582,17.743256
7922013,332599,17.743256
7927013,332616,17.743256
7932013,332633,17.743256
7937013,332650,17.743256
7942013,332667,17.743256
7947013,332685,18.786976
7952013,332702,17.743256
7957013,332719,17.743256
7962013,332736,17.743256
7967013,332753,17.743256
7972013,332770,17.743256
7977013,332787,17.743256
7982013,332804,17.743256
7987013,332821,17.743256
7992013,332838,17.743256
7997013,332855,17.743256
8002013,332872,17.743256
8007013,332890,18.786976
8012013,332907,17.743256
8017013,332924,17.743256
8022013,332941,17.743256
8027013,332958,17.743256
8032013,332975,17.743256
8037013,332992,17.743256
8042013,333009,17.743256
8047013,333026,17.743256
8052013,333043,17.743256
8057013,333060,17.743256
8062013,333077,17.743256
8067013,333095,18.786976
8072013,333112,17.743256
8077013,333129,17.743256
8082013,333146,17.743256
8087013,333163,17.743256
8092013,333180,17.743256
8097013,333197,17.743256
8102013,333214,17.743256
8107013,333231,17.743256
8112013,333248,17.743256
8117013,333266,18.786976
8122013,333283,17.743256
8127013,333300,17.743256
8132013,333317,17.743256
8137013,333334,17.743256
8142013,333351,17.743256
8147013,333368,17.743256
8152013,333385,17.743256
8157013,333402,17.743256
8162013,333419,17.743256
8167013,333436,17.743256
8172013,333453,17.743256
8177013,333471,18.786976
8182013,333488,17.743256
8187013,333505,17.743256
8192013,333522,17.743256
8197013,333539,17.743256
8202013,333556,17.743256
8207013,333573,17.743256
8212013,333590,17.743256
8217013,333607,17.743256
8222013,333624,17.743256
8227013,333641,17.743256
8232013,333659,18.786976
8237013,333676,17.743256
8242013,333693,17.743256
8247013,333710,17.743256
8252013,333727,17.743256
8257013,333744,17.743256
8262013,333761,17.743256
8267013,333778,17.743256
8272013,333795,17.743256
8277013,333812,17.743256
8282013,333830,18.786976
8287013,333847,17.743256
8292013,333864,17.743256
8297013,333881,17.743256
8302013,333898,17.743256
8307013,333915,17.743256
8312013,333932,17.743256
8317013,333949,17.743256
8322013,333966,17.743256
8327013,333983,17.743256
8332013,334001,18.786976
8337013,334018,17.743256
8342013,334035,17.743256
8347013,334052,17.743256
8352013,334069,17.743256
8357013,334086,17.743256
8362013,334103,17.743256
8367013,334120,17.743256
8372013,334137,17.743256
8377013,334154,17.743256
8382013,334171,17.743256
8387013,334189,18.786976
8392013,334206,17.743256
8397013,334223,17.743256
8402013,334240,17.743256
8407013,334257,17.743256
8412013,334274,17.743256
8417013,334291,17.743256
8422013,334308,17.743256
8427013,334325,17.743256
8432013,334343,18.786976
8437013,334360,17.743256
8442013,334377,17.743256
8447013,334394,17.743256
8452013,334411,17.743256
8457013,334428,17.743256
8462013,334445,17.743256
8467013,334462,17.743256
8472013,334479,17.743256
8477013,334497,18.786976
8482013,334514,17.743256
8487013,334531,17.743256
8492013,334548,17.743256
8497013,334565,17.743256
8502013,334582,17.743256
8507013,334599,17.743256
8512013,334616,17.743256
8517013,334634,18.786976
8522013,334651,17.743256
8527013,334668,17.743256
8532013,334685,17.743256
8537013,334702,17.743256
8542013,334719,17.743256
8547013,334736,17.743256
8552013,334753,17.743256
8557013,334770,17.743256
8562013,334788,18.786976
8567013,334805,17.743256
8572013,334822,17.743256
8577013,334839,17.743256
8582013,334856,17.743256
8587013,334873,17.743256
8592013,334890,17.743256
8597013,334907,17.743256
8602013,334924,17.743256
8607013,334942,18.786976
8612013,334959,17.743256
8617013,334976,17.743256
8622013,334993,17.743256
8627013,335010,17.743256
8632013,335027,17.743256
8637013,335044,17.743256
8642013,335061,17.743256
8647013,335078,17.743256
8652013,335096,18.786976
8657013,335113,17.743256
8662013,335130,17.743256
8667013,335147,17.743256
8672013,335164,17.743256
8677013,335181,17.743256
8682013,335198,17.743256
8687013,335215,17.743256
8692013,335232,17.743256
8697013,335249,17.743256
8702013,335267,18.786976
8707013,335284,17.743256
8712013,335301,17.743256
8717013,335318,17.743256
8722013,335335,17.743256
8727013,335352,17.743256
8732013,335369,17.743256
8737013,335386,17.743256
8742013,335403,17.743256
8747013,335421,18.786976
8752013,335438,17.743256
8757013,335455,17.743256
8762013,335472,17.743256
8767013,335489,17.743256
8772013,335506,17.743256
8777013,335523,17.743256
8782013,335540,17.743256
8787013,335558,18.786976
8792013,335575,17.743256
8797013,335592,17.743256
8802013,335609,17.743256
8807013,335626,17.743256
8812013,335643,17.743256
8817013,335660,17.743256
8822013,335677,17.743256
8827013,335694,17.743256
8832013,335712,18.786976
8837013,335729,17.743256
8842013,335746,17.743256
8847013,335763,17.743256
8852013,335780,17.743256
8857013,335797,17.743256
8862013,335814,17.743256
8867013,335831,17.743256
8872013,335848,17.743256
8877013,335865,17.743256
8882013,335883,18.786976
8887013,335900,17.743256
8892013,335917,17.743256
8897013,335934,17.743256
8902013,335951,17.743256
8907013,335968,17.743256
8912013,335985,17.743256
8917013,336002,17.743256
8922013,336019,17.743256
8927013,336036,17.743256
8932013,336054,18.786976
8937013,336071,17.743256
8942013,336088,17.743256
8947013,336105,17.743256
8952013,336122,17.743256
8957013,336139,17.743256
8962013,336156,17.743256
8967013,336173,17.743256
8972013,336190,17.743256
8977013,336208,18.786976
8982013,336225,17.743256
8987013,336242,17.743256
8992013,336259,17.743256
8997013,336276,17.743256
9002013,336293,17.743256
9007013,336310,17.743256
9012013,336327,17.743256
9017013,336344,17.743256
9022013,336362,18.786976
9027013,336379,17.743256
9032013,336396,17.743256
9037013,336413,17.743256
9042013,336430,17.743256
9047013,336447,17.743256
9052013,336464,17.743256
9057013,336481,17.743256
9062013,336498,17.743256
9067013,336516,18.786976
9072013,336533,17.743256
9077013,336550,17.743256
9082013,336567,17.743256
9087013,336584,17.743256
9092013,336601,17.743256
9097013,336618,17.743256
9102013,336635,17.743256
9107013,336652,17.743256
9112013,336669,17.743256
9117013,336687,18.786976
9122013,336704,17.743256
9127013,336721,17.743256
9132013,336738,17.743256
9137013,336755,17.743256
9142013,336772,17.743256
9147013,336789,17.743256
9152013,336806,17.743256
9157013,336824,18.786976
9162013,336841,17.743256
9167013,336858,17.743256
9172013,336875,17.743256
9177013,336892,17.743256
9182013,336909,17.743256
9187013,336926,17.743256
9192013,336943,17.743256
9197013,336960,17.743256
9202013,336978,18.786976
9207013,336995,17.743256
9212013,337012,17.743256
9217013,337029,17.743256
9222013,337046,17.743256
9227013,337063,17.743256
9232013,337080,17.743256
9237013,337097,17.743256
9242013,337114,17.743256
9247013,337131,17.743256
9252013,337149,18.786976
9257013,337166,17.743256
9262013,337183,17.743256
9267013,337200,17.743256
9272013,337217,17.743256
9277013,337234,17.743256
9282013,337251,17.743256
9287013,337269,18.786976
9292013,337286,17.743256
9297013,337303,17.743256
9302013,337320,17.743256
9307013,337337,17.743256
9312013,337354,17.743256
9317013,337371,17.743256
9322013,337388,17.743256
9327013,337406,18.786976
9332013,337423,17.743256
9337013,337440,17.743256
9342013,337457,17.743256
9347013,337474,17.743256
9352013,337491,17.743256
9357013,337508,17.743256
9362013,337525,17.743256
9367013,337543,18.786976
9372013,337560,17.743256
9377013,337577,17.743256
9382013,337594,17.743256
9387013,337611,17.743256
9392013,337628,17.743256
9397013,337645,17.743256
9402013,337662,17.743256
9407013,337680,18.786976
9412013,337697,17.743256
9417013,337714,17.743256
9422013,337731,17.743256
9427013,337748,17.743256
9432013,337765,17.743256
9437013,337782,17.743256
9442013,337799,17.743256
9447013,337817,18.786976
9452013,337834,17.743256
9457013,337851,17.743256
9462013,337868,17.743256
9467013,337885,17.743256
9472013,337902,17.743256
9477013,337919,17.743256
9482013,337936,17.743256
9487013,337954,18.786976
9492013,337971,17.743256
9497013,337988,17.743256
9502013,338005,17.743256
9507013,338022,17.743256
9512013,338039,17.743256
9517013,338056,17.743256
9522013,338074,18.786976
9527013,338091,17.743256
9532013,338108,17.743256
9537013,338125,17.743256
9542013,338142,17.743256
9547013,338159,17.743256
9552013,338177,18.786976
9557013,338194,17.743256
9562013,338211,17.743256
9567013,338228,17.743256
9572013,338245,17.743256
9577013,338262,17.743256
9582013,338279,17.743256
9587013,338297,18.786976
9592013,338314,17.743256
9597013,338331,17.743256
9602013,338348,17.743256
9607013,338365,17.743256
9612013,338382,17.743256
9617013,338400,18.786976
9622013,338417,17.743256
9627013,338434,17.743256
9632013,338451,17.743256
9637013,338468,17.743256
9642013,338485,17.743256
9647013,338503,18.786976
9652013,338520,17.743256
9657013,338537,17.743256
9662013,338554,17.743256
9667013,338571,17.743256
9672013,338588,17.743256
9677013,338606,18.786976
9682013,338623,17.743256
9687013,338640,17.743256
9692013,338657,17.743256
9697013,338674,17.743256
9702013,338691,17.743256
9707013,338709,18.786976
9712013,338726,17.743256
9717013,338743,17.743256
9722013,338760,17.743256
9727013,338777,17.743256
9732013,338794,17.743256
9737013,338812,18.786976
9742013,338829,17.743256
9747013,338846,17.743256
9752013,338863,17.743256
9757013,338880,17.743256
9762013,338898,18.786976
9767013,338915,17.743256
9772013,338932,17.743256
9777013,338949,17.743256
9782013,338966,17.743256
9787013,338983,17.743256
9792013,339000,17.743256
9797013,339018,18.786976
9802013,339035,17.743256
9807013,339052,17.743256
9812013,339069,17.743256
9817013,339086,17.743256
9822013,339103,17.743256
9827013,339120,17.743256
9832013,339138,18.786976
9837013,339155,17.743256
9842013,339172,17.743256
9847013,339189,17.743256
9852013,339206,17.743256
9857013,339223,17.743256
9862013,339240,17.743256
9867013,339258,18.786976
9872013,339275,17.743256
9877013,339292,17.743256
9882013,339309,17.743256
9887013,339326,17.743256
9892013,339343,17.743256
9897013,339360,17.743256
9902013,339378,18.786976
9907013,339395,17.743256
9912013,339412,17.743256
9917013,339429,17.743256
9922013,339446,17.743256
9927013,339463,17.743256
9932013,339480,17.743256
9937013,339497,17.743256
9942013,339515,18.786976
9947013,339532,17.743256
9952013,339549,17.743256
9957013,339566,17.743256
9962013,339583,17.743256
9967013,339600,17.743256
9972013,339617,17.743256
9977013,339635,18.786976
9982013,339652,17.743256
9987013,339669,17.743256
9992013,339686,17.743256
9997013,339703,17.743256
10002013,339720,17.743256
10007013,339737,17.743256
10012013,339754,17.743256
10017013,339772,18.786976
10022013,339789,17.743256
10027013,339806,17.743256
10032013,339823,17.743256
10037013,339840,17.743256
10042013,339857,17.743256
10047013,339874,17.743256
10052013,339891,17.743256
10057013,339909,18.786976
10062013,339926,17.743256
10067013,339943,17.743256
10072013,339960,17.743256
10077013,339977,17.743256
10082013,339994,17.743256
10087013,340011,17.743256
10092013,340029,18.786976
10097013,340046,17.743256
10102013,340063,17.743256
10107013,340080,17.743256
10112013,340097,17.743256
10117013,340114,17.743256
10122013,340132,18.786976
10127013,340149,17.743256
10132013,340166,17.743256
10137013,340183,17.743256
10142013,340200,17.743256
10147013,340217,17.743256
10152013,340235,18.786976
10157013,340252,17.743256
10162013,340269,17.743256
10167013,340286,17.743256
10172013,340303,17.743256
10177013,340320,17.743256
10182013,340337,17.743256
10187013,340355,18.786976
10192013,340372,17.743256
10197013,340389,17.743256
10202013,340406,17.743256
10207013,340423,17.743256
10212013,340440,17.743256
10217013,340458,18.786976
10222013,340475,17.743256
10227013,340492,17.743256
10232013,340509,17.743256
10237013,340526,17.743256
10242013,340543,17.743256
10247013,340560,17.743256
10252013,340578,18.786976
10257013,340595,17.743256
10262013,340612,17.743256
10267013,340629,17.743256
10272013,340646,17.743256
10277013,340663,17.743256
10282013,340680,17.743256
10287013,340697,17.743256
10292013,340715,18.786976
10297013,340732,17.743256
10302013,340749,17.743256
10307013,340766,17.743256
10312013,340783,17.743256
