
Time_us,Position,Speed_rad_per_s
1312008,262223,0.000000
1317009,262223,0.000000
1322009,262225,2.087442
1327009,262228,3.131163
1332009,262232,4.174884
1337009,262237,5.218605
1342009,262243,6.262325
1347009,262250,7.306046
1352009,262258,8.349768
1357009,262267,9.393488
1362009,262277,10.437209
1367009,262287,10.437209
1372009,262298,11.480930
1377009,262309,11.480930
1382009,262321,12.524651
1387009,262334,13.568372
1392009,262347,13.568372
1397009,262361,14.612093
1402009,262376,15.655814
1407009,262391,15.655814
1412009,262406,15.655814
1417009,262422,16.699535
1422009,262438,16.699535
1427009,262454,16.699535
1432009,262471,17.743256
1437009,262488,17.743256
1442009,262506,18.786976
1447009,262523,17.743256
1452009,262541,18.786976
1457009,262560,19.830698
1462009,262578,18.786976
1467009,262597,19.830698
1472009,262616,19.830698
1477009,262636,20.874418
1482009,262655,19.830698
1487009,262675,20.874418
1492009,262695,20.874418
1497009,262715,20.874418
1502009,262736,21.918139
1507009,262756,20.874418
1512009,262777,21.918139
1517009,262798,21.918139
1522009,262819,21.918139
1527009,262840,21.918139
1532009,262861,21.918139
1537009,262883,22.961861
1542009,262904,21.918139
1547009,262926,22.961861
1552009,262947,21.918139
1557009,262969,22.961861
1562009,262991,22.961861
1567009,263013,22.961861
1572009,263035,22.961861
1577009,263058,24.005581
1582009,263080,22.961861
1587009,263102,22.961861
1592009,263125,24.005581
1597009,263147,22.961861
1602009,263169,22.961861
1607009,263191,22.961861
1612009,263213,22.961861
1617009,263235,22.961861
1622009,263258,24.005581
1627009,263280,22.961861
1632009,263302,22.961861
1637009,263324,22.961861
1642009,263346,22.961861
1647009,263368,22.961861
1652009,263390,22.961861
1657009,263412,22.961861
1662009,263434,22.961861
1667009,263456,22.961861
1672009,263478,22.961861
1677009,263500,22.961861
1682009,263522,22.961861
1687009,263545,24.005581
1692009,263567,22.961861
1697009,263589,22.961861
1702009,263611,22.961861
1707009,263633,22.961861
1712009,263655,22.961861
1717009,263677,22.961861
1722009,263700,24.005581
1727009,263722,22.961861
1732009,263744,22.961861
1737009,263766,22.961861
1742009,263788,22.961861
1747009,263810,22.961861
1752009,263832,22.961861
1757009,263854,22.961861
1762009,263876,22.961861
1767009,263898,22.961861
1772009,263921,24.005581
1777009,263943,22.961861
1782009,263965,22.961861
1787009,263987,22.961861
1792009,264009,22.961861
1797009,264031,22.961861
1802009,264053,22.961861
1807009,264075,22.961861
1812009,264097,22.961861
1817009,264119,22.961861
1822009,264142,24.005581
1827009,264164,22.961861
1832009,264186,22.961861
1837009,264208,22.961861
1842009,264230,22.961861
1847009,264252,22.961861
1852009,264274,22.961861
1857009,264296,22.961861
1862009,264318,22.961861
1867009,264340,22.961861
1872009,264363,24.005581
1877009,264385,22.961861
1882009,264407,22.961861
1887009,264429,22.961861
1892009,264451,22.961861
1897009,264473,22.961861
1902009,264495,22.961861
1907009,264517,22.961861
1912009,264539,22.961861
1917009,264561,22.961861
1922009,264584,24.005581
1927009,264606,22.961861
1932009,264628,22.961861
1937009,264650,22.961861
1942009,264672,22.961861
1947009,264694,22.961861
1952009,264716,22.961861
1957009,264738,22.961861
1962009,264760,22.961861
1967009,264782,22.961861
1972009,264805,24.005581
1977009,264827,22.961861
1982009,264849,22.961861
1987009,264871,22.961861
1992009,264893,22.961861
1997009,264915,22.961861
2002009,264937,22.961861
2007009,264959,22.961861
2012009,264982,24.005581
2017009,265004,22.961861
2022009,265026,22.961861
2027009,265048,22.961861
2032009,265070,22.961861
2037009,265092,22.961861
2042009,265114,22.961861
2047009,265136,22.961861
2052009,265158,22.961861
2057009,265180,22.961861
2062009,265203,24.005581
2067009,265225,22.961861
2072009,265247,22.961861
2077009,265269,22.961861
2082009,265291,22.961861
2087009,265313,22.961861
2092009,265335,22.961861
2097009,265358,24.005581
2102009,265380,22.961861
2107009,265402,22.961861
2112009,265424,22.961861
2117009,265446,22.961861
2122009,265468,22.961861
2127009,265490,22.961861
2132009,265512,22.961861
2137009,265535,24.005581
2142009,265557,22.961861
2147009,265579,22.961861
2152009,265601,22.961861
2157009,265623,22.961861
2162009,265645,22.961861
2167009,265667,22.961861
2172009,265689,22.961861
2177009,265711,22.961861
2182009,265733,22.961861
2187009,265755,22.961861
2192009,265778,24.005581
2197009,265800,22.961861
2202009,265822,22.961861
2207009,265844,22.961861
2212009,265866,22.961861
2217009,265889,24.005581
2222009,265911,22.961861
2227009,265933,22.961861
2232009,265955,22.961861
2237009,265977,22.961861
2242009,265999,22.961861
2247009,266021,22.961861
2252009,266043,22.961861
2257009,266066,24.005581
2262009,266088,22.961861
2267009,266110,22.961861
2272009,266132,22.961861
2277009,266154,22.961861
2282009,266176,22.961861
2287009,266198,22.961861
2292009,266221,24.005581
2297009,266243,22.961861
2302009,266265,22.961861
2307009,266287,22.961861
2312009,266309,22.961861
2317009,266331,22.961861
2322009,266353,22.961861
2327009,266375,22.961861
2332009,266397,22.961861
2337009,266419,22.961861
2342009,266441,22.961861
2347009,266464,24.005581
2352009,266486,22.961861
2357009,266508,22.961861
2362009,266530,22.961861
2367009,266553,24.005581
2372009,266575,22.961861
2377009,266597,22.961861
2382009,266619,22.961861
2387009,266641,22.961861
2392009,266663,22.961861
2397009,266685,22.961861
2402009,266707,22.961861
2407009,266729,22.961861
2412009,266751,22.961861
2417009,266773,22.961861
2422009,266796,24.005581
2427009,266818,22.961861
2432009,266840,22.961861
2437009,266862,22.961861
2442009,266884,22.961861
2447009,266906,22.961861
2452009,266929,24.005581
2457009,266951,22.961861
2462009,266973,22.961861
2467009,266995,22.961861
2472009,267017,22.961861
2477009,267039,22.961861
2482009,267061,22.961861
2487009,267083,22.961861
2492009,267105,22.961861
2497009,267127,22.961861
2502009,267149,22.961861
2507009,267171,22.961861
2512009,267193,22.961861
2517009,267215,22.961861
2522009,267237,22.961861
2527009,267259,22.961861
2532009,267281,22.961861
2537009,267304,24.005581
2542009,267326,22.961861
2547009,267348,22.961861
2552009,267370,22.961861
2557009,267392,22.961861
2562009,267415,24.005581
2567009,267437,22.961861
2572009,267459,22.961861
2577009,267481,22.961861
2582009,267503,22.961861
2587009,267525,22.961861
2592009,267547,22.961861
2597009,267569,22.961861
2602009,267591,22.961861
2607009,267614,24.005581
2612009,267636,22.961861
2617009,267658,22.961861
2622009,267680,22.961861
2627009,267702,22.961861
2632009,267724,22.961861
2637009,267747,24.005581
2642009,267769,22.961861
2647009,267791,22.961861
2652009,267813,22.961861
2657009,267835,22.961861
2662009,267857,22.961861
2667009,267879,22.961861
2672009,267901,22.961861
2677009,267923,22.961861
2682009,267945,22.961861
2687009,267967,22.961861
2692009,267989,22.961861
2697009,268012,24.005581
2702009,268034,22.961861
2707009,268056,22.961861
2712009,268078,22.961861
2717009,268100,22.961861
2722009,268123,24.005581
2727009,268145,22.961861
2732009,268167,22.961861
2737009,268189,22.961861
2742009,268211,22.961861
2747009,268233,22.961861
2752009,268255,22.961861
2757009,268277,22.961861
2762009,268299,22.961861
2767009,268321,22.961861
2772009,268344,24.005581
2777009,268366,22.961861
2782009,268388,22.961861
2787009,268410,22.961861
2792009,268433,24.005581
2797009,268455,22.961861
2802009,268477,22.961861
2807009,268499,22.961861
2812009,268521,22.961861
2817009,268544,24.005581
2822009,268566,22.961861
2827009,268588,22.961861
2832009,268610,22.961861
2837009,268632,22.961861
2842009,268654,22.961861
2847009,268676,22.961861
2852009,268699,24.005581
2857009,268721,22.961861
2862009,268743,22.961861
2867009,268765,22.961861
2872009,268787,22.961861
2877009,268810,24.005581
2882009,268832,22.961861
2887009,268854,22.961861
2892009,268876,22.961861
2897009,268898,22.961861
2902009,268920,22.961861
2907009,268943,24.005581
2912009,268965,22.961861
2917009,268987,22.961861
2922009,269009,22.961861
2927009,269031,22.961861
2932009,269053,22.961861
2937009,269075,22.961861
2942009,269098,24.005581
2947009,269120,22.961861
2952009,269142,22.961861
2957009,269164,22.961861
2962009,269187,24.005581
2967009,269209,22.961861
2972009,269231,22.961861
2977009,269253,22.961861
2982009,269275,22.961861
2987009,269298,24.005581
2992009,269320,22.961861
2997009,269342,22.961861
3002009,269364,22.961861
3007009,269387,24.005581
3012009,269409,22.961861
3017009,269431,22.961861
3022009,269453,22.961861
3027009,269475,22.961861
3032009,269498,24.005581
3037009,269520,22.961861
3042009,269542,22.961861
3047009,269564,22.961861
3052009,269586,22.961861
3057009,269609,24.005581
3062009,269631,22.961861
3067009,269653,22.961861
3072009,269675,22.961861
3077009,269697,22.961861
3082009,269720,24.005581
3087009,269742,22.961861
3092009,269764,22.961861
3097009,269786,22.961861
3102009,269808,22.961861
3107009,269831,24.005581
3112009,269853,22.961861
3117009,269875,22.961861
3122009,269898,24.005581
3127009,269920,22.961861
3132009,269942,22.961861
3137009,269964,22.961861
3142009,269986,22.961861
3147009,270008,22.961861
3152009,270030,22.961861
3157009,270053,24.005581
3162009,270075,22.961861
3167009,270097,22.961861
3172009,270120,24.005581
3177009,270142,22.961861
3182009,270164,22.961861
3187009,270186,22.961861
3192009,270209,24.005581
3197009,270231,22.961861
3202009,270253,22.961861
3207009,270275,22.961861
3212009,270297,22.961861
3217009,270319,22.961861
3222009,270342,24.005581
3227009,270364,22.961861
3232009,270386,22.961861
3237009,270408,22.961861
3242009,270430,22.961861
3247009,270452,22.961861
3252009,270475,24.005581
3257009,270497,22.961861
3262009,270519,22.961861
3267009,270541,22.961861
3272009,270564,24.005581
3277009,270586,22.961861
3282009,270608,22.961861
3287009,270630,22.961861
3292009,270652,22.961861
3297009,270674,22.961861
3302009,270697,24.005581
3307009,270719,22.961861
3312009,270741,22.961861
3317009,270764,24.005581
3322009,270786,22.961861
3327009,270808,22.961861
3332009,270830,22.961861
3337009,270852,22.961861
3342009,270875,24.005581
3347009,270897,22.961861
3352009,270919,22.961861
3357009,270941,22.961861
3362009,270963,22.961861
3367009,270986,24.005581
3372009,271008,22.961861
3377009,271030,22.961861
3382009,271053,24.005581
3387009,271075,22.961861
3392009,271097,22.961861
3397009,271119,22.961861
3402009,271141,22.961861
3407009,271164,24.005581
3412009,271186,22.961861
3417009,271208,22.961861
3422009,271230,22.961861
3427009,271252,22.961861
3432009,271275,24.005581
3437009,271297,22.961861
3442009,271319,22.961861
3447009,271341,22.961861
3452009,271364,24.005581
3457009,271386,22.961861
3462009,271408,22.961861
3467009,271430,22.961861
3472009,271452,22.961861
3477009,271475,24.005581
3482009,271497,22.961861
3487009,271519,22.961861
3492009,271541,22.961861
3497009,271563,22.961861
3502009,271586,24.005581
3507009,271608,22.961861
3512009,271630,22.961861
3517009,271653,24.005581
3522009,271675,22.961861
3527009,271697,22.961861
3532009,271719,22.961861
3537009,271742,24.005581
3542009,271764,22.961861
3547009,271786,22.961861
3552009,271808,22.961861
3557009,271830,22.961861
3562009,271852,22.961861
3567009,271874,22.961861
3572009,271897,24.005581
3577009,271919,22.961861
3582009,271941,22.961861
3587009,271964,24.005581
3592009,271986,22.961861
3597009,272008,22.961861
3602009,272030,22.961861
3607009,272053,24.005581
3612009,272075,22.961861
3617009,272097,22.961861
3622009,272119,22.961861
3627009,272141,22.961861
3632009,272164,24.005581
3637009,272186,22.961861
3642009,272208,22.961861
3647009,272230,22.961861
3652009,272253,24.005581
3657009,272275,22.961861
3662009,272297,22.961861
3667009,272319,22.961861
3672009,272341,22.961861
3677009,272363,22.961861
3682009,272386,24.005581
3687009,272408,22.961861
3692009,272430,22.961861
3697009,272452,22.961861
3702009,272474,22.961861
3707009,272497,24.005581
3712009,272519,22.961861
3717009,272541,22.961861
3722009,272563,22.961861
3727009,272585,22.961861
3732009,272608,24.005581
3737009,272630,22.961861
3742009,272652,22.961861
3747009,272674,22.961861
3752009,272696,22.961861
3757009,272718,22.961861
3762009,272741,24.005581
3767009,272763,22.961861
3772009,272785,22.961861
3777009,272807,22.961861
3782009,272830,24.005581
3787009,272852,22.961861
3792009,272874,22.961861
3797009,272897,24.005581
3802009,272919,22.961861
3807009,272941,22.961861
3812009,272963,22.961861
3817009,272985,22.961861
3822009,273007,22.961861
3827009,273030,24.005581
3832009,273052,22.961861
3837009,273074,22.961861
3842009,273096,22.961861
3847009,273119,24.005581
3852009,273141,22.961861
3857009,273163,22.961861
3862009,273185,22.961861
3867009,273208,24.005581
3872009,273230,22.961861
3877009,273252,22.961861
3882009,273274,22.961861
3887009,273296,22.961861
3892009,273319,24.005581
3897009,273341,22.961861
3902009,273363,22.961861
3907009,273385,22.961861
3912009,273407,22.961861
3917009,273430,24.005581
3922009,273452,22.961861
3927009,273474,22.961861
3932009,273496,22.961861
3937009,273519,24.005581
3942009,273541,22.961861
3947009,273563,22.961861
3952009,273585,22.961861
3957009,273608,24.005581
3962009,273630,22.961861
3967009,273652,22.961861
3972009,273674,22.961861
3977009,273696,22.961861
3982009,273718,22.961861
3987009,273741,24.005581
3992009,273763,22.961861
3997009,273785,22.961861
4002009,273807,22.961861
4007009,273830,24.005581
4012009,273852,22.961861
4017009,273874,22.961861
4022009,273896,22.961861
4027009,273918,22.961861
4032009,273941,24.005581
4037009,273963,22.961861
4042009,273985,22.961861
4047009,274007,22.961861
4052009,274029,22.961861
4057009,274051,22.961861
4062009,274074,24.005581
4067009,274096,22.961861
4072009,274118,22.961861
4077009,274140,22.961861
4082009,274163,24.005581
4087009,274185,22.961861
4092009,274207,22.961861
4097009,274229,22.961861
4102009,274251,22.961861
4107009,274274,24.005581
4112009,274296,22.961861
4117009,274318,22.961861
4122009,274340,22.961861
4127009,274362,22.961861
4132009,274385,24.005581
4137009,274407,22.961861
4142009,274429,22.961861
4147009,274451,22.961861
4152009,274473,22.961861
4157009,274496,24.005581
4162009,274518,22.961861
4167009,274540,22.961861
4172009,274562,22.961861
4177009,274584,22.961861
4182009,274606,22.961861
4187009,274628,22.961861
4192009,274651,24.005581
4197009,274673,22.961861
4202009,274695,22.961861
4207009,274718,24.005581
4212009,274740,22.961861
4217009,274762,22.961861
4222009,274784,22.961861
4227009,274806,22.961861
4232009,274828,22.961861
4237009,274850,22.961861
4242009,274872,22.961861
4247009,274895,24.005581
4252009,274917,22.961861
4257009,274939,22.961861
4262009,274961,22.961861
4267009,274984,24.005581
4272009,275006,22.961861
4277009,275028,22.961861
4282009,275050,22.961861
4287009,275072,22.961861
4292009,275094,22.961861
4297009,275116,22.961861
4302009,275139,24.005581
4307009,275161,22.961861
4312009,275183,22.961861
4317009,275205,22.961861
4322009,275228,24.005581
4327009,275250,22.961861
4332009,275272,22.961861
4337009,275294,22.961861
4342009,275316,22.961861
4347009,275338,22.961861
4352009,275360,22.961861
4357009,275383,24.005581
4362009,275405,22.961861
4367009,275427,22.961861
4372009,275449,22.961861
4377009,275472,24.005581
4382009,275494,22.961861
4387009,275516,22.961861
4392009,275538,22.961861
4397009,275560,22.961861
4402009,275582,22.961861
4407009,275604,22.961861
4412009,275627,24.005581
4417009,275649,22.961861
4422009,275671,22.961861
4427009,275693,22.961861
4432009,275716,24.005581
4437009,275738,22.961861
4442009,275760,22.961861
4447009,275782,22.961861
4452009,275804,22.961861
4457009,275826,22.961861
4462009,275849,24.005581
4467009,275871,22.961861
4472009,275893,22.961861
4477009,275915,22.961861
4482009,275938,24.005581
4487009,275960,22.961861
4492009,275982,22.961861
4497009,276004,22.961861
4502009,276026,22.961861
4507009,276049,24.005581
4512009,276071,22.961861
4517009,276093,22.961861
4522009,276115,22.961861
4527009,276137,22.961861
4532009,276160,24.005581
4537009,276182,22.961861
4542009,276204,22.961861
4547009,276226,22.961861
4552009,276249,24.005581
4557009,276271,22.961861
4562009,276293,22.961861
4567009,276315,22.961861
4572009,276337,22.961861
4577009,276359,22.961861
4582009,276382,24.005581
4587009,276404,22.961861
4592009,276426,22.961861
4597009,276448,22.961861
4602009,276471,24.005581
4607009,276493,22.961861
4612009,276515,22.961861
4617009,276537,22.961861
4622009,276559,22.961861
4627009,276581,22.961861
4632009,276604,24.005581
4637009,276626,22.961861
4642009,276648,22.961861
4647009,276670,22.961861
4652009,276693,24.005581
4657009,276715,22.961861
4662009,276737,22.961861
4667009,276759,22.961861
4672009,276781,22.961861
4677009,276804,24.005581
4682009,276826,22.961861
4687009,276848,22.961861
4692009,276870,22.961861
4697009,276893,24.005581
4702009,276915,22.961861
4707009,276937,22.961861
4712009,276959,22.961861
4717009,276981,22.961861
4722009,277003,22.961861
4727009,277026,24.005581
4732009,277048,22.961861
4737009,277070,22.961861
4742009,277092,22.961861
4747009,277115,24.005581
4752009,277137,22.961861
4757009,277159,22.961861
4762009,277181,22.961861
4767009,277203,22.961861
4772009,277225,22.961861
4777009,277248,24.005581
4782009,277270,22.961861
4787009,277292,22.961861
4792009,277314,22.961861
4797009,277337,24.005581
4802009,277359,22.961861
4807009,277381,22.961861
4812009,277403,22.961861
4817009,277425,22.961861
4822009,277448,24.005581
4827009,277470,22.961861
4832009,277492,22.961861
4837009,277514,22.961861
4842009,277537,24.005581
4847009,277559,22.961861
4852009,277581,22.961861
4857009,277603,22.961861
4862009,277626,24.005581
4867009,277648,22.961861
4872009,277670,22.961861
4877009,277692,22.961861
4882009,277714,22.961861
4887009,277736,22.961861
4892009,277759,24.005581
4897009,277781,22.961861
4902009,277803,22.961861
4907009,277825,22.961861
4912009,277848,24.005581
4917009,277870,22.961861
4922009,277892,22.961861
4927009,277914,22.961861
4932009,277936,22.961861
4937009,277959,24.005581
4942009,277981,22.961861
4947009,278003,22.961861
4952009,278025,22.961861
4957009,278047,22.961861
4962009,278069,22.961861
4967009,278091,22.961861
4972009,278114,24.005581
4977009,278136,22.961861
4982009,278158,22.961861
4987009,278180,22.961861
4992009,278203,24.005581
4997009,278225,22.961861
5002009,278247,22.961861
5007009,278269,22.961861
5012009,278291,22.961861
5017009,278313,22.961861
5022009,278336,24.005581
5027009,278358,22.961861
5032009,278380,22.961861
5037009,278402,22.961861
5042009,278425,24.005581
5047009,278447,22.961861
5052009,278469,22.961861
5057009,278491,22.961861
5062009,278513,22.961861
5067009,278535,22.961861
5072009,278557,22.961861
5077009,278580,24.005581
5082009,278602,22.961861
5087009,278624,22.961861
5092009,278646,22.961861
5097009,278669,24.005581
5102009,278691,22.961861
5107009,278713,22.961861
5112009,278735,22.961861
5117009,278757,22.961861
5122009,278779,22.961861
5127009,278802,24.005581
5132009,278824,22.961861
5137009,278846,22.961861
5142009,278868,22.961861
5147009,278890,22.961861
5152009,278913,24.005581
5157009,278935,22.961861
5162009,278957,22.961861
5167009,278979,22.961861
5172009,279002,24.005581
5177009,279024,22.961861
5182009,279046,22.961861
5187009,279068,22.961861
5192009,279090,22.961861
5197009,279112,22.961861
5202009,279134,22.961861
5207009,279157,24.005581
5212009,279179,22.961861
5217009,279201,22.961861
5222009,279223,22.961861
5227009,279246,24.005581
5232009,279268,22.961861
5237009,279290,22.961861
5242009,279312,22.961861
5247009,279334,22.961861
5252009,279356,22.961861
5257009,279378,22.961861
5262009,279401,24.005581
5267009,279423,22.961861
5272009,279445,22.961861
5277009,279467,22.961861
5282009,279489,22.961861
5287009,279512,24.005581
5292009,279534,22.961861
5297009,279556,22.961861
5302009,279578,22.961861
5307009,279600,22.961861
5312009,279623,24.005581
5317009,279645,22.961861
5322009,279667,22.961861
5327009,279689,22.961861
5332009,279711,22.961861
5337009,279733,22.961861
5342009,279755,22.961861
5347009,279778,24.005581
5352009,279800,22.961861
5357009,279822,22.961861
5362009,279845,24.005581
5367009,279867,22.961861
5372009,279889,22.961861
5377009,279911,22.961861
5382009,279933,22.961861
5387009,279955,22.961861
5392009,279977,22.961861
5397009,280000,24.005581
5402009,280022,22.961861
5407009,280044,22.961861
5412009,280066,22.961861
5417009,280089,24.005581
5422009,280111,22.961861
5427009,280133,22.961861
5432009,280155,22.961861
5437009,280177,22.961861
5442009,280200,24.005581
5447009,280222,22.961861
5452009,280244,22.961861
5457009,280266,22.961861
5462009,280288,22.961861
5467009,280310,22.961861
5472009,280332,22.961861
5477009,280355,24.005581
5482009,280377,22.961861
5487009,280399,22.961861
5492009,280422,24.005581
5497009,280444,22.961861
5502009,280466,22.961861
5507009,280488,22.961861
5512009,280510,22.961861
5517009,280532,22.961861
5522009,280554,22.961861
5527009,280577,24.005581
5532009,280599,22.961861
5537009,280621,22.961861
5542009,280643,22.961861
5547009,280666,24.005581
5552009,280688,22.961861
5557009,280710,22.961861
5562009,280732,22.961861
5567009,280754,22.961861
5572009,280776,22.961861
5577009,280799,24.005581
5582009,280821,22.961861
5587009,280843,22.961861
5592009,280865,22.961861
5597009,280887,22.961861
5602009,280910,24.005581
5607009,280932,22.961861
5612009,280954,22.961861
5617009,280976,22.961861
5622009,280998,22.961861
5627009,281021,24.005581
5632009,281043,22.961861
5637009,281065,22.961861
5642009,281087,22.961861
5647009,281109,22.961861
5652009,281131,22.961861
5657009,281153,22.961861
5662009,281176,24.005581
5667009,281198,22.961861
5672009,281220,22.961861
5677009,281242,22.961861
5682009,281265,24.005581
5687009,281287,22.961861
5692009,281309,22.961861
5697009,281331,22.961861
5702009,281353,22.961861
5707009,281375,22.961861
5712009,281397,22.961861
5717009,281419,22.961861
5722009,281442,24.005581
5727009,281464,22.961861
5732009,281486,22.961861
5737009,281509,24.005581
5742009,281531,22.961861
5747009,281553,22.961861
5752009,281575,22.961861
5757009,281597,22.961861
5762009,281619,22.961861
5767009,281641,22.961861
5772009,281664,24.005581
5777009,281686,22.961861
5782009,281708,22.961861
5787009,281730,22.961861
5792009,281752,22.961861
5797009,281775,24.005581
5802009,281797,22.961861
5807009,281819,22.961861
5812009,281841,22.961861
5817009,281864,24.005581
5822009,281886,22.961861
5827009,281908,22.961861
5832009,281930,22.961861
5837009,281952,22.961861
5842009,281974,22.961861
5847009,281996,22.961861
5852009,282018,22.961861
5857009,282041,24.005581
5862009,282063,22.961861
5867009,282085,22.961861
5872009,282107,22.961861
5877009,282130,24.005581
5882009,282152,22.961861
5887009,282174,22.961861
5892009,282196,22.961861
5897009,282218,22.961861
5902009,282240,22.961861
5907009,282262,22.961861
5912009,282284,22.961861
5917009,282307,24.005581
5922009,282329,22.961861
5927009,282351,22.961861
5932009,282374,24.005581
5937009,282396,22.961861
5942009,282418,22.961861
5947009,282440,22.961861
5952009,282462,22.961861
5957009,282484,22.961861
5962009,282506,22.961861
5967009,282528,22.961861
5972009,282550,22.961861
5977009,282573,24.005581
5982009,282595,22.961861
5987009,282617,22.961861
5992009,282639,22.961861
5997009,282662,24.005581
6002009,282684,22.961861
6007009,282706,22.961861
6012009,282728,22.961861
6017009,282750,22.961861
6022009,282772,22.961861
6027009,282795,24.005581
6032009,282817,22.961861
6037009,282839,22.961861
6042009,282861,22.961861
6047009,282883,22.961861
6052009,282906,24.005581
6057009,282928,22.961861
6062009,282950,22.961861
6067009,282972,22.961861
6072009,282994,22.961861
6077009,283017,24.005581
6082009,283039,22.961861
6087009,283061,22.961861
6092009,283083,22.961861
6097009,283105,22.961861
6102009,283127,22.961861
6107009,283149,22.961861
6112009,283172,24.005581
6117009,283194,22.961861
6122009,283216,22.961861
6127009,283239,24.005581
6132009,283261,22.961861
6137009,283283,22.961861
6142009,283305,22.961861
6147009,283327,22.961861
6152009,283349,22.961861
6157009,283371,22.961861
6162009,283393,22.961861
6167009,283416,24.005581
6172009,283438,22.961861
6177009,283460,22.961861
6182009,283482,22.961861
6187009,283505,24.005581
6192009,283527,22.961861
6197009,283549,22.961861
6202009,283571,22.961861
6207009,283593,22.961861
6212009,283615,22.961861
6217009,283637,22.961861
6222009,283659,22.961861
6227009,283682,24.005581
6232009,283704,22.961861
6237009,283726,22.961861
6242009,283748,22.961861
6247009,283771,24.005581
6252009,283793,22.961861
6257009,283815,22.961861
6262009,283837,22.961861
6267009,283860,24.005581
6272009,283882,22.961861
6277009,283904,22.961861
6282009,283926,22.961861
6287009,283948,22.961861
6292009,283970,22.961861
6297009,283992,22.961861
6302009,284015,24.005581
6307009,284037,22.961861
6312009,284059,22.961861
6317009,284081,22.961861
6322009,284104,24.005581
6327009,284126,22.961861
6332009,284148,22.961861
6337009,284170,22.961861
6342009,284192,22.961861
6347009,284214,22.961861
6352009,284237,24.005581
6357009,284259,22.961861
6362009,284281,22.961861
6367009,284303,22.961861
6372009,284325,22.961861
6377009,284348,24.005581
6382009,284370,22.961861
6387009,284392,22.961861
6392009,284414,22.961861
6397009,284437,24.005581
6402009,284459,22.961861
6407009,284481,22.961861
6412009,284503,22.961861
6417009,284525,22.961861
6422009,284547,22.961861
6427009,284570,24.005581
6432009,284592,22.961861
6437009,284614,22.961861
6442009,284636,22.961861
6447009,284659,24.005581
6452009,284681,22.961861
6457009,284703,22.961861
6462009,284725,22.961861
6467009,284747,22.961861
6472009,284769,22.961861
6477009,284792,24.005581
6482009,284814,22.961861
6487009,284836,22.961861
6492009,284858,22.961861
6497009,284880,22.961861
6502009,284903,24.005581
6507009,284925,22.961861
6512009,284947,22.961861
6517009,284969,22.961861
6522009,284992,24.005581
6527009,285014,22.961861
6532009,285036,22.961861
6537009,285058,22.961861
6542009,285080,22.961861
6547009,285102,22.961861
6552009,285124,22.961861
6557009,285147,24.005581
6562009,285169,22.961861
6567009,285191,22.961861
6572009,285213,22.961861
6577009,285235,22.961861
6582009,285258,24.005581
6587009,285280,22.961861
6592009,285302,22.961861
6597009,285324,22.961861
6602009,285346,22.961861
6607009,285369,24.005581
6612009,285391,22.961861
6617009,285413,22.961861
6622009,285435,22.961861
6627009,285457,22.961861
6632009,285479,22.961861
6637009,285501,22.961861
6642009,285524,24.005581
6647009,285546,22.961861
6652009,285568,22.961861
6657009,285590,22.961861
6662009,285613,24.005581
6667009,285635,22.961861
6672009,285657,22.961861
6677009,285679,22.961861
6682009,285701,22.961861
6687009,285723,22.961861
6692009,285746,24.005581
6697009,285768,22.961861
6702009,285790,22.961861
6707009,285812,22.961861
6712009,285834,22.961861
6717009,285857,24.005581
6722009,285879,22.961861
6727009,285901,22.961861
6732009,285923,22.961861
6737009,285946,24.005581
6742009,285968,22.961861
6747009,285990,22.961861
6752009,286012,22.961861
6757009,286034,22.961861
6762009,286056,22.961861
6767009,286078,22.961861
6772009,286101,24.005581
6777009,286123,22.961861
6782009,286145,22.961861
6787009,286167,22.961861
6792009,286190,24.005581
6797009,286212,22.961861
6802009,286234,22.961861
6807009,286256,22.961861
6812009,286278,22.961861
6817009,286301,24.005581
6822009,286323,22.961861
6827009,286345,22.961861
6832009,286367,22.961861
6837009,286389,22.961861
6842009,286412,24.005581
6847009,286434,22.961861
6852009,286456,22.961861
6857009,286478,22.961861
6862009,286501,24.005581
6867009,286523,22.961861
6872009,286545,22.961861
6877009,286567,22.961861
6882009,286589,22.961861
6887009,286611,22.961861
6892009,286634,24.005581
6897009,286656,22.961861
6902009,286678,22.961861
6907009,286700,22.961861
6912009,286723,24.005581
6917009,286745,22.961861
6922009,286767,22.961861
6927009,286789,22.961861
6932009,286811,22.961861
6937009,286834,24.005581
6942009,286856,22.961861
6947009,286878,22.961861
6952009,286900,22.961861
6957009,286922,22.961861
6962009,286945,24.005581
6967009,286967,22.961861
6972009,286989,22.961861
6977009,287011,22.961861
6982009,287034,24.005581
6987009,287056,22.961861
6992009,287078,22.961861
6997009,287100,22.961861
7002009,287122,22.961861
7007009,287144,22.961861
7012009,287166,22.961861
7017009,287189,24.005581
7022009,287211,22.961861
7027009,287233,22.961861
7032009,287255,22.961861
7037009,287278,24.005581
7042009,287300,22.961861
7047009,287322,22.961861
7052009,287344,22.961861
7057009,287367,24.005581
7062009,287389,22.961861
7067009,287411,22.961861
7072009,287433,22.961861
7077009,287455,22.961861
7082009,287477,22.961861
7087009,287499,22.961861
7092009,287522,24.005581
7097009,287544,22.961861
7102009,287566,22.961861
7107009,287588,22.961861
7112009,287610,22.961861
7117009,287633,24.005581
7122009,287655,22.961861
7127009,287677,22.961861
7132009,287699,22.961861
7137009,287721,22.961861
7142009,287743,22.961861
7147009,287766,24.005581
7152009,287788,22.961861
7157009,287810,22.961861
7162009,287833,24.005581
7167009,287855,22.961861
7172009,287877,22.961861
7177009,287899,22.961861
7182009,287921,22.961861
7187009,287943,22.961861
7192009,287966,24.005581
7197009,287988,22.961861
7202009,288010,22.961861
7207009,288032,22.961861
7212009,288054,22.961861
7217009,288077,24.005581
7222009,288099,22.961861
7227009,288121,22.961861
7232009,288143,22.961861
7237009,288165,22.961861
7242009,288188,24.005581
7247009,288210,22.961861
7252009,288232,22.961861
7257009,288254,22.961861
7262009,288276,22.961861
7267009,288298,22.961861
7272009,288321,24.005581
7277009,288343,22.961861
7282009,288365,22.961861
7287009,288387,22.961861
7292009,288409,22.961861
7297009,288431,22.961861
7302009,288454,24.005581
7307009,288476,22.961861
7312009,288498,22.961861
7317009,288520,22.961861
7322009,288542,22.961861
7327009,288564,22.961861
7332009,288587,24.005581
7337009,288609,22.961861
7342009,288631,22.961861
7347009,288653,22.961861
7352009,288676,24.005581
7357009,288698,22.961861
7362009,288720,22.961861
7367009,288742,22.961861
7372009,288764,22.961861
7377009,288786,22.961861
7382009,288809,24.005581
7387009,288831,22.961861
7392009,288853,22.961861
7397009,288875,22.961861
7402009,288897,22.961861
7407009,288920,24.005581
7412009,288942,22.961861
7417009,288964,22.961861
7422009,288986,22.961861
7427009,289008,22.961861
7432009,289030,22.961861
7437009,289053,24.005581
7442009,289075,22.961861
7447009,289097,22.961861
7452009,289119,22.961861
7457009,289142,24.005581
7462009,289164,22.961861
7467009,289186,22.961861
7472009,289208,22.961861
7477009,289230,22.961861
7482009,289253,24.005581
7487009,289275,22.961861
7492009,289297,22.961861
7497009,289319,22.961861
7502009,289341,22.961861
7507009,289364,24.005581
7512009,289386,22.961861
7517009,289408,22.961861
7522009,289430,22.961861
7527009,289452,22.961861
7532009,289475,24.005581
7537009,289497,22.961861
7542009,289519,22.961861
7547009,289541,22.961861
7552009,289564,24.005581
7557009,289586,22.961861
7562009,289608,22.961861
7567009,289630,22.961861
7572009,289652,22.961861
7577009,289674,22.961861
7582009,289696,22.961861
7587009,289718,22.961861
7592009,289741,24.005581
7597009,289763,22.961861
7602009,289785,22.961861
7607009,289807,22.961861
7612009,289830,24.005581
7617009,289852,22.961861
7622009,289874,22.961861
7627009,289896,22.961861
7632009,289918,22.961861
7637009,289940,22.961861
7642009,289963,24.005581
7647009,289985,22.961861
7652009,290007,22.961861
7657009,290029,22.961861
7662009,290051,22.961861
7667009,290074,24.005581
7672009,290096,22.961861
7677009,290118,22.961861
7682009,290140,22.961861
7687009,290163,24.005581
7692009,290185,22.961861
7697009,290207,22.961861
7702009,290229,22.961861
7707009,290251,22.961861
7712009,290273,22.961861
7717009,290295,22.961861
7722009,290318,24.005581
7727009,290340,22.961861
7732009,290362,22.961861
7737009,290384,22.961861
7742009,290407,24.005581
7747009,290429,22.961861
7752009,290451,22.961861
7757009,290473,22.961861
7762009,290496,24.005581
7767009,290518,22.961861
7772009,290540,22.961861
7777009,290562,22.961861
7782009,290584,22.961861
7787009,290606,22.961861
7792009,290629,24.005581
7797009,290651,22.961861
7802009,290673,22.961861
7807009,290695,22.961861
7812009,290718,24.005581
7817009,290740,22.961861
7822009,290762,22.961861
7827009,290784,22.961861
7832009,290807,24.005581
7837009,290829,22.961861
7842009,290851,22.961861
7847009,290873,22.961861
7852009,290895,22.961861
7857009,290917,22.961861
7862009,290940,24.005581
7867009,290962,22.961861
7872009,290984,22.961861
7877009,291006,22.961861
7882009,291029,24.005581
7887009,291051,22.961861
7892009,291073,22.961861
7897009,291095,22.961861
7902009,291117,22.961861
7907009,291139,22.961861
7912009,291162,24.005581
7917009,291184,22.961861
7922009,291206,22.961861
7927009,291228,22.961861
7932009,291251,24.005581
7937009,291273,22.961861
7942009,291295,22.961861
7947009,291317,22.961861
7952009,291340,24.005581
7957009,291362,22.961861
7962009,291384,22.961861
7967009,291406,22.961861
7972009,291428,22.961861
7977009,291450,22.961861
7982009,291473,24.005581
7987009,291495,22.961861
7992009,291517,22.961861
7997009,291539,22.961861
8002009,291562,24.005581
8007009,291584,22.961861
8012009,291606,22.961861
8017009,291628,22.961861
8022009,291650,22.961861
8027009,291672,22.961861
8032009,291695,24.005581
8037009,291717,22.961861
8042009,291739,22.961861
8047009,291761,22.961861
8052009,291783,22.961861
8057009,291805,22.961861
8062009,291828,24.005581
8067009,291850,22.961861
8072009,291872,22.961861
8077009,291894,22.961861
8082009,291916,22.961861
8087009,291938,22.961861
8092009,291961,24.005581
8097009,291983,22.961861
8102009,292005,22.961861
8107009,292027,22.961861
8112009,292049,22.961861
8117009,292071,22.961861
8122009,292094,24.005581
8127009,292116,22.961861
8132009,292138,22.961861
8137009,292160,22.961861
8142009,292182,22.961861
8147009,292204,22.961861
8152009,292227,24.005581
8157009,292249,22.961861
8162009,292271,22.961861
8167009,292293,22.961861
8172009,292315,22.961861
8177009,292337,22.961861
8182009,292359,22.961861
8187009,292382,24.005581
8192009,292404,22.961861
8197009,292426,22.961861
8202009,292448,22.961861
8207009,292470,22.961861
8212009,292492,22.961861
8217009,292515,24.005581
8222009,292537,22.961861
8227009,292559,22.961861
8232009,292581,22.961861
8237009,292603,22.961861
8242009,292625,22.961861
8247009,292648,24.005581
8252009,292670,22.961861
8257009,292692,22.961861
8262009,292714,22.961861
8267009,292736,22.961861
8272009,292758,22.961861
8277009,292780,22.961861
8282009,292803,24.005581
8287009,292825,22.961861
8292009,292847,22.961861
8297009,292869,22.961861
8302009,292891,22.961861
8307009,292913,22.961861
8312009,292935,22.961861
8317009,292958,24.005581
8322009,292980,22.961861
8327009,293002,22.961861
8332009,293024,22.961861
8337009,293046,22.961861
8342009,293068,22.961861
8347009,293090,22.961861
8352009,293113,24.005581
8357009,293135,22.961861
8362009,293157,22.961861
8367009,293179,22.961861
8372009,293201,22.961861
8377009,293223,22.961861
8382009,293245,22.961861
8387009,293268,24.005581
8392009,293290,22.961861
8397009,293312,22.961861
8402009,293334,22.961861
8407009,293356,22.961861
8412009,293378,22.961861
8417009,293400,22.961861
8422009,293423,24.005581
8427009,293445,22.961861
8432009,293467,22.961861
8437009,293490,24.005581
8442009,293512,22.961861
8447009,293534,22.961861
8452009,293556,22.961861
8457009,293579,24.005581
8462009,293601,22.961861
8467009,293623,22.961861
8472009,293645,22.961861
8477009,293667,22.961861
8482009,293689,22.961861
8487009,293712,24.005581
8492009,293734,22.961861
8497009,293756,22.961861
8502009,293778,22.961861
8507009,293801,24.005581
8512009,293823,22.961861
8517009,293845,22.961861
8522009,293867,22.961861
8527009,293889,22.961861
8532009,293912,24.005581
8537009,293934,22.961861
8542009,293956,22.961861
8547009,293978,22.961861
8552009,294001,24.005581
8557009,294023,22.961861
8562009,294045,22.961861
8567009,294068,24.005581
8572009,294090,22.961861
8577009,294112,22.961861
8582009,294134,22.961861
8587009,294156,22.961861
8592009,294178,22.961861
8597009,294200,22.961861
8602009,294223,24.005581
8607009,294245,22.961861
8612009,294267,22.961861
8617009,294290,24.005581
8622009,294312,22.961861
8627009,294334,22.961861
8632009,294356,22.961861
8637009,294378,22.961861
8642009,294401,24.005581
8647009,294423,22.961861
8652009,294445,22.961861
8657009,294467,22.961861
8662009,294489,22.961861
8667009,294512,24.005581
8672009,294534,22.961861
8677009,294556,22.961861
8682009,294579,24.005581
8687009,294601,22.961861
8692009,294623,22.961861
8697009,294645,22.961861
8702009,294667,22.961861
8707009,294689,22.961861
8712009,294712,24.005581
8717009,294734,22.961861
8722009,294756,22.961861
8727009,294778,22.961861
8732009,294801,24.005581
8737009,294823,22.961861
8742009,294845,22.961861
8747009,294867,22.961861
8752009,294889,22.961861
8757009,294912,24.005581
8762009,294934,22.961861
8767009,294956,22.961861
8772009,294978,22.961861
8777009,295001,24.005581
8782009,295023,22.961861
8787009,295045,22.961861
8792009,295067,22.961861
8797009,295089,22.961861
8802009,295112,24.005581
8807009,295134,22.961861
8812009,295156,22.961861
8817009,295178,22.961861
8822009,295200,22.961861
8827009,295223,24.005581
8832009,295245,22.961861
8837009,295267,22.961861
8842009,295289,22.961861
8847009,295312,24.005581
8852009,295334,22.961861
8857009,295356,22.961861
8862009,295378,22.961861
8867009,295400,22.961861
8872009,295422,22.961861
8877009,295445,24.005581
8882009,295467,22.961861
8887009,295489,22.961861
8892009,295512,24.005581
8897009,295534,22.961861
8902009,295556,22.961861
8907009,295578,22.961861
8912009,295600,22.961861
8917009,295622,22.961861
8922009,295645,24.005581
8927009,295667,22.961861
8932009,295689,22.961861
8937009,295711,22.961861
8942009,295734,24.005581
8947009,295756,22.961861
8952009,295778,22.961861
8957009,295800,22.961861
8962009,295822,22.961861
8967009,295845,24.005581
8972009,295867,22.961861
8977009,295889,22.961861
8982009,295911,22.961861
8987009,295933,22.961861
8992009,295956,24.005581
8997009,295978,22.961861
9002009,296000,22.961861
9007009,296022,22.961861
9012009,296045,24.005581
9017009,296067,22.961861
9022009,296089,22.961861
9027009,296111,22.961861
9032009,296133,22.961861
9037009,296155,22.961861
9042009,296178,24.005581
9047009,296200,22.961861
9052009,296222,22.961861
9057009,296244,22.961861
9062009,296266,22.961861
9067009,296289,24.005581
9072009,296311,22.961861
9077009,296333,22.961861
9082009,296355,22.961861
9087009,296377,22.961861
9092009,296399,22.961861
9097009,296422,24.005581
9102009,296444,22.961861
9107009,296466,22.961861
9112009,296488,22.961861
9117009,296511,24.005581
9122009,296533,22.961861
9127009,296555,22.961861
9132009,296577,22.961861
9137009,296599,22.961861
9142009,296622,24.005581
9147009,296644,22.961861
9152009,296666,22.961861
9157009,296688,22.961861
9162009,296710,22.961861
9167009,296732,22.961861
9172009,296755,24.005581
9177009,296777,22.961861
9182009,296799,22.961861
9187009,296822,24.005581
9192009,296844,22.961861
9197009,296866,22.961861
9202009,296888,22.961861
9207009,296910,22.961861
9212009,296932,22.961861
9217009,296955,24.005581
9222009,296977,22.961861
9227009,296999,22.961861
9232009,297021,22.961861
9237009,297044,24.005581
9242009,297066,22.961861
9247009,297088,22.961861
9252009,297110,22.961861
9257009,297132,22.961861
9262009,297155,24.005581
9267009,297177,22.961861
9272009,297199,22.961861
9277009,297221,22.961861
9282009,297243,22.961861
9287009,297266,24.005581
9292009,297288,22.961861
9297009,297310,22.961861
9302009,297332,22.961861
9307009,297354,22.961861
9312009,297377,24.005581
9317009,297399,22.961861
9322009,297421,22.961861
9327009,297443,22.961861
9332009,297465,22.961861
9337009,297488,24.005581
9342009,297510,22.961861
9347009,297532,22.961861
9352009,297554,22.961861
9357009,297576,22.961861
9362009,297599,24.005581
9367009,297621,22.961861
9372009,297643,22.961861
9377009,297665,22.961861
9382009,297687,22.961861
9387009,297710,24.005581
9392009,297732,22.961861
9397009,297754,22.961861
9402009,297776,22.961861
9407009,297799,24.005581
9412009,297821,22.961861
9417009,297843,22.961861
9422009,297865,22.961861
9427009,297887,22.961861
9432009,297909,22.961861
9437009,297932,24.005581
9442009,297954,22.961861
9447009,297976,22.961861
9452009,297998,22.961861
9457009,298021,24.005581
9462009,298043,22.961861
9467009,298065,22.961861
9472009,298087,22.961861
9477009,298109,22.961861
9482009,298131,22.961861
9487009,298154,24.005581
9492009,298176,22.961861
9497009,298198,22.961861
9502009,298220,22.961861
9507009,298243,24.005581
9512009,298265,22.961861
9517009,298287,22.961861
9522009,298309,22.961861
9527009,298331,22.961861
9532009,298354,24.005581
9537009,298376,22.961861
9542009,298398,22.961861
9547009,298420,22.961861
9552009,298443,24.005581
9557009,298465,22.961861
9562009,298487,22.961861
9567009,298509,22.961861
9572009,298532,24.005581
9577009,298554,22.961861
9582009,298576,22.961861
9587009,298598,22.961861
9592009,298620,22.961861
9597009,298643,24.005581
9602009,298665,22.961861
9607009,298687,22.961861
9612009,298710,24.005581
9617009,298732,22.961861
9622009,298754,22.961861
9627009,298776,22.961861
9632009,298798,22.961861
9637009,298820,22.961861
9642009,298843,24.005581
9647009,298865,22.961861
9652009,298887,22.961861
9657009,298909,22.961861
9662009,298932,24.005581
9667009,298954,22.961861
9672009,298976,22.961861
9677009,298998,22.961861
9682009,299020,22.961861
9687009,299043,24.005581
9692009,299065,22.961861
9697009,299087,22.961861
9702009,299109,22.961861
9707009,299131,22.961861
9712009,299154,24.005581
9717009,299176,22.961861
9722009,299198,22.961861
9727009,299220,22.961861
9732009,299243,24.005581
9737009,299265,22.961861
9742009,299287,22.961861
9747009,299309,22.961861
9752009,299331,22.961861
9757009,299353,22.961861
9762009,299376,24.005581
9767009,299398,22.961861
9772009,299420,22.961861
9777009,299442,22.961861
9782009,299465,24.005581
9787009,299487,22.961861
9792009,299509,22.961861
9797009,299531,22.961861
9802009,299553,22.961861
9807009,299575,22.961861
9812009,299598,24.005581
9817009,299620,22.961861
9822009,299642,22.961861
9827009,299664,22.961861
9832009,299687,24.005581
9837009,299709,22.961861
9842009,299731,22.961861
9847009,299753,22.961861
9852009,299775,22.961861
9857009,299798,24.005581
9862009,299820,22.961861
9867009,299842,22.961861
9872009,299864,22.961861
9877009,299886,22.961861
9882009,299909,24.005581
9887009,299931,22.961861
9892009,299953,22.961861
9897009,299975,22.961861
9902009,299998,24.005581
9907009,300020,22.961861
9912009,300042,22.961861
9917009,300064,22.961861
9922009,300086,22.961861
9927009,300109,24.005581
9932009,300131,22.961861
9937009,300153,22.961861
9942009,300175,22.961861
9947009,300198,24.005581
9952009,300220,22.961861
9957009,300242,22.961861
9962009,300264,22.961861
9967009,300287,24.005581
9972009,300309,22.961861
9977009,300331,22.961861
9982009,300353,22.961861
9987009,300375,22.961861
9992009,300398,24.005581
9997009,300420,22.961861
10002009,300442,22.961861
10007009,300465,24.005581
10012009,300487,22.961861
10017009,300509,22.961861
10022009,300531,22.961861
10027009,300553,22.961861
10032009,300576,24.005581
10037009,300598,22.961861
10042009,300620,22.961861
10047009,300642,22.961861
10052009,300665,24.005581
10057009,300687,22.961861
10062009,300709,22.961861
10067009,300731,22.961861
10072009,300754,24.005581
10077009,300776,22.961861
10082009,300798,22.961861
10087009,300820,22.961861
10092009,300842,22.961861
10097009,300865,24.005581
10102009,300887,22.961861
10107009,300909,22.961861
10112009,300932,24.005581
10117009,300954,22.961861
10122009,300976,22.961861
10127009,300998,22.961861
10132009,301020,22.961861
10137009,301042,22.961861
10142009,301065,24.005581
10147009,301087,22.961861
10152009,301109,22.961861
10157009,301131,22.961861
10162009,301154,24.005581
10167009,301176,22.961861
10172009,301198,22.961861
10177009,301221,24.005581
10182009,301243,22.961861
10187009,301265,22.961861
10192009,301287,22.961861
10197009,301309,22.961861
10202009,301331,22.961861
10207009,301354,24.005581
10212009,301376,22.961861
10217009,301398,22.961861
10222009,301421,24.005581
10227009,301443,22.961861
10232009,301465,22.961861
10237009,301487,22.961861
10242009,301509,22.961861
10247009,301532,24.005581
10252009,301554,22.961861
10257009,301576,22.961861
10262009,301598,22.961861
10267009,301620,22.961861
10272009,301642,22.961861
10277009,301665,24.005581
10282009,301687,22.961861
10287009,301710,24.005581
10292009,301732,22.961861
10297009,301754,22.961861
10302009,301776,22.961861
10307009,301798,22.961861
10312009,301820,22.961861
