
Time_us,Position,Speed_rad_per_s
1312008,79159,0.000000
1317009,79159,0.000000
1322009,79161,2.087442
1327009,79164,3.131163
1332009,79168,4.174884
1337009,79174,6.262325
1342009,79180,6.262325
1347009,79187,7.306046
1352009,79196,9.393488
1357009,79205,9.393488
1362009,79215,10.437209
1367009,79225,10.437209
1372009,79236,11.480930
1377009,79248,12.524651
1382009,79261,13.568372
1387009,79274,13.568372
1392009,79287,13.568372
1397009,79302,15.655814
1402009,79316,14.612093
1407009,79331,15.655814
1412009,79347,16.699535
1417009,79363,16.699535
1422009,79379,16.699535
1427009,79395,16.699535
1432009,79412,17.743256
1437009,79430,18.786976
1442009,79447,17.743256
1447009,79465,18.786976
1452009,79483,18.786976
1457009,79501,18.786976
1462009,79520,19.830698
1467009,79539,19.830698
1472009,79558,19.830698
1477009,79577,19.830698
1482009,79596,19.830698
1487009,79616,20.874418
1492009,79636,20.874418
1497009,79656,20.874418
1502009,79676,20.874418
1507009,79696,20.874418
1512009,79716,20.874418
1517009,79736,20.874418
1522009,79757,21.918139
1527009,79777,20.874418
1532009,79798,21.918139
1537009,79819,21.918139
1542009,79840,21.918139
1547009,79861,21.918139
1552009,79882,21.918139
1557009,79903,21.918139
1562009,79924,21.918139
1567009,79946,22.961861
1572009,79967,21.918139
1577009,79989,22.961861
1582009,80010,21.918139
1587009,80032,22.961861
1592009,80054,22.961861
1597009,80075,21.918139
1602009,80097,22.961861
1607009,80119,22.961861
1612009,80141,22.961861
1617009,80163,22.961861
1622009,80185,22.961861
1627009,80207,22.961861
1632009,80229,22.961861
1637009,80251,22.961861
1642009,80274,24.005581
1647009,80296,22.961861
1652009,80318,22.961861
1657009,80340,22.961861
1662009,80363,24.005581
1667009,80385,22.961861
1672009,80407,22.961861
1677009,80430,24.005581
1682009,80452,22.961861
1687009,80475,24.005581
1692009,80497,22.961861
1697009,80519,22.961861
1702009,80542,24.005581
1707009,80564,22.961861
1712009,80587,24.005581
1717009,80609,22.961861
1722009,80632,24.005581
1727009,80655,24.005581
1732009,80677,22.961861
1737009,80700,24.005581
1742009,80723,24.005581
1747009,80745,22.961861
1752009,80768,24.005581
1757009,80791,24.005581
1762009,80813,22.961861
1767009,80836,24.005581
1772009,80859,24.005581
1777009,80881,22.961861
1782009,80904,24.005581
1787009,80927,24.005581
1792009,80950,24.005581
1797009,80972,22.961861
1802009,80995,24.005581
1807009,81018,24.005581
1812009,81041,24.005581
1817009,81063,22.961861
1822009,81086,24.005581
1827009,81109,24.005581
1832009,81132,24.005581
1837009,81155,24.005581
1842009,81177,22.961861
1847009,81200,24.005581
1852009,81223,24.005581
1857009,81246,24.005581
1862009,81269,24.005581
1867009,81292,24.005581
1872009,81315,24.005581
1877009,81337,22.961861
1882009,81360,24.005581
1887009,81383,24.005581
1892009,81406,24.005581
1897009,81429,24.005581
1902009,81452,24.005581
1907009,81475,24.005581
1912009,81497,22.961861
1917009,81520,24.005581
1922009,81543,24.005581
1927009,81566,24.005581
1932009,81589,24.005581
1937009,81612,24.005581
1942009,81635,24.005581
1947009,81658,24.005581
1952009,81681,24.005581
1957009,81704,24.005581
1962009,81727,24.005581
1967009,81749,22.961861
1972009,81772,24.005581
1977009,81795,24.005581
1982009,81818,24.005581
1987009,81841,24.005581
1992009,81864,24.005581
1997009,81887,24.005581
2002009,81910,24.005581
2007009,81933,24.005581
2012009,81956,24.005581
2017009,81979,24.005581
2022009,82002,24.005581
2027009,82025,24.005581
2032009,82048,24.005581
2037009,82071,24.005581
2042009,82094,24.005581
2047009,82117,24.005581
2052009,82140,24.005581
2057009,82163,24.005581
2062009,82185,22.961861
2067009,82209,25.049301
2072009,82231,22.961861
2077009,82254,24.005581
2082009,82277,24.005581
2087009,82300,24.005581
2092009,82323,24.005581
2097009,82346,24.005581
2102009,82369,24.005581
2107009,82392,24.005581
2112009,82415,24.005581
2117009,82438,24.005581
2122009,82461,24.005581
2127009,82484,24.005581
2132009,82507,24.005581
2137009,82530,24.005581
2142009,82553,24.005581
2147009,82576,24.005581
2152009,82599,24.005581
2157009,82622,24.005581
2162009,82645,24.005581
2167009,82668,24.005581
2172009,82691,24.005581
2177009,82714,24.005581
2182009,82737,24.005581
2187009,82760,24.005581
2192009,82783,24.005581
2197009,82806,24.005581
2202009,82829,24.005581
2207009,82852,24.005581
2212009,82875,24.005581
2217009,82898,24.005581
2222009,82921,24.005581
2227009,82944,24.005581
2232009,82967,24.005581
2237009,82990,24.005581
2242009,83013,24.005581
2247009,83036,24.005581
2252009,83059,24.005581
2257009,83082,24.005581
2262009,83105,24.005581
2267009,83128,24.005581
2272009,83151,24.005581
2277009,83174,24.005581
2282009,83197,24.005581
2287009,83220,24.005581
2292009,83243,24.005581
2297009,83266,24.005581
2302009,83289,24.005581
2307009,83312,24.005581
2312009,83335,24.005581
2317009,83358,24.005581
2322009,83381,24.005581
2327009,83404,24.005581
2332009,83427,24.005581
2337009,83450,24.005581
2342009,83473,24.005581
2347009,83496,24.005581
2352009,83519,24.005581
2357009,83542,24.005581
2362009,83565,24.005581
2367009,83588,24.005581
2372009,83611,24.005581
2377009,83634,24.005581
2382009,83657,24.005581
2387009,83680,24.005581
2392009,83703,24.005581
2397009,83726,24.005581
2402009,83749,24.005581
2407009,83772,24.005581
2412009,83795,24.005581
2417009,83818,24.005581
2422009,83841,24.005581
2427009,83864,24.005581
2432009,83887,24.005581
2437009,83910,24.005581
2442009,83933,24.005581
2447009,83956,24.005581
2452009,83979,24.005581
2457009,84002,24.005581
2462009,84025,24.005581
2467009,84048,24.005581
2472009,84071,24.005581
2477009,84094,24.005581
2482009,84117,24.005581
2487009,84140,24.005581
2492009,84163,24.005581
2497009,84186,24.005581
2502009,84209,24.005581
2507009,84232,24.005581
2512009,84255,24.005581
2517009,84278,24.005581
2522009,84301,24.005581
2527009,84324,24.005581
2532009,84347,24.005581
2537009,84370,24.005581
2542009,84393,24.005581
2547009,84416,24.005581
2552009,84439,24.005581
2557009,84462,24.005581
2562009,84485,24.005581
2567009,84508,24.005581
2572009,84531,24.005581
2577009,84554,24.005581
2582009,84577,24.005581
2587009,84600,24.005581
2592009,84623,24.005581
2597009,84646,24.005581
2602009,84669,24.005581
2607009,84692,24.005581
2612009,84715,24.005581
2617009,84738,24.005581
2622009,84761,24.005581
2627009,84784,24.005581
2632009,84807,24.005581
2637009,84830,24.005581
2642009,84853,24.005581
2647009,84876,24.005581
2652009,84899,24.005581
2657009,84922,24.005581
2662009,84945,24.005581
2667009,84968,24.005581
2672009,84991,24.005581
2677009,85014,24.005581
2682009,85037,24.005581
2687009,85061,25.049301
2692009,85083,22.961861
2697009,85107,25.049301
2702009,85130,24.005581
2707009,85153,24.005581
2712009,85176,24.005581
2717009,85199,24.005581
2722009,85222,24.005581
2727009,85245,24.005581
2732009,85268,24.005581
2737009,85291,24.005581
2742009,85314,24.005581
2747009,85337,24.005581
2752009,85360,24.005581
2757009,85383,24.005581
2762009,85406,24.005581
2767009,85429,24.005581
2772009,85452,24.005581
2777009,85475,24.005581
2782009,85498,24.005581
2787009,85521,24.005581
2792009,85544,24.005581
2797009,85567,24.005581
2802009,85590,24.005581
2807009,85613,24.005581
2812009,85636,24.005581
2817009,85659,24.005581
2822009,85682,24.005581
2827009,85705,24.005581
2832009,85728,24.005581
2837009,85751,24.005581
2842009,85774,24.005581
2847009,85797,24.005581
2852009,85820,24.005581
2857009,85843,24.005581
2862009,85866,24.005581
2867009,85889,24.005581
2872009,85912,24.005581
2877009,85935,24.005581
2882009,85959,25.049301
2887009,85981,22.961861
2892009,86005,25.049301
2897009,86027,22.961861
2902009,86051,25.049301
2907009,86074,24.005581
2912009,86097,24.005581
2917009,86120,24.005581
2922009,86143,24.005581
2927009,86166,24.005581
2932009,86189,24.005581
2937009,86212,24.005581
2942009,86235,24.005581
2947009,86258,24.005581
2952009,86281,24.005581
2957009,86304,24.005581
2962009,86327,24.005581
2967009,86350,24.005581
2972009,86373,24.005581
2977009,86396,24.005581
2982009,86419,24.005581
2987009,86442,24.005581
2992009,86465,24.005581
2997009,86488,24.005581
3002009,86511,24.005581
3007009,86534,24.005581
3012009,86557,24.005581
3017009,86580,24.005581
3022009,86603,24.005581
3027009,86626,24.005581
3032009,86649,24.005581
3037009,86672,24.005581
3042009,86695,24.005581
3047009,86718,24.005581
3052009,86741,24.005581
3057009,86764,24.005581
3062009,86787,24.005581
3067009,86810,24.005581
3072009,86833,24.005581
3077009,86856,24.005581
3082009,86879,24.005581
3087009,86902,24.005581
3092009,86925,24.005581
3097009,86948,24.005581
3102009,86971,24.005581
3107009,86994,24.005581
3112009,87017,24.005581
3117009,87040,24.005581
3122009,87063,24.005581
3127009,87086,24.005581
3132009,87109,24.005581
3137009,87132,24.005581
3142009,87155,24.005581
3147009,87178,24.005581
3152009,87201,24.005581
3157009,87224,24.005581
3162009,87247,24.005581
3167009,87270,24.005581
3172009,87293,24.005581
3177009,87316,24.005581
3182009,87339,24.005581
3187009,87362,24.005581
3192009,87385,24.005581
3197009,87409,25.049301
3202009,87431,22.961861
3207009,87455,25.049301
3212009,87478,24.005581
3217009,87501,24.005581
3222009,87524,24.005581
3227009,87547,24.005581
3232009,87570,24.005581
3237009,87593,24.005581
3242009,87616,24.005581
3247009,87639,24.005581
3252009,87662,24.005581
3257009,87685,24.005581
3262009,87708,24.005581
3267009,87731,24.005581
3272009,87754,24.005581
3277009,87777,24.005581
3282009,87800,24.005581
3287009,87823,24.005581
3292009,87846,24.005581
3297009,87869,24.005581
3302009,87892,24.005581
3307009,87915,24.005581
3312009,87938,24.005581
3317009,87961,24.005581
3322009,87984,24.005581
3327009,88007,24.005581
3332009,88030,24.005581
3337009,88053,24.005581
3342009,88076,24.005581
3347009,88099,24.005581
3352009,88122,24.005581
3357009,88145,24.005581
3362009,88168,24.005581
3367009,88191,24.005581
3372009,88214,24.005581
3377009,88237,24.005581
3382009,88260,24.005581
3387009,88283,24.005581
3392009,88306,24.005581
3397009,88329,24.005581
3402009,88352,24.005581
3407009,88375,24.005581
3412009,88398,24.005581
3417009,88421,24.005581
3422009,88444,24.005581
3427009,88467,24.005581
3432009,88490,24.005581
3437009,88513,24.005581
3442009,88536,24.005581
3447009,88559,24.005581
3452009,88582,24.005581
3457009,88605,24.005581
3462009,88628,24.005581
3467009,88651,24.005581
3472009,88674,24.005581
3477009,88697,24.005581
3482009,88720,24.005581
3487009,88743,24.005581
3492009,88766,24.005581
3497009,88789,24.005581
3502009,88812,24.005581
3507009,88835,24.005581
3512009,88858,24.005581
3517009,88881,24.005581
3522009,88904,24.005581
3527009,88927,24.005581
3532009,88950,24.005581
3537009,88973,24.005581
3542009,88996,24.005581
3547009,89019,24.005581
3552009,89042,24.005581
3557009,89065,24.005581
3562009,89088,24.005581
3567009,89111,24.005581
3572009,89134,24.005581
3577009,89157,24.005581
3582009,89180,24.005581
3587009,89203,24.005581
3592009,89226,24.005581
3597009,89249,24.005581
3602009,89272,24.005581
3607009,89295,24.005581
3612009,89318,24.005581
3617009,89341,24.005581
3622009,89364,24.005581
3627009,89387,24.005581
3632009,89410,24.005581
3637009,89433,24.005581
3642009,89456,24.005581
3647009,89479,24.005581
3652009,89502,24.005581
3657009,89525,24.005581
3662009,89548,24.005581
3667009,89571,24.005581
3672009,89594,24.005581
3677009,89617,24.005581
3682009,89640,24.005581
3687009,89663,24.005581
3692009,89686,24.005581
3697009,89709,24.005581
3702009,89732,24.005581
3707009,89755,24.005581
3712009,89778,24.005581
3717009,89801,24.005581
3722009,89824,24.005581
3727009,89847,24.005581
3732009,89870,24.005581
3737009,89893,24.005581
3742009,89917,25.049301
3747009,89939,22.961861
3752009,89963,25.049301
3757009,89986,24.005581
3762009,90009,24.005581
3767009,90032,24.005581
3772009,90055,24.005581
3777009,90078,24.005581
3782009,90101,24.005581
3787009,90124,24.005581
3792009,90147,24.005581
3797009,90170,24.005581
3802009,90193,24.005581
3807009,90216,24.005581
3812009,90239,24.005581
3817009,90262,24.005581
3822009,90285,24.005581
3827009,90308,24.005581
3832009,90331,24.005581
3837009,90354,24.005581
3842009,90377,24.005581
3847009,90400,24.005581
3852009,90423,24.005581
3857009,90446,24.005581
3862009,90469,24.005581
3867009,90492,24.005581
3872009,90515,24.005581
3877009,90538,24.005581
3882009,90561,24.005581
3887009,90584,24.005581
3892009,90607,24.005581
3897009,90630,24.005581
3902009,90653,24.005581
3907009,90677,25.049301
3912009,90700,24.005581
3917009,90723,24.005581
3922009,90746,24.005581
3927009,90769,24.005581
3932009,90792,24.005581
3937009,90815,24.005581
3942009,90838,24.005581
3947009,90861,24.005581
3952009,90884,24.005581
3957009,90907,24.005581
3962009,90930,24.005581
3967009,90953,24.005581
3972009,90976,24.005581
3977009,90999,24.005581
3982009,91022,24.005581
3987009,91045,24.005581
3992009,91068,24.005581
3997009,91091,24.005581
4002009,91115,25.049301
4007009,91138,24.005581
4012009,91161,24.005581
4017009,91184,24.005581
4022009,91207,24.005581
4027009,91230,24.005581
4032009,91253,24.005581
4037009,91276,24.005581
4042009,91299,24.005581
4047009,91322,24.005581
4052009,91345,24.005581
4057009,91368,24.005581
4062009,91391,24.005581
4067009,91414,24.005581
4072009,91437,24.005581
4077009,91460,24.005581
4082009,91483,24.005581
4087009,91506,24.005581
4092009,91529,24.005581
4097009,91552,24.005581
4102009,91575,24.005581
4107009,91599,25.049301
4112009,91622,24.005581
4117009,91645,24.005581
4122009,91668,24.005581
4127009,91691,24.005581
4132009,91714,24.005581
4137009,91737,24.005581
4142009,91760,24.005581
4147009,91783,24.005581
4152009,91806,24.005581
4157009,91829,24.005581
4162009,91852,24.005581
4167009,91875,24.005581
4172009,91898,24.005581
4177009,91921,24.005581
4182009,91944,24.005581
4187009,91967,24.005581
4192009,91990,24.005581
4197009,92013,24.005581
4202009,92037,25.049301
4207009,92060,24.005581
4212009,92083,24.005581
4217009,92106,24.005581
4222009,92129,24.005581
4227009,92152,24.005581
4232009,92175,24.005581
4237009,92198,24.005581
4242009,92221,24.005581
4247009,92244,24.005581
4252009,92267,24.005581
4257009,92290,24.005581
4262009,92313,24.005581
4267009,92336,24.005581
4272009,92359,24.005581
4277009,92382,24.005581
4282009,92405,24.005581
4287009,92429,25.049301
4292009,92452,24.005581
4297009,92475,24.005581
4302009,92498,24.005581
4307009,92521,24.005581
4312009,92544,24.005581
4317009,92567,24.005581
4322009,92590,24.005581
4327009,92613,24.005581
4332009,92636,24.005581
4337009,92659,24.005581
4342009,92682,24.005581
4347009,92705,24.005581
4352009,92728,24.005581
4357009,92751,24.005581
4362009,92775,25.049301
4367009,92798,24.005581
4372009,92821,24.005581
4377009,92844,24.005581
4382009,92867,24.005581
4387009,92890,24.005581
4392009,92913,24.005581
4397009,92936,24.005581
4402009,92959,24.005581
4407009,92982,24.005581
4412009,93005,24.005581
4417009,93028,24.005581
4422009,93051,24.005581
4427009,93074,24.005581
4432009,93097,24.005581
4437009,93120,24.005581
4442009,93143,24.005581
4447009,93166,24.005581
4452009,93189,24.005581
4457009,93212,24.005581
4462009,93235,24.005581
4467009,93258,24.005581
4472009,93281,24.005581
4477009,93304,24.005581
4482009,93327,24.005581
4487009,93350,24.005581
4492009,93373,24.005581
4497009,93396,24.005581
4502009,93419,24.005581
4507009,93442,24.005581
4512009,93465,24.005581
4517009,93488,24.005581
4522009,93511,24.005581
4527009,93534,24.005581
4532009,93557,24.005581
4537009,93580,24.005581
4542009,93603,24.005581
4547009,93626,24.005581
4552009,93649,24.005581
4557009,93672,24.005581
4562009,93695,24.005581
4567009,93718,24.005581
4572009,93741,24.005581
4577009,93765,25.049301
4582009,93788,24.005581
4587009,93811,24.005581
4592009,93834,24.005581
4597009,93857,24.005581
4602009,93880,24.005581
4607009,93903,24.005581
4612009,93926,24.005581
4617009,93949,24.005581
4622009,93972,24.005581
4627009,93995,24.005581
4632009,94018,24.005581
4637009,94041,24.005581
4642009,94064,24.005581
4647009,94087,24.005581
4652009,94110,24.005581
4657009,94133,24.005581
4662009,94156,24.005581
4667009,94179,24.005581
4672009,94203,25.049301
4677009,94226,24.005581
4682009,94249,24.005581
4687009,94272,24.005581
4692009,94295,24.005581
4697009,94318,24.005581
4702009,94341,24.005581
4707009,94364,24.005581
4712009,94387,24.005581
4717009,94410,24.005581
4722009,94433,24.005581
4727009,94456,24.005581
4732009,94479,24.005581
4737009,94502,24.005581
4742009,94525,24.005581
4747009,94548,24.005581
4752009,94571,24.005581
4757009,94594,24.005581
4762009,94617,24.005581
4767009,94640,24.005581
4772009,94663,24.005581
4777009,94686,24.005581
4782009,94709,24.005581
4787009,94732,24.005581
4792009,94755,24.005581
4797009,94778,24.005581
4802009,94801,24.005581
4807009,94824,24.005581
4812009,94847,24.005581
4817009,94870,24.005581
4822009,94893,24.005581
4827009,94916,24.005581
4832009,94939,24.005581
4837009,94962,24.005581
4842009,94985,24.005581
4847009,95008,24.005581
4852009,95031,24.005581
4857009,95054,24.005581
4862009,95077,24.005581
4867009,95101,25.049301
4872009,95123,22.961861
4877009,95147,25.049301
4882009,95170,24.005581
4887009,95193,24.005581
4892009,95216,24.005581
4897009,95239,24.005581
4902009,95262,24.005581
4907009,95285,24.005581
4912009,95308,24.005581
4917009,95331,24.005581
4922009,95354,24.005581
4927009,95377,24.005581
4932009,95400,24.005581
4937009,95423,24.005581
4942009,95446,24.005581
4947009,95469,24.005581
4952009,95492,24.005581
4957009,95515,24.005581
4962009,95538,24.005581
4967009,95561,24.005581
4972009,95584,24.005581
4977009,95607,24.005581
4982009,95630,24.005581
4987009,95653,24.005581
4992009,95676,24.005581
4997009,95699,24.005581
5002009,95722,24.005581
5007009,95746,25.049301
5012009,95769,24.005581
5017009,95792,24.005581
5022009,95815,24.005581
5027009,95838,24.005581
5032009,95861,24.005581
5037009,95884,24.005581
5042009,95907,24.005581
5047009,95930,24.005581
5052009,95953,24.005581
5057009,95976,24.005581
5062009,95999,24.005581
5067009,96022,24.005581
5072009,96045,24.005581
5077009,96068,24.005581
5082009,96091,24.005581
5087009,96114,24.005581
5092009,96137,24.005581
5097009,96161,25.049301
5102009,96184,24.005581
5107009,96207,24.005581
5112009,96230,24.005581
5117009,96253,24.005581
5122009,96276,24.005581
5127009,96299,24.005581
5132009,96322,24.005581
5137009,96345,24.005581
5142009,96368,24.005581
5147009,96391,24.005581
5152009,96414,24.005581
5157009,96437,24.005581
5162009,96460,24.005581
5167009,96483,24.005581
5172009,96506,24.005581
5177009,96529,24.005581
5182009,96552,24.005581
5187009,96575,24.005581
5192009,96599,25.049301
5197009,96622,24.005581
5202009,96645,24.005581
5207009,96668,24.005581
5212009,96691,24.005581
5217009,96714,24.005581
5222009,96737,24.005581
5227009,96760,24.005581
5232009,96783,24.005581
5237009,96806,24.005581
5242009,96829,24.005581
5247009,96852,24.005581
5252009,96875,24.005581
5257009,96898,24.005581
5262009,96921,24.005581
5267009,96944,24.005581
5272009,96967,24.005581
5277009,96990,24.005581
5282009,97013,24.005581
5287009,97036,24.005581
5292009,97059,24.005581
5297009,97082,24.005581
5302009,97105,24.005581
5307009,97128,24.005581
5312009,97151,24.005581
5317009,97174,24.005581
5322009,97197,24.005581
5327009,97221,25.049301
5332009,97244,24.005581
5337009,97267,24.005581
5342009,97290,24.005581
5347009,97313,24.005581
5352009,97336,24.005581
5357009,97359,24.005581
5362009,97382,24.005581
5367009,97405,24.005581
5372009,97428,24.005581
5377009,97451,24.005581
5382009,97474,24.005581
5387009,97497,24.005581
5392009,97520,24.005581
5397009,97543,24.005581
5402009,97566,24.005581
5407009,97589,24.005581
5412009,97612,24.005581
5417009,97635,24.005581
5422009,97658,24.005581
5427009,97681,24.005581
5432009,97704,24.005581
5437009,97727,24.005581
5442009,97750,24.005581
5447009,97774,25.049301
5452009,97797,24.005581
5457009,97820,24.005581
5462009,97843,24.005581
5467009,97866,24.005581
5472009,97889,24.005581
5477009,97912,24.005581
5482009,97935,24.005581
5487009,97958,24.005581
5492009,97981,24.005581
5497009,98004,24.005581
5502009,98027,24.005581
5507009,98050,24.005581
5512009,98073,24.005581
5517009,98096,24.005581
5522009,98119,24.005581
5527009,98142,24.005581
5532009,98165,24.005581
5537009,98189,25.049301
5542009,98211,22.961861
5547009,98235,25.049301
5552009,98258,24.005581
5557009,98281,24.005581
5562009,98304,24.005581
5567009,98327,24.005581
5572009,98350,24.005581
5577009,98373,24.005581
5582009,98396,24.005581
5587009,98419,24.005581
5592009,98442,24.005581
5597009,98465,24.005581
5602009,98488,24.005581
5607009,98511,24.005581
5612009,98534,24.005581
5617009,98557,24.005581
5622009,98580,24.005581
5627009,98603,24.005581
5632009,98627,25.049301
5637009,98650,24.005581
5642009,98673,24.005581
5647009,98696,24.005581
5652009,98719,24.005581
5657009,98742,24.005581
5662009,98765,24.005581
5667009,98788,24.005581
5672009,98811,24.005581
5677009,98834,24.005581
5682009,98857,24.005581
5687009,98880,24.005581
5692009,98903,24.005581
5697009,98926,24.005581
5702009,98949,24.005581
5707009,98972,24.005581
5712009,98995,24.005581
5717009,99018,24.005581
5722009,99041,24.005581
5727009,99064,24.005581
5732009,99087,24.005581
5737009,99111,25.049301
5742009,99134,24.005581
5747009,99157,24.005581
5752009,99180,24.005581
5757009,99203,24.005581
5762009,99226,24.005581
5767009,99249,24.005581
5772009,99272,24.005581
5777009,99295,24.005581
5782009,99318,24.005581
5787009,99341,24.005581
5792009,99364,24.005581
5797009,99387,24.005581
5802009,99410,24.005581
5807009,99433,24.005581
5812009,99457,25.049301
5817009,99480,24.005581
5822009,99503,24.005581
5827009,99526,24.005581
5832009,99549,24.005581
5837009,99572,24.005581
5842009,99595,24.005581
5847009,99618,24.005581
5852009,99641,24.005581
5857009,99664,24.005581
5862009,99687,24.005581
5867009,99710,24.005581
5872009,99733,24.005581
5877009,99757,25.049301
5882009,99780,24.005581
5887009,99803,24.005581
5892009,99826,24.005581
5897009,99849,24.005581
5902009,99872,24.005581
5907009,99895,24.005581
5912009,99918,24.005581
5917009,99941,24.005581
5922009,99964,24.005581
5927009,99987,24.005581
5932009,100011,25.049301
5937009,100033,22.961861
5942009,100057,25.049301
5947009,100080,24.005581
5952009,100103,24.005581
5957009,100126,24.005581
5962009,100149,24.005581
5967009,100172,24.005581
5972009,100195,24.005581
5977009,100218,24.005581
5982009,100241,24.005581
5987009,100264,24.005581
5992009,100287,24.005581
5997009,100311,25.049301
6002009,100334,24.005581
6007009,100357,24.005581
6012009,100380,24.005581
6017009,100403,24.005581
6022009,100426,24.005581
6027009,100449,24.005581
6032009,100472,24.005581
6037009,100495,24.005581
6042009,100518,24.005581
6047009,100541,24.005581
6052009,100565,25.049301
6057009,100588,24.005581
6062009,100611,24.005581
6067009,100634,24.005581
6072009,100657,24.005581
6077009,100680,24.005581
6082009,100703,24.005581
6087009,100726,24.005581
6092009,100749,24.005581
6097009,100772,24.005581
6102009,100795,24.005581
6107009,100819,25.049301
6112009,100842,24.005581
6117009,100865,24.005581
6122009,100888,24.005581
6127009,100911,24.005581
6132009,100934,24.005581
6137009,100957,24.005581
6142009,100980,24.005581
6147009,101003,24.005581
6152009,101026,24.005581
6157009,101049,24.005581
6162009,101072,24.005581
6167009,101095,24.005581
6172009,101119,25.049301
6177009,101142,24.005581
6182009,101165,24.005581
6187009,101188,24.005581
6192009,101211,24.005581
6197009,101234,24.005581
6202009,101257,24.005581
6207009,101280,24.005581
6212009,101303,24.005581
6217009,101326,24.005581
6222009,101349,24.005581
6227009,101372,24.005581
6232009,101395,24.005581
6237009,101419,25.049301
6242009,101442,24.005581
6247009,101465,24.005581
6252009,101488,24.005581
6257009,101511,24.005581
6262009,101534,24.005581
6267009,101557,24.005581
6272009,101580,24.005581
6277009,101603,24.005581
6282009,101626,24.005581
6287009,101649,24.005581
6292009,101672,24.005581
6297009,101695,24.005581
6302009,101718,24.005581
6307009,101741,24.005581
6312009,101764,24.005581
6317009,101787,24.005581
6322009,101811,25.049301
6327009,101834,24.005581
6332009,101857,24.005581
6337009,101880,24.005581
6342009,101903,24.005581
6347009,101926,24.005581
6352009,101949,24.005581
6357009,101972,24.005581
6362009,101995,24.005581
6367009,102018,24.005581
6372009,102041,24.005581
6377009,102064,24.005581
6382009,102087,24.005581
6387009,102110,24.005581
6392009,102133,24.005581
6397009,102156,24.005581
6402009,102179,24.005581
6407009,102203,25.049301
6412009,102226,24.005581
6417009,102249,24.005581
6422009,102272,24.005581
6427009,102295,24.005581
6432009,102318,24.005581
6437009,102341,24.005581
6442009,102364,24.005581
6447009,102387,24.005581
6452009,102410,24.005581
6457009,102433,24.005581
6462009,102457,25.049301
6467009,102480,24.005581
6472009,102503,24.005581
6477009,102526,24.005581
6482009,102549,24.005581
6487009,102572,24.005581
6492009,102595,24.005581
6497009,102618,24.005581
6502009,102641,24.005581
6507009,102664,24.005581
6512009,102687,24.005581
6517009,102711,25.049301
6522009,102734,24.005581
6527009,102757,24.005581
6532009,102780,24.005581
6537009,102803,24.005581
6542009,102826,24.005581
6547009,102849,24.005581
6552009,102872,24.005581
6557009,102895,24.005581
6562009,102918,24.005581
6567009,102941,24.005581
6572009,102965,25.049301
6577009,102988,24.005581
6582009,103011,24.005581
6587009,103034,24.005581
6592009,103057,24.005581
6597009,103080,24.005581
6602009,103103,24.005581
6607009,103126,24.005581
6612009,103149,24.005581
6617009,103172,24.005581
6622009,103195,24.005581
6627009,103218,24.005581
6632009,103241,24.005581
6637009,103265,25.049301
6642009,103288,24.005581
6647009,103311,24.005581
6652009,103334,24.005581
6657009,103357,24.005581
6662009,103380,24.005581
6667009,103403,24.005581
6672009,103426,24.005581
6677009,103449,24.005581
6682009,103472,24.005581
6687009,103495,24.005581
6692009,103518,24.005581
6697009,103542,25.049301
6702009,103565,24.005581
6707009,103588,24.005581
6712009,103611,24.005581
6717009,103634,24.005581
6722009,103657,24.005581
6727009,103680,24.005581
6732009,103703,24.005581
6737009,103726,24.005581
6742009,103749,24.005581
6747009,103773,25.049301
6752009,103796,24.005581
6757009,103819,24.005581
6762009,103842,24.005581
6767009,103865,24.005581
6772009,103888,24.005581
6777009,103911,24.005581
6782009,103934,24.005581
6787009,103957,24.005581
6792009,103980,24.005581
6797009,104003,24.005581
6802009,104027,25.049301
6807009,104050,24.005581
6812009,104073,24.005581
6817009,104096,24.005581
6822009,104119,24.005581
6827009,104142,24.005581
6832009,104165,24.005581
6837009,104188,24.005581
6842009,104211,24.005581
6847009,104234,24.005581
6852009,104257,24.005581
6857009,104281,25.049301
6862009,104304,24.005581
6867009,104327,24.005581
6872009,104350,24.005581
6877009,104373,24.005581
6882009,104396,24.005581
6887009,104419,24.005581
6892009,104442,24.005581
6897009,104465,24.005581
6902009,104489,25.049301
6907009,104512,24.005581
6912009,104535,24.005581
6917009,104558,24.005581
6922009,104581,24.005581
6927009,104604,24.005581
6932009,104627,24.005581
6937009,104650,24.005581
6942009,104674,25.049301
6947009,104697,24.005581
6952009,104720,24.005581
6957009,104743,24.005581
6962009,104766,24.005581
6967009,104789,24.005581
6972009,104812,24.005581
6977009,104835,24.005581
6982009,104859,25.049301
6987009,104882,24.005581
6992009,104905,24.005581
6997009,104928,24.005581
7002009,104951,24.005581
7007009,104974,24.005581
7012009,104997,24.005581
7017009,105021,25.049301
7022009,105044,24.005581
7027009,105067,24.005581
7032009,105090,24.005581
7037009,105113,24.005581
7042009,105136,24.005581
7047009,105159,24.005581
7052009,105182,24.005581
7057009,105205,24.005581
7062009,105229,25.049301
7067009,105252,24.005581
7072009,105275,24.005581
7077009,105298,24.005581
7082009,105321,24.005581
7087009,105344,24.005581
7092009,105367,24.005581
7097009,105391,25.049301
7102009,105414,24.005581
7107009,105437,24.005581
7112009,105460,24.005581
7117009,105483,24.005581
7122009,105506,24.005581
7127009,105529,24.005581
7132009,105552,24.005581
7137009,105575,24.005581
7142009,105598,24.005581
7147009,105622,25.049301
7152009,105645,24.005581
7157009,105668,24.005581
7162009,105691,24.005581
7167009,105714,24.005581
7172009,105737,24.005581
7177009,105760,24.005581
7182009,105783,24.005581
7187009,105806,24.005581
7192009,105829,24.005581
7197009,105853,25.049301
7202009,105876,24.005581
7207009,105899,24.005581
7212009,105922,24.005581
7217009,105945,24.005581
7222009,105968,24.005581
7227009,105991,24.005581
7232009,106014,24.005581
7237009,106037,24.005581
7242009,106061,25.049301
7247009,106084,24.005581
7252009,106107,24.005581
7257009,106130,24.005581
7262009,106153,24.005581
7267009,106176,24.005581
7272009,106199,24.005581
7277009,106222,24.005581
7282009,106245,24.005581
7287009,106269,25.049301
7292009,106292,24.005581
7297009,106315,24.005581
7302009,106338,24.005581
7307009,106361,24.005581
7312009,106384,24.005581
7317009,106407,24.005581
7322009,106430,24.005581
7327009,106454,25.049301
7332009,106477,24.005581
7337009,106500,24.005581
7342009,106523,24.005581
7347009,106546,24.005581
7352009,106569,24.005581
7357009,106592,24.005581
7362009,106615,24.005581
7367009,106639,25.049301
7372009,106662,24.005581
7377009,106685,24.005581
7382009,106708,24.005581
7387009,106731,24.005581
7392009,106754,24.005581
7397009,106777,24.005581
7402009,106800,24.005581
7407009,106823,24.005581
7412009,106847,25.049301
7417009,106870,24.005581
7422009,106893,24.005581
7427009,106916,24.005581
7432009,106939,24.005581
7437009,106962,24.005581
7442009,106985,24.005581
7447009,107008,24.005581
7452009,107031,24.005581
7457009,107055,25.049301
7462009,107078,24.005581
7467009,107101,24.005581
7472009,107124,24.005581
7477009,107147,24.005581
7482009,107170,24.005581
7487009,107193,24.005581
7492009,107216,24.005581
7497009,107240,25.049301
7502009,107263,24.005581
7507009,107286,24.005581
7512009,107309,24.005581
7517009,107332,24.005581
7522009,107355,24.005581
7527009,107378,24.005581
7532009,107401,24.005581
7537009,107425,25.049301
7542009,107448,24.005581
7547009,107471,24.005581
7552009,107494,24.005581
7557009,107517,24.005581
7562009,107540,24.005581
7567009,107563,24.005581
7572009,107587,25.049301
7577009,107610,24.005581
7582009,107633,24.005581
7587009,107656,24.005581
7592009,107679,24.005581
7597009,107702,24.005581
7602009,107725,24.005581
7607009,107749,25.049301
7612009,107772,24.005581
7617009,107795,24.005581
7622009,107818,24.005581
7627009,107841,24.005581
7632009,107864,24.005581
7637009,107887,24.005581
7642009,107911,25.049301
7647009,107934,24.005581
7652009,107957,24.005581
7657009,107980,24.005581
7662009,108003,24.005581
7667009,108026,24.005581
7672009,108049,24.005581
7677009,108073,25.049301
7682009,108096,24.005581
7687009,108119,24.005581
7692009,108142,24.005581
7697009,108165,24.005581
7702009,108188,24.005581
7707009,108212,25.049301
7712009,108235,24.005581
7717009,108258,24.005581
7722009,108281,24.005581
7727009,108304,24.005581
7732009,108327,24.005581
7737009,108350,24.005581
7742009,108373,24.005581
7747009,108397,25.049301
7752009,108420,24.005581
7757009,108443,24.005581
7762009,108466,24.005581
7767009,108489,24.005581
7772009,108512,24.005581
7777009,108535,24.005581
7782009,108559,25.049301
7787009,108582,24.005581
7792009,108605,24.005581
7797009,108628,24.005581
7802009,108651,24.005581
7807009,108674,24.005581
7812009,108697,24.005581
7817009,108721,25.049301
7822009,108744,24.005581
7827009,108767,24.005581
7832009,108790,24.005581
7837009,108813,24.005581
7842009,108836,24.005581
7847009,108859,24.005581
7852009,108882,24.005581
7857009,108905,24.005581
7862009,108929,25.049301
7867009,108952,24.005581
7872009,108975,24.005581
7877009,108998,24.005581
7882009,109021,24.005581
7887009,109044,24.005581
7892009,109067,24.005581
7897009,109090,24.005581
7902009,109113,24.005581
7907009,109137,25.049301
7912009,109160,24.005581
7917009,109183,24.005581
7922009,109206,24.005581
7927009,109229,24.005581
7932009,109252,24.005581
7937009,109275,24.005581
7942009,109298,24.005581
7947009,109321,24.005581
7952009,109345,25.049301
7957009,109368,24.005581
7962009,109391,24.005581
7967009,109414,24.005581
7972009,109437,24.005581
7977009,109460,24.005581
7982009,109483,24.005581
7987009,109506,24.005581
7992009,109529,24.005581
7997009,109553,25.049301
8002009,109576,24.005581
8007009,109599,24.005581
8012009,109622,24.005581
8017009,109645,24.005581
8022009,109668,24.005581
8027009,109691,24.005581
8032009,109714,24.005581
8037009,109737,24.005581
8042009,109760,24.005581
8047009,109783,24.005581
8052009,109807,25.049301
8057009,109830,24.005581
8062009,109853,24.005581
8067009,109876,24.005581
8072009,109899,24.005581
8077009,109922,24.005581
8082009,109945,24.005581
8087009,109968,24.005581
8092009,109991,24.005581
8097009,110014,24.005581
8102009,110037,24.005581
8107009,110061,25.049301
8112009,110084,24.005581
8117009,110107,24.005581
8122009,110130,24.005581
8127009,110153,24.005581
8132009,110176,24.005581
8137009,110199,24.005581
8142009,110222,24.005581
8147009,110245,24.005581
8152009,110269,25.049301
8157009,110291,22.961861
8162009,110315,25.049301
8167009,110338,24.005581
8172009,110361,24.005581
8177009,110384,24.005581
8182009,110407,24.005581
8187009,110430,24.005581
8192009,110453,24.005581
8197009,110476,24.005581
8202009,110499,24.005581
8207009,110523,25.049301
8212009,110546,24.005581
8217009,110569,24.005581
8222009,110592,24.005581
8227009,110615,24.005581
8232009,110638,24.005581
8237009,110661,24.005581
8242009,110684,24.005581
8247009,110707,24.005581
8252009,110731,25.049301
8257009,110754,24.005581
8262009,110777,24.005581
8267009,110800,24.005581
8272009,110823,24.005581
8277009,110846,24.005581
8282009,110869,24.005581
8287009,110893,25.049301
8292009,110916,24.005581
8297009,110939,24.005581
8302009,110962,24.005581
8307009,110985,24.005581
8312009,111008,24.005581
8317009,111031,24.005581
8322009,111054,24.005581
8327009,111078,25.049301
8332009,111101,24.005581
8337009,111124,24.005581
8342009,111147,24.005581
8347009,111170,24.005581
8352009,111193,24.005581
8357009,111216,24.005581
8362009,111240,25.049301
8367009,111263,24.005581
8372009,111286,24.005581
8377009,111309,24.005581
8382009,111332,24.005581
8387009,111355,24.005581
8392009,111378,24.005581
8397009,111401,24.005581
8402009,111425,25.049301
8407009,111448,24.005581
8412009,111471,24.005581
8417009,111494,24.005581
8422009,111517,24.005581
8427009,111540,24.005581
8432009,111563,24.005581
8437009,111586,24.005581
8442009,111610,25.049301
8447009,111633,24.005581
8452009,111656,24.005581
8457009,111679,24.005581
8462009,111702,24.005581
8467009,111725,24.005581
8472009,111748,24.005581
8477009,111771,24.005581
8482009,111795,25.049301
8487009,111818,24.005581
8492009,111841,24.005581
8497009,111864,24.005581
8502009,111887,24.005581
8507009,111910,24.005581
8512009,111933,24.005581
8517009,111956,24.005581
8522009,111979,24.005581
8527009,112003,25.049301
8532009,112026,24.005581
8537009,112049,24.005581
8542009,112072,24.005581
8547009,112095,24.005581
8552009,112118,24.005581
8557009,112141,24.005581
8562009,112165,25.049301
8567009,112188,24.005581
8572009,112211,24.005581
8577009,112234,24.005581
8582009,112257,24.005581
8587009,112280,24.005581
8592009,112303,24.005581
8597009,112327,25.049301
8602009,112350,24.005581
8607009,112373,24.005581
8612009,112396,24.005581
8617009,112419,24.005581
8622009,112442,24.005581
8627009,112465,24.005581
8632009,112489,25.049301
8637009,112512,24.005581
8642009,112535,24.005581
8647009,112558,24.005581
8652009,112581,24.005581
8657009,112604,24.005581
8662009,112627,24.005581
8667009,112651,25.049301
8672009,112674,24.005581
8677009,112697,24.005581
8682009,112720,24.005581
8687009,112743,24.005581
8692009,112766,24.005581
8697009,112789,24.005581
8702009,112813,25.049301
8707009,112836,24.005581
8712009,112859,24.005581
8717009,112882,24.005581
8722009,112905,24.005581
8727009,112928,24.005581
8732009,112951,24.005581
8737009,112975,25.049301
8742009,112998,24.005581
8747009,113021,24.005581
8752009,113044,24.005581
8757009,113067,24.005581
8762009,113090,24.005581
8767009,113113,24.005581
8772009,113137,25.049301
8777009,113160,24.005581
8782009,113183,24.005581
8787009,113206,24.005581
8792009,113229,24.005581
8797009,113252,24.005581
8802009,113275,24.005581
8807009,113299,25.049301
8812009,113322,24.005581
8817009,113345,24.005581
8822009,113368,24.005581
8827009,113391,24.005581
8832009,113414,24.005581
8837009,113437,24.005581
8842009,113461,25.049301
8847009,113484,24.005581
8852009,113507,24.005581
8857009,113530,24.005581
8862009,113553,24.005581
8867009,113576,24.005581
8872009,113599,24.005581
8877009,113623,25.049301
8882009,113646,24.005581
8887009,113669,24.005581
8892009,113692,24.005581
8897009,113715,24.005581
8902009,113738,24.005581
8907009,113761,24.005581
8912009,113785,25.049301
8917009,113808,24.005581
8922009,113831,24.005581
8927009,113854,24.005581
8932009,113877,24.005581
8937009,113900,24.005581
8942009,113923,24.005581
8947009,113947,25.049301
8952009,113970,24.005581
8957009,113993,24.005581
8962009,114016,24.005581
8967009,114039,24.005581
8972009,114062,24.005581
8977009,114085,24.005581
8982009,114109,25.049301
8987009,114132,24.005581
8992009,114155,24.005581
8997009,114178,24.005581
9002009,114201,24.005581
9007009,114224,24.005581
9012009,114247,24.005581
9017009,114270,24.005581
9022009,114293,24.005581
9027009,114317,25.049301
9032009,114340,24.005581
9037009,114363,24.005581
9042009,114386,24.005581
9047009,114409,24.005581
9052009,114432,24.005581
9057009,114455,24.005581
9062009,114479,25.049301
9067009,114502,24.005581
9072009,114525,24.005581
9077009,114548,24.005581
9082009,114571,24.005581
9087009,114594,24.005581
9092009,114617,24.005581
9097009,114640,24.005581
9102009,114663,24.005581
9107009,114687,25.049301
9112009,114710,24.005581
9117009,114733,24.005581
9122009,114756,24.005581
9127009,114779,24.005581
9132009,114802,24.005581
9137009,114825,24.005581
9142009,114848,24.005581
9147009,114871,24.005581
9152009,114894,24.005581
9157009,114917,24.005581
9162009,114941,25.049301
9167009,114964,24.005581
9172009,114987,24.005581
9177009,115010,24.005581
9182009,115033,24.005581
9187009,115056,24.005581
9192009,115079,24.005581
9197009,115102,24.005581
9202009,115125,24.005581
9207009,115149,25.049301
9212009,115172,24.005581
9217009,115195,24.005581
9222009,115218,24.005581
9227009,115241,24.005581
9232009,115264,24.005581
9237009,115287,24.005581
9242009,115310,24.005581
9247009,115333,24.005581
9252009,115356,24.005581
9257009,115379,24.005581
9262009,115403,25.049301
9267009,115426,24.005581
9272009,115449,24.005581
9277009,115472,24.005581
9282009,115495,24.005581
9287009,115518,24.005581
9292009,115541,24.005581
9297009,115564,24.005581
9302009,115587,24.005581
9307009,115611,25.049301
9312009,115634,24.005581
9317009,115657,24.005581
9322009,115680,24.005581
9327009,115703,24.005581
9332009,115726,24.005581
9337009,115749,24.005581
9342009,115772,24.005581
9347009,115795,24.005581
9352009,115819,25.049301
9357009,115842,24.005581
9362009,115865,24.005581
9367009,115888,24.005581
9372009,115911,24.005581
9377009,115934,24.005581
9382009,115957,24.005581
9387009,115981,25.049301
9392009,116004,24.005581
9397009,116027,24.005581
9402009,116050,24.005581
9407009,116073,24.005581
9412009,116096,24.005581
9417009,116119,24.005581
9422009,116143,25.049301
9427009,116166,24.005581
9432009,116189,24.005581
9437009,116212,24.005581
9442009,116235,24.005581
9447009,116258,24.005581
9452009,116281,24.005581
9457009,116305,25.049301
9462009,116328,24.005581
9467009,116351,24.005581
9472009,116374,24.005581
9477009,116397,24.005581
9482009,116420,24.005581
9487009,116444,25.049301
9492009,116467,24.005581
9497009,116490,24.005581
9502009,116513,24.005581
9507009,116536,24.005581
9512009,116559,24.005581
9517009,116582,24.005581
9522009,116606,25.049301
9527009,116629,24.005581
9532009,116652,24.005581
9537009,116675,24.005581
9542009,116698,24.005581
9547009,116721,24.005581
9552009,116745,25.049301
9557009,116768,24.005581
9562009,116791,24.005581
9567009,116814,24.005581
9572009,116837,24.005581
9577009,116860,24.005581
9582009,116883,24.005581
9587009,116907,25.049301
9592009,116930,24.005581
9597009,116953,24.005581
9602009,116976,24.005581
9607009,116999,24.005581
9612009,117023,25.049301
9617009,117046,24.005581
9622009,117069,24.005581
9627009,117092,24.005581
9632009,117115,24.005581
9637009,117138,24.005581
9642009,117162,25.049301
9647009,117185,24.005581
9652009,117208,24.005581
9657009,117231,24.005581
9662009,117254,24.005581
9667009,117277,24.005581
9672009,117301,25.049301
9677009,117324,24.005581
9682009,117347,24.005581
9687009,117370,24.005581
9692009,117393,24.005581
9697009,117417,25.049301
9702009,117440,24.005581
9707009,117463,24.005581
9712009,117486,24.005581
9717009,117509,24.005581
9722009,117532,24.005581
9727009,117556,25.049301
9732009,117579,24.005581
9737009,117602,24.005581
9742009,117625,24.005581
9747009,117648,24.005581
9752009,117672,25.049301
9757009,117695,24.005581
9762009,117718,24.005581
9767009,117741,24.005581
9772009,117764,24.005581
9777009,117788,25.049301
9782009,117811,24.005581
9787009,117834,24.005581
9792009,117857,24.005581
9797009,117880,24.005581
9802009,117904,25.049301
9807009,117927,24.005581
9812009,117950,24.005581
9817009,117973,24.005581
9822009,117996,24.005581
9827009,118020,25.049301
9832009,118043,24.005581
9837009,118066,24.005581
9842009,118089,24.005581
9847009,118112,24.005581
9852009,118136,25.049301
9857009,118159,24.005581
9862009,118182,24.005581
9867009,118205,24.005581
9872009,118228,24.005581
9877009,118252,25.049301
9882009,118275,24.005581
9887009,118298,24.005581
9892009,118321,24.005581
9897009,118344,24.005581
9902009,118368,25.049301
9907009,118391,24.005581
9912009,118414,24.005581
9917009,118437,24.005581
9922009,118460,24.005581
9927009,118484,25.049301
9932009,118507,24.005581
9937009,118530,24.005581
9942009,118553,24.005581
9947009,118576,24.005581
9952009,118600,25.049301
9957009,118623,24.005581
9962009,118646,24.005581
9967009,118669,24.005581
9972009,118693,25.049301
9977009,118716,24.005581
9982009,118739,24.005581
9987009,118762,24.005581
9992009,118785,24.005581
9997009,118808,24.005581
10002009,118832,25.049301
10007009,118855,24.005581
10012009,118878,24.005581
10017009,118901,24.005581
10022009,118924,24.005581
10027009,118948,25.049301
10032009,118971,24.005581
10037009,118994,24.005581
10042009,119017,24.005581
10047009,119040,24.005581
10052009,119063,24.005581
10057009,119087,25.049301
10062009,119110,24.005581
10067009,119133,24.005581
10072009,119156,24.005581
10077009,119179,24.005581
10082009,119203,25.049301
10087009,119226,24.005581
10092009,119249,24.005581
10097009,119272,24.005581
10102009,119295,24.005581
10107009,119318,24.005581
10112009,119342,25.049301
10117009,119365,24.005581
10122009,119388,24.005581
10127009,119411,24.005581
10132009,119434,24.005581
10137009,119457,24.005581
10142009,119481,25.049301
10147009,119504,24.005581
10152009,119527,24.005581
10157009,119550,24.005581
10162009,119573,24.005581
10167009,119597,25.049301
10172009,119620,24.005581
10177009,119643,24.005581
10182009,119666,24.005581
10187009,119689,24.005581
10192009,119713,25.049301
10197009,119736,24.005581
10202009,119759,24.005581
10207009,119782,24.005581
10212009,119805,24.005581
10217009,119829,25.049301
10222009,119852,24.005581
10227009,119875,24.005581
10232009,119898,24.005581
10237009,119921,24.005581
10242009,119945,25.049301
10247009,119968,24.005581
10252009,119991,24.005581
10257009,120014,24.005581
10262009,120037,24.005581
10267009,120061,25.049301
10272009,120084,24.005581
10277009,120107,24.005581
10282009,120130,24.005581
10287009,120153,24.005581
10292009,120177,25.049301
10297009,120200,24.005581
10302009,120223,24.005581
10307009,120246,24.005581
10312009,120269,24.005581
