
Time_us,Position,Speed_rad_per_s
1312008,133571,0.000000
1317008,133571,0.000000
1322008,133574,3.131163
1327009,133579,5.217561
1332009,133585,6.262325
1337009,133593,8.349768
1342009,133602,9.393488
1347009,133613,11.480930
1352009,133625,12.524651
1357009,133637,12.524651
1362009,133651,14.612093
1367009,133666,15.655814
1372009,133681,15.655814
1377009,133698,17.743256
1382009,133715,17.743256
1387009,133732,17.743256
1392009,133750,18.786976
1397009,133769,19.830698
1402009,133788,19.830698
1407009,133808,20.874418
1412009,133829,21.918139
1417009,133849,20.874418
1422009,133871,22.961861
1427009,133892,21.918139
1432009,133914,22.961861
1437009,133936,22.961861
1442009,133959,24.005581
1447009,133981,22.961861
1452009,134004,24.005581
1457009,134027,24.005581
1462009,134050,24.005581
1467009,134074,25.049301
1472009,134097,24.005581
1477009,134121,25.049301
1482009,134145,25.049301
1487009,134169,25.049301
1492009,134193,25.049301
1497009,134217,25.049301
1502009,134241,25.049301
1507009,134266,26.093023
1512009,134290,25.049301
1517009,134315,26.093023
1522009,134339,25.049301
1527009,134364,26.093023
1532009,134389,26.093023
1537009,134413,25.049301
1542009,134438,26.093023
1547009,134463,26.093023
1552009,134488,26.093023
1557009,134513,26.093023
1562009,134539,27.136744
1567009,134564,26.093023
1572009,134589,26.093023
1577009,134615,27.136744
1582009,134640,26.093023
1587009,134665,26.093023
1592009,134691,27.136744
1597009,134716,26.093023
1602009,134742,27.136744
1607009,134768,27.136744
1612009,134793,26.093023
1617009,134819,27.136744
1622009,134845,27.136744
1627009,134870,26.093023
1632009,134896,27.136744
1637009,134922,27.136744
1642009,134947,26.093023
1647009,134973,27.136744
1652009,134999,27.136744
1657009,135025,27.136744
1662009,135050,26.093023
1667009,135076,27.136744
1672009,135102,27.136744
1677009,135128,27.136744
1682009,135154,27.136744
1687009,135179,26.093023
1692009,135205,27.136744
1697009,135231,27.136744
1702009,135257,27.136744
1707009,135282,26.093023
1712009,135308,27.136744
1717009,135334,27.136744
1722009,135360,27.136744
1727009,135386,27.136744
1732009,135411,26.093023
1737009,135437,27.136744
1742009,135463,27.136744
1747009,135489,27.136744
1752009,135515,27.136744
1757009,135541,27.136744
1762009,135566,26.093023
1767009,135592,27.136744
1772009,135618,27.136744
1777009,135644,27.136744
1782009,135670,27.136744
1787009,135696,27.136744
1792009,135721,26.093023
1797009,135747,27.136744
1802009,135773,27.136744
1807009,135799,27.136744
1812009,135825,27.136744
1817009,135851,27.136744
1822009,135877,27.136744
1827009,135903,27.136744
1832009,135929,27.136744
1837009,135954,26.093023
1842009,135980,27.136744
1847009,136006,27.136744
1852009,136032,27.136744
1857009,136058,27.136744
1862009,136084,27.136744
1867009,136110,27.136744
1872009,136136,27.136744
1877009,136162,27.136744
1882009,136187,26.093023
1887009,136213,27.136744
1892009,136239,27.136744
1897009,136265,27.136744
1902009,136291,27.136744
1907009,136317,27.136744
1912009,136343,27.136744
1917009,136369,27.136744
1922009,136395,27.136744
1927009,136421,27.136744
1932009,136447,27.136744
1937009,136472,26.093023
1942009,136498,27.136744
1947009,136524,27.136744
1952009,136550,27.136744
1957009,136576,27.136744
1962009,136602,27.136744
1967009,136628,27.136744
1972009,136654,27.136744
1977009,136680,27.136744
1982009,136706,27.136744
1987009,136732,27.136744
1992009,136757,26.093023
1997009,136783,27.136744
2002009,136809,27.136744
2007009,136835,27.136744
2012009,136861,27.136744
2017009,136887,27.136744
2022009,136913,27.136744
2027009,136939,27.136744
2032009,136965,27.136744
2037009,136991,27.136744
2042009,137017,27.136744
2047009,137043,27.136744
2052009,137069,27.136744
2057009,137095,27.136744
2062009,137121,27.136744
2067009,137146,26.093023
2072009,137172,27.136744
2077009,137198,27.136744
2082009,137224,27.136744
2087009,137250,27.136744
2092009,137276,27.136744
2097009,137302,27.136744
2102009,137328,27.136744
2107009,137354,27.136744
2112009,137380,27.136744
2117009,137406,27.136744
2122009,137432,27.136744
2127009,137458,27.136744
2132009,137484,27.136744
2137009,137510,27.136744
2142009,137536,27.136744
2147009,137562,27.136744
2152009,137588,27.136744
2157009,137614,27.136744
2162009,137640,27.136744
2167009,137666,27.136744
2172009,137692,27.136744
2177009,137717,26.093023
2182009,137743,27.136744
2187009,137769,27.136744
2192009,137795,27.136744
2197009,137821,27.136744
2202009,137847,27.136744
2207009,137873,27.136744
2212009,137899,27.136744
2217009,137925,27.136744
2222009,137951,27.136744
2227009,137977,27.136744
2232009,138003,27.136744
2237009,138029,27.136744
2242009,138055,27.136744
2247009,138081,27.136744
2252009,138107,27.136744
2257009,138133,27.136744
2262009,138159,27.136744
2267009,138185,27.136744
2272009,138211,27.136744
2277009,138237,27.136744
2282009,138263,27.136744
2287009,138289,27.136744
2292009,138315,27.136744
2297009,138341,27.136744
2302009,138367,27.136744
2307009,138394,28.180466
2312009,138420,27.136744
2317009,138446,27.136744
2322009,138472,27.136744
2327009,138498,27.136744
2332009,138524,27.136744
2337009,138550,27.136744
2342009,138576,27.136744
2347009,138602,27.136744
2352009,138628,27.136744
2357009,138654,27.136744
2362009,138680,27.136744
2367009,138706,27.136744
2372009,138732,27.136744
2377009,138758,27.136744
2382009,138784,27.136744
2387009,138810,27.136744
2392009,138836,27.136744
2397009,138862,27.136744
2402009,138888,27.136744
2407009,138914,27.136744
2412009,138940,27.136744
2417009,138965,26.093023
2422009,138991,27.136744
2427009,139017,27.136744
2432009,139043,27.136744
2437009,139069,27.136744
2442009,139095,27.136744
2447009,139121,27.136744
2452009,139147,27.136744
2457009,139173,27.136744
2462009,139199,27.136744
2467009,139225,27.136744
2472009,139251,27.136744
2477009,139277,27.136744
2482009,139303,27.136744
2487009,139330,28.180466
2492009,139356,27.136744
2497009,139382,27.136744
2502009,139408,27.136744
2507009,139434,27.136744
2512009,139460,27.136744
2517009,139486,27.136744
2522009,139512,27.136744
2527009,139538,27.136744
2532009,139564,27.136744
2537009,139590,27.136744
2542009,139616,27.136744
2547009,139642,27.136744
2552009,139669,28.180466
2557009,139695,27.136744
2562009,139721,27.136744
2567009,139747,27.136744
2572009,139773,27.136744
2577009,139799,27.136744
2582009,139825,27.136744
2587009,139851,27.136744
2592009,139877,27.136744
2597009,139904,28.180466
2602009,139930,27.136744
2607009,139956,27.136744
2612009,139982,27.136744
2617009,140008,27.136744
2622009,140034,27.136744
2627009,140060,27.136744
2632009,140086,27.136744
2637009,140113,28.180466
2642009,140139,27.136744
2647009,140165,27.136744
2652009,140191,27.136744
2657009,140217,27.136744
2662009,140243,27.136744
2667009,140269,27.136744
2672009,140295,27.136744
2677009,140321,27.136744
2682009,140347,27.136744
2687009,140374,28.180466
2692009,140400,27.136744
2697009,140426,27.136744
2702009,140452,27.136744
2707009,140478,27.136744
2712009,140504,27.136744
2717009,140530,27.136744
2722009,140556,27.136744
2727009,140582,27.136744
2732009,140609,28.180466
2737009,140635,27.136744
2742009,140661,27.136744
2747009,140687,27.136744
2752009,140713,27.136744
2757009,140739,27.136744
2762009,140765,27.136744
2767009,140791,27.136744
2772009,140818,28.180466
2777009,140844,27.136744
2782009,140870,27.136744
2787009,140896,27.136744
2792009,140922,27.136744
2797009,140948,27.136744
2802009,140975,28.180466
2807009,141001,27.136744
2812009,141027,27.136744
2817009,141053,27.136744
2822009,141079,27.136744
2827009,141105,27.136744
2832009,141131,27.136744
2837009,141157,27.136744
2842009,141184,28.180466
2847009,141210,27.136744
2852009,141236,27.136744
2857009,141262,27.136744
2862009,141288,27.136744
2867009,141314,27.136744
2872009,141341,28.180466
2877009,141367,27.136744
2882009,141393,27.136744
2887009,141419,27.136744
2892009,141445,27.136744
2897009,141471,27.136744
2902009,141497,27.136744
2907009,141523,27.136744
2912009,141550,28.180466
2917009,141576,27.136744
2922009,141602,27.136744
2927009,141628,27.136744
2932009,141654,27.136744
2937009,141680,27.136744
2942009,141706,27.136744
2947009,141733,28.180466
2952009,141759,27.136744
2957009,141785,27.136744
2962009,141811,27.136744
2967009,141837,27.136744
2972009,141863,27.136744
2977009,141889,27.136744
2982009,141915,27.136744
2987009,141941,27.136744
2992009,141968,28.180466
2997009,141994,27.136744
3002009,142020,27.136744
3007009,142046,27.136744
3012009,142072,27.136744
3017009,142098,27.136744
3022009,142125,28.180466
3027009,142151,27.136744
3032009,142177,27.136744
3037009,142203,27.136744
3042009,142229,27.136744
3047009,142255,27.136744
3052009,142281,27.136744
3057009,142307,27.136744
3062009,142333,27.136744
3067009,142360,28.180466
3072009,142386,27.136744
3077009,142412,27.136744
3082009,142438,27.136744
3087009,142464,27.136744
3092009,142490,27.136744
3097009,142516,27.136744
3102009,142542,27.136744
3107009,142568,27.136744
3112009,142595,28.180466
3117009,142621,27.136744
3122009,142647,27.136744
3127009,142673,27.136744
3132009,142699,27.136744
3137009,142725,27.136744
3142009,142751,27.136744
3147009,142777,27.136744
3152009,142803,27.136744
3157009,142829,27.136744
3162009,142856,28.180466
3167009,142882,27.136744
3172009,142908,27.136744
3177009,142934,27.136744
3182009,142960,27.136744
3187009,142986,27.136744
3192009,143012,27.136744
3197009,143038,27.136744
3202009,143065,28.180466
3207009,143091,27.136744
3212009,143117,27.136744
3217009,143143,27.136744
3222009,143169,27.136744
3227009,143195,27.136744
3232009,143221,27.136744
3237009,143247,27.136744
3242009,143273,27.136744
3247009,143299,27.136744
3252009,143326,28.180466
3257009,143352,27.136744
3262009,143378,27.136744
3267009,143404,27.136744
3272009,143430,27.136744
3277009,143456,27.136744
3282009,143482,27.136744
3287009,143508,27.136744
3292009,143535,28.180466
3297009,143561,27.136744
3302009,143587,27.136744
3307009,143613,27.136744
3312009,143639,27.136744
3317009,143665,27.136744
3322009,143691,27.136744
3327009,143717,27.136744
3332009,143744,28.180466
3337009,143770,27.136744
3342009,143796,27.136744
3347009,143822,27.136744
3352009,143848,27.136744
3357009,143874,27.136744
3362009,143901,28.180466
3367009,143927,27.136744
3372009,143953,27.136744
3377009,143979,27.136744
3382009,144005,27.136744
3387009,144031,27.136744
3392009,144057,27.136744
3397009,144084,28.180466
3402009,144110,27.136744
3407009,144136,27.136744
3412009,144162,27.136744
3417009,144188,27.136744
3422009,144214,27.136744
3427009,144241,28.180466
3432009,144267,27.136744
3437009,144293,27.136744
3442009,144319,27.136744
3447009,144345,27.136744
3452009,144371,27.136744
3457009,144397,27.136744
3462009,144424,28.180466
3467009,144450,27.136744
3472009,144476,27.136744
3477009,144502,27.136744
3482009,144528,27.136744
3487009,144554,27.136744
3492009,144581,28.180466
3497009,144607,27.136744
3502009,144633,27.136744
3507009,144659,27.136744
3512009,144685,27.136744
3517009,144711,27.136744
3522009,144737,27.136744
3527009,144764,28.180466
3532009,144790,27.136744
3537009,144816,27.136744
3542009,144842,27.136744
3547009,144868,27.136744
3552009,144895,28.180466
3557009,144921,27.136744
3562009,144947,27.136744
3567009,144973,27.136744
3572009,144999,27.136744
3577009,145025,27.136744
3582009,145052,28.180466
3587009,145078,27.136744
3592009,145104,27.136744
3597009,145130,27.136744
3602009,145157,28.180466
3607009,145183,27.136744
3612009,145209,27.136744
3617009,145235,27.136744
3622009,145261,27.136744
3627009,145287,27.136744
3632009,145314,28.180466
3637009,145340,27.136744
3642009,145366,27.136744
3647009,145392,27.136744
3652009,145419,28.180466
3657009,145445,27.136744
3662009,145471,27.136744
3667009,145497,27.136744
3672009,145523,27.136744
3677009,145550,28.180466
3682009,145576,27.136744
3687009,145602,27.136744
3692009,145628,27.136744
3697009,145655,28.180466
3702009,145681,27.136744
3707009,145707,27.136744
3712009,145733,27.136744
3717009,145759,27.136744
3722009,145786,28.180466
3727009,145812,27.136744
3732009,145838,27.136744
3737009,145864,27.136744
3742009,145891,28.180466
3747009,145917,27.136744
3752009,145943,27.136744
3757009,145969,27.136744
3762009,145995,27.136744
3767009,146022,28.180466
3772009,146048,27.136744
3777009,146074,27.136744
3782009,146100,27.136744
3787009,146127,28.180466
3792009,146153,27.136744
3797009,146179,27.136744
3802009,146205,27.136744
3807009,146231,27.136744
3812009,146258,28.180466
3817009,146284,27.136744
3822009,146310,27.136744
3827009,146336,27.136744
3832009,146363,28.180466
3837009,146389,27.136744
3842009,146415,27.136744
3847009,146441,27.136744
3852009,146468,28.180466
3857009,146494,27.136744
3862009,146520,27.136744
3867009,146546,27.136744
3872009,146573,28.180466
3877009,146599,27.136744
3882009,146625,27.136744
3887009,146651,27.136744
3892009,146677,27.136744
3897009,146704,28.180466
3902009,146730,27.136744
3907009,146756,27.136744
3912009,146782,27.136744
3917009,146809,28.180466
3922009,146835,27.136744
3927009,146861,27.136744
3932009,146887,27.136744
3937009,146913,27.136744
3942009,146940,28.180466
3947009,146966,27.136744
3952009,146992,27.136744
3957009,147018,27.136744
3962009,147045,28.180466
3967009,147071,27.136744
3972009,147097,27.136744
3977009,147123,27.136744
3982009,147149,27.136744
3987009,147176,28.180466
3992009,147202,27.136744
3997009,147228,27.136744
4002009,147254,27.136744
4007009,147281,28.180466
4012009,147307,27.136744
4017009,147333,27.136744
4022009,147359,27.136744
4027009,147386,28.180466
4032009,147412,27.136744
4037009,147438,27.136744
4042009,147464,27.136744
4047009,147491,28.180466
4052009,147517,27.136744
4057009,147543,27.136744
4062009,147569,27.136744
4067009,147595,27.136744
4072009,147622,28.180466
4077009,147648,27.136744
4082009,147674,27.136744
4087009,147700,27.136744
4092009,147726,27.136744
4097009,147753,28.180466
4102009,147779,27.136744
4107009,147805,27.136744
4112009,147831,27.136744
4117009,147857,27.136744
4122009,147884,28.180466
4127009,147910,27.136744
4132009,147936,27.136744
4137009,147962,27.136744
4142009,147989,28.180466
4147009,148015,27.136744
4152009,148041,27.136744
4157009,148067,27.136744
4162009,148093,27.136744
4167009,148120,28.180466
4172009,148146,27.136744
4177009,148172,27.136744
4182009,148198,27.136744
4187009,148225,28.180466
4192009,148251,27.136744
4197009,148277,27.136744
4202009,148303,27.136744
4207009,148329,27.136744
4212009,148356,28.180466
4217009,148382,27.136744
4222009,148408,27.136744
4227009,148434,27.136744
4232009,148461,28.180466
4237009,148487,27.136744
4242009,148513,27.136744
4247009,148539,27.136744
4252009,148565,27.136744
4257009,148592,28.180466
4262009,148618,27.136744
4267009,148644,27.136744
4272009,148670,27.136744
4277009,148696,27.136744
4282009,148723,28.180466
4287009,148749,27.136744
4292009,148775,27.136744
4297009,148801,27.136744
4302009,148827,27.136744
4307009,148854,28.180466
4312009,148880,27.136744
4317009,148906,27.136744
4322009,148932,27.136744
4327009,148959,28.180466
4332009,148985,27.136744
4337009,149011,27.136744
4342009,149037,27.136744
4347009,149063,27.136744
4352009,149089,27.136744
4357009,149116,28.180466
4362009,149142,27.136744
4367009,149168,27.136744
4372009,149194,27.136744
4377009,149221,28.180466
4382009,149247,27.136744
4387009,149273,27.136744
4392009,149299,27.136744
4397009,149325,27.136744
4402009,149352,28.180466
4407009,149378,27.136744
4412009,149404,27.136744
4417009,149430,27.136744
4422009,149456,27.136744
4427009,149483,28.180466
4432009,149509,27.136744
4437009,149535,27.136744
4442009,149561,27.136744
4447009,149587,27.136744
4452009,149614,28.180466
4457009,149640,27.136744
4462009,149666,27.136744
4467009,149692,27.136744
4472009,149718,27.136744
4477009,149745,28.180466
4482009,149771,27.136744
4487009,149797,27.136744
4492009,149823,27.136744
4497009,149849,27.136744
4502009,149876,28.180466
4507009,149902,27.136744
4512009,149928,27.136744
4517009,149954,27.136744
4522009,149980,27.136744
4527009,150007,28.180466
4532009,150033,27.136744
4537009,150059,27.136744
4542009,150085,27.136744
4547009,150111,27.136744
4552009,150138,28.180466
4557009,150164,27.136744
4562009,150190,27.136744
4567009,150216,27.136744
4572009,150242,27.136744
4577009,150269,28.180466
4582009,150295,27.136744
4587009,150321,27.136744
4592009,150347,27.136744
4597009,150373,27.136744
4602009,150400,28.180466
4607009,150426,27.136744
4612009,150452,27.136744
4617009,150478,27.136744
4622009,150505,28.180466
4627009,150531,27.136744
4632009,150557,27.136744
4637009,150583,27.136744
4642009,150609,27.136744
4647009,150636,28.180466
4652009,150662,27.136744
4657009,150688,27.136744
4662009,150714,27.136744
4667009,150741,28.180466
4672009,150767,27.136744
4677009,150793,27.136744
4682009,150819,27.136744
4687009,150845,27.136744
4692009,150872,28.180466
4697009,150898,27.136744
4702009,150924,27.136744
4707009,150950,27.136744
4712009,150977,28.180466
4717009,151003,27.136744
4722009,151029,27.136744
4727009,151055,27.136744
4732009,151081,27.136744
4737009,151108,28.180466
4742009,151134,27.136744
4747009,151160,27.136744
4752009,151186,27.136744
4757009,151213,28.180466
4762009,151239,27.136744
4767009,151265,27.136744
4772009,151291,27.136744
4777009,151317,27.136744
4782009,151343,27.136744
4787009,151370,28.180466
4792009,151396,27.136744
4797009,151422,27.136744
4802009,151448,27.136744
4807009,151474,27.136744
4812009,151501,28.180466
4817009,151527,27.136744
4822009,151553,27.136744
4827009,151579,27.136744
4832009,151605,27.136744
4837009,151632,28.180466
4842009,151658,27.136744
4847009,151684,27.136744
4852009,151710,27.136744
4857009,151736,27.136744
4862009,151763,28.180466
4867009,151789,27.136744
4872009,151815,27.136744
4877009,151841,27.136744
4882009,151868,28.180466
4887009,151894,27.136744
4892009,151920,27.136744
4897009,151946,27.136744
4902009,151973,28.180466
4907009,151999,27.136744
4912009,152025,27.136744
4917009,152051,27.136744
4922009,152078,28.180466
4927009,152104,27.136744
4932009,152130,27.136744
4937009,152156,27.136744
4942009,152183,28.180466
4947009,152209,27.136744
4952009,152235,27.136744
4957009,152261,27.136744
4962009,152288,28.180466
4967009,152314,27.136744
4972009,152340,27.136744
4977009,152366,27.136744
4982009,152393,28.180466
4987009,152419,27.136744
4992009,152445,27.136744
4997009,152471,27.136744
5002009,152498,28.180466
5007009,152524,27.136744
5012009,152550,27.136744
5017009,152577,28.180466
5022009,152603,27.136744
5027009,152629,27.136744
5032009,152655,27.136744
5037009,152681,27.136744
5042009,152708,28.180466
5047009,152734,27.136744
5052009,152760,27.136744
5057009,152787,28.180466
5062009,152813,27.136744
5067009,152839,27.136744
5072009,152865,27.136744
5077009,152892,28.180466
5082009,152918,27.136744
5087009,152944,27.136744
5092009,152970,27.136744
5097009,152997,28.180466
5102009,153023,27.136744
5107009,153049,27.136744
5112009,153075,27.136744
5117009,153102,28.180466
5122009,153128,27.136744
5127009,153154,27.136744
5132009,153181,28.180466
5137009,153207,27.136744
5142009,153233,27.136744
5147009,153259,27.136744
5152009,153286,28.180466
5157009,153312,27.136744
5162009,153338,27.136744
5167009,153365,28.180466
5172009,153391,27.136744
5177009,153417,27.136744
5182009,153443,27.136744
5187009,153470,28.180466
5192009,153496,27.136744
5197009,153522,27.136744
5202009,153548,27.136744
5207009,153575,28.180466
5212009,153601,27.136744
5217009,153627,27.136744
5222009,153653,27.136744
5227009,153680,28.180466
5232009,153706,27.136744
5237009,153732,27.136744
5242009,153758,27.136744
5247009,153785,28.180466
5252009,153811,27.136744
5257009,153837,27.136744
5262009,153863,27.136744
5267009,153889,27.136744
5272009,153916,28.180466
5277009,153942,27.136744
5282009,153968,27.136744
5287009,153994,27.136744
5292009,154021,28.180466
5297009,154047,27.136744
5302009,154073,27.136744
5307009,154099,27.136744
5312009,154126,28.180466
5317009,154152,27.136744
5322009,154178,27.136744
5327009,154204,27.136744
5332009,154231,28.180466
5337009,154257,27.136744
5342009,154283,27.136744
5347009,154309,27.136744
5352009,154335,27.136744
5357009,154362,28.180466
5362009,154388,27.136744
5367009,154414,27.136744
5372009,154440,27.136744
5377009,154467,28.180466
5382009,154493,27.136744
5387009,154519,27.136744
5392009,154545,27.136744
5397009,154571,27.136744
5402009,154597,27.136744
5407009,154624,28.180466
5412009,154650,27.136744
5417009,154676,27.136744
5422009,154702,27.136744
5427009,154728,27.136744
5432009,154755,28.180466
5437009,154781,27.136744
5442009,154807,27.136744
5447009,154833,27.136744
5452009,154859,27.136744
5457009,154885,27.136744
5462009,154912,28.180466
5467009,154938,27.136744
5472009,154964,27.136744
5477009,154990,27.136744
5482009,155016,27.136744
5487009,155043,28.180466
5492009,155069,27.136744
5497009,155095,27.136744
5502009,155121,27.136744
5507009,155147,27.136744
5512009,155173,27.136744
5517009,155199,27.136744
5522009,155225,27.136744
5527009,155252,28.180466
5532009,155278,27.136744
5537009,155304,27.136744
5542009,155330,27.136744
5547009,155356,27.136744
5552009,155382,27.136744
5557009,155409,28.180466
5562009,155435,27.136744
5567009,155461,27.136744
5572009,155487,27.136744
5577009,155513,27.136744
5582009,155540,28.180466
5587009,155566,27.136744
5592009,155592,27.136744
5597009,155618,27.136744
5602009,155644,27.136744
5607009,155671,28.180466
5612009,155697,27.136744
5617009,155723,27.136744
5622009,155749,27.136744
5627009,155776,28.180466
5632009,155802,27.136744
5637009,155828,27.136744
5642009,155854,27.136744
5647009,155881,28.180466
5652009,155907,27.136744
5657009,155933,27.136744
5662009,155959,27.136744
5667009,155986,28.180466
5672009,156012,27.136744
5677009,156038,27.136744
5682009,156064,27.136744
5687009,156091,28.180466
5692009,156117,27.136744
5697009,156143,27.136744
5702009,156169,27.136744
5707009,156196,28.180466
5712009,156222,27.136744
5717009,156248,27.136744
5722009,156274,27.136744
5727009,156301,28.180466
5732009,156327,27.136744
5737009,156353,27.136744
5742009,156379,27.136744
5747009,156406,28.180466
5752009,156432,27.136744
5757009,156458,27.136744
5762009,156485,28.180466
5767009,156511,27.136744
5772009,156537,27.136744
5777009,156563,27.136744
5782009,156589,27.136744
5787009,156616,28.180466
5792009,156642,27.136744
5797009,156668,27.136744
5802009,156694,27.136744
5807009,156721,28.180466
5812009,156747,27.136744
5817009,156773,27.136744
5822009,156799,27.136744
5827009,156825,27.136744
5832009,156851,27.136744
5837009,156878,28.180466
5842009,156904,27.136744
5847009,156930,27.136744
5852009,156956,27.136744
5857009,156982,27.136744
5862009,157009,28.180466
5867009,157035,27.136744
5872009,157061,27.136744
5877009,157087,27.136744
5882009,157113,27.136744
5887009,157139,27.136744
5892009,157166,28.180466
5897009,157192,27.136744
5902009,157218,27.136744
5907009,157244,27.136744
5912009,157270,27.136744
5917009,157297,28.180466
5922009,157323,27.136744
5927009,157349,27.136744
5932009,157375,27.136744
5937009,157401,27.136744
5942009,157427,27.136744
5947009,157454,28.180466
5952009,157480,27.136744
5957009,157506,27.136744
5962009,157532,27.136744
5967009,157558,27.136744
5972009,157585,28.180466
5977009,157611,27.136744
5982009,157637,27.136744
5987009,157663,27.136744
5992009,157689,27.136744
5997009,157715,27.136744
6002009,157742,28.180466
6007009,157768,27.136744
6012009,157794,27.136744
6017009,157820,27.136744
6022009,157846,27.136744
6027009,157873,28.180466
6032009,157899,27.136744
6037009,157925,27.136744
6042009,157951,27.136744
6047009,157977,27.136744
6052009,158004,28.180466
6057009,158030,27.136744
6062009,158056,27.136744
6067009,158082,27.136744
6072009,158108,27.136744
6077009,158135,28.180466
6082009,158161,27.136744
6087009,158187,27.136744
6092009,158213,27.136744
6097009,158239,27.136744
6102009,158266,28.180466
6107009,158292,27.136744
6112009,158318,27.136744
6117009,158344,27.136744
6122009,158371,28.180466
6127009,158397,27.136744
6132009,158423,27.136744
6137009,158449,27.136744
6142009,158476,28.180466
6147009,158502,27.136744
6152009,158528,27.136744
6157009,158554,27.136744
6162009,158581,28.180466
6167009,158607,27.136744
6172009,158633,27.136744
6177009,158659,27.136744
6182009,158685,27.136744
6187009,158712,28.180466
6192009,158738,27.136744
6197009,158764,27.136744
6202009,158790,27.136744
6207009,158817,28.180466
6212009,158843,27.136744
6217009,158869,27.136744
6222009,158895,27.136744
6227009,158921,27.136744
6232009,158948,28.180466
6237009,158974,27.136744
6242009,159000,27.136744
6247009,159026,27.136744
6252009,159053,28.180466
6257009,159079,27.136744
6262009,159105,27.136744
6267009,159131,27.136744
6272009,159157,27.136744
6277009,159184,28.180466
6282009,159210,27.136744
6287009,159236,27.136744
6292009,159262,27.136744
6297009,159289,28.180466
6302009,159315,27.136744
6307009,159341,27.136744
6312009,159367,27.136744
6317009,159393,27.136744
6322009,159420,28.180466
6327009,159446,27.136744
6332009,159472,27.136744
6337009,159499,28.180466
6342009,159525,27.136744
6347009,159551,27.136744
6352009,159577,27.136744
6357009,159603,27.136744
6362009,159630,28.180466
6367009,159656,27.136744
6372009,159682,27.136744
6377009,159709,28.180466
6382009,159735,27.136744
6387009,159761,27.136744
6392009,159787,27.136744
6397009,159813,27.136744
6402009,159840,28.180466
6407009,159866,27.136744
6412009,159892,27.136744
6417009,159918,27.136744
6422009,159944,27.136744
6427009,159971,28.180466
6432009,159997,27.136744
6437009,160023,27.136744
6442009,160049,27.136744
6447009,160075,27.136744
6452009,160101,27.136744
6457009,160128,28.180466
6462009,160154,27.136744
6467009,160180,27.136744
6472009,160206,27.136744
6477009,160232,27.136744
6482009,160259,28.180466
6487009,160285,27.136744
6492009,160311,27.136744
6497009,160337,27.136744
6502009,160363,27.136744
6507009,160390,28.180466
6512009,160416,27.136744
6517009,160442,27.136744
6522009,160468,27.136744
6527009,160494,27.136744
6532009,160520,27.136744
6537009,160547,28.180466
6542009,160573,27.136744
6547009,160599,27.136744
6552009,160625,27.136744
6557009,160651,27.136744
6562009,160677,27.136744
6567009,160703,27.136744
6572009,160730,28.180466
6577009,160756,27.136744
6582009,160782,27.136744
6587009,160808,27.136744
6592009,160834,27.136744
6597009,160861,28.180466
6602009,160887,27.136744
6607009,160913,27.136744
6612009,160939,27.136744
6617009,160965,27.136744
6622009,160991,27.136744
6627009,161018,28.180466
6632009,161044,27.136744
6637009,161070,27.136744
6642009,161096,27.136744
6647009,161123,28.180466
6652009,161149,27.136744
6657009,161175,27.136744
6662009,161201,27.136744
6667009,161227,27.136744
6672009,161254,28.180466
6677009,161280,27.136744
6682009,161306,27.136744
6687009,161332,27.136744
6692009,161359,28.180466
6697009,161385,27.136744
6702009,161411,27.136744
6707009,161437,27.136744
6712009,161463,27.136744
6717009,161490,28.180466
6722009,161516,27.136744
6727009,161542,27.136744
6732009,161569,28.180466
6737009,161595,27.136744
6742009,161621,27.136744
6747009,161647,27.136744
6752009,161673,27.136744
6757009,161700,28.180466
6762009,161726,27.136744
6767009,161752,27.136744
6772009,161778,27.136744
6777009,161805,28.180466
6782009,161831,27.136744
6787009,161857,27.136744
6792009,161883,27.136744
6797009,161910,28.180466
6802009,161936,27.136744
6807009,161962,27.136744
6812009,161988,27.136744
6817009,162015,28.180466
6822009,162041,27.136744
6827009,162067,27.136744
6832009,162093,27.136744
6837009,162120,28.180466
6842009,162146,27.136744
6847009,162172,27.136744
6852009,162198,27.136744
6857009,162225,28.180466
6862009,162251,27.136744
6867009,162277,27.136744
6872009,162303,27.136744
6877009,162330,28.180466
6882009,162356,27.136744
6887009,162382,27.136744
6892009,162408,27.136744
6897009,162435,28.180466
6902009,162461,27.136744
6907009,162487,27.136744
6912009,162513,27.136744
6917009,162540,28.180466
6922009,162566,27.136744
6927009,162592,27.136744
6932009,162618,27.136744
6937009,162645,28.180466
6942009,162671,27.136744
6947009,162697,27.136744
6952009,162723,27.136744
6957009,162750,28.180466
6962009,162776,27.136744
6967009,162802,27.136744
6972009,162829,28.180466
6977009,162855,27.136744
6982009,162881,27.136744
6987009,162907,27.136744
6992009,162934,28.180466
6997009,162960,27.136744
7002009,162986,27.136744
7007009,163013,28.180466
7012009,163039,27.136744
7017009,163065,27.136744
7022009,163091,27.136744
7027009,163118,28.180466
7032009,163144,27.136744
7037009,163170,27.136744
7042009,163196,27.136744
7047009,163223,28.180466
7052009,163249,27.136744
7057009,163275,27.136744
7062009,163301,27.136744
7067009,163328,28.180466
7072009,163354,27.136744
7077009,163380,27.136744
7082009,163406,27.136744
7087009,163433,28.180466
7092009,163459,27.136744
7097009,163485,27.136744
7102009,163511,27.136744
7107009,163538,28.180466
7112009,163564,27.136744
7117009,163590,27.136744
7122009,163616,27.136744
7127009,163643,28.180466
7132009,163669,27.136744
7137009,163695,27.136744
7142009,163721,27.136744
7147009,163748,28.180466
7152009,163774,27.136744
7157009,163800,27.136744
7162009,163827,28.180466
7167009,163853,27.136744
7172009,163879,27.136744
7177009,163905,27.136744
7182009,163931,27.136744
7187009,163958,28.180466
7192009,163984,27.136744
7197009,164010,27.136744
7202009,164037,28.180466
7207009,164063,27.136744
7212009,164089,27.136744
7217009,164115,27.136744
7222009,164141,27.136744
7227009,164168,28.180466
7232009,164194,27.136744
7237009,164220,27.136744
7242009,164247,28.180466
7247009,164273,27.136744
7252009,164299,27.136744
7257009,164325,27.136744
7262009,164352,28.180466
7267009,164378,27.136744
7272009,164404,27.136744
7277009,164431,28.180466
7282009,164457,27.136744
7287009,164483,27.136744
7292009,164509,27.136744
7297009,164536,28.180466
7302009,164562,27.136744
7307009,164588,27.136744
7312009,164615,28.180466
7317009,164641,27.136744
7322009,164667,27.136744
7327009,164693,27.136744
7332009,164720,28.180466
7337009,164746,27.136744
7342009,164772,27.136744
7347009,164799,28.180466
7352009,164825,27.136744
7357009,164851,27.136744
7362009,164877,27.136744
7367009,164904,28.180466
7372009,164930,27.136744
7377009,164956,27.136744
7382009,164983,28.180466
7387009,165009,27.136744
7392009,165035,27.136744
7397009,165061,27.136744
7402009,165088,28.180466
7407009,165114,27.136744
7412009,165140,27.136744
7417009,165167,28.180466
7422009,165193,27.136744
7427009,165219,27.136744
7432009,165245,27.136744
7437009,165272,28.180466
7442009,165298,27.136744
7447009,165324,27.136744
7452009,165351,28.180466
7457009,165377,27.136744
7462009,165403,27.136744
7467009,165429,27.136744
7472009,165456,28.180466
7477009,165482,27.136744
7482009,165508,27.136744
7487009,165534,27.136744
7492009,165561,28.180466
7497009,165587,27.136744
7502009,165613,27.136744
7507009,165639,27.136744
7512009,165666,28.180466
7517009,165692,27.136744
7522009,165718,27.136744
7527009,165745,28.180466
7532009,165771,27.136744
7537009,165797,27.136744
7542009,165823,27.136744
7547009,165850,28.180466
7552009,165876,27.136744
7557009,165902,27.136744
7562009,165929,28.180466
7567009,165955,27.136744
7572009,165981,27.136744
7577009,166008,28.180466
7582009,166034,27.136744
7587009,166060,27.136744
7592009,166087,28.180466
7597009,166113,27.136744
7602009,166139,27.136744
7607009,166165,27.136744
7612009,166192,28.180466
7617009,166218,27.136744
7622009,166244,27.136744
7627009,166271,28.180466
7632009,166297,27.136744
7637009,166323,27.136744
7642009,166349,27.136744
7647009,166376,28.180466
7652009,166402,27.136744
7657009,166428,27.136744
7662009,166455,28.180466
7667009,166481,27.136744
7672009,166507,27.136744
7677009,166534,28.180466
7682009,166560,27.136744
7687009,166586,27.136744
7692009,166612,27.136744
7697009,166639,28.180466
7702009,166665,27.136744
7707009,166691,27.136744
7712009,166718,28.180466
7717009,166744,27.136744
7722009,166770,27.136744
7727009,166796,27.136744
7732009,166823,28.180466
7737009,166849,27.136744
7742009,166875,27.136744
7747009,166902,28.180466
7752009,166928,27.136744
7757009,166954,27.136744
7762009,166981,28.180466
7767009,167007,27.136744
7772009,167033,27.136744
7777009,167059,27.136744
7782009,167086,28.180466
7787009,167112,27.136744
7792009,167138,27.136744
7797009,167165,28.180466
7802009,167191,27.136744
7807009,167217,27.136744
7812009,167244,28.180466
7817009,167270,27.136744
7822009,167296,27.136744
7827009,167323,28.180466
7832009,167349,27.136744
7837009,167375,27.136744
7842009,167401,27.136744
7847009,167428,28.180466
7852009,167454,27.136744
7857009,167480,27.136744
7862009,167507,28.180466
7867009,167533,27.136744
7872009,167559,27.136744
7877009,167585,27.136744
7882009,167612,28.180466
7887009,167638,27.136744
7892009,167664,27.136744
7897009,167691,28.180466
7902009,167717,27.136744
7907009,167743,27.136744
7912009,167769,27.136744
7917009,167796,28.180466
7922009,167822,27.136744
7927009,167848,27.136744
7932009,167874,27.136744
7937009,167901,28.180466
7942009,167927,27.136744
7947009,167953,27.136744
7952009,167980,28.180466
7957009,168006,27.136744
7962009,168032,27.136744
7967009,168059,28.180466
7972009,168085,27.136744
7977009,168111,27.136744
7982009,168137,27.136744
7987009,168164,28.180466
7992009,168190,27.136744
7997009,168216,27.136744
8002009,168243,28.180466
8007009,168269,27.136744
8012009,168295,27.136744
8017009,168321,27.136744
8022009,168348,28.180466
8027009,168374,27.136744
8032009,168400,27.136744
8037009,168427,28.180466
8042009,168453,27.136744
8047009,168479,27.136744
8052009,168506,28.180466
8057009,168532,27.136744
8062009,168558,27.136744
8067009,168585,28.180466
8072009,168611,27.136744
8077009,168637,27.136744
8082009,168663,27.136744
8087009,168690,28.180466
8092009,168716,27.136744
8097009,168743,28.180466
8102009,168769,27.136744
8107009,168795,27.136744
8112009,168821,27.136744
8117009,168848,28.180466
8122009,168874,27.136744
8127009,168901,28.180466
8132009,168927,27.136744
8137009,168953,27.136744
8142009,168979,27.136744
8147009,169006,28.180466
8152009,169032,27.136744
8157009,169058,27.136744
8162009,169085,28.180466
8167009,169111,27.136744
8172009,169137,27.136744
8177009,169164,28.180466
8182009,169190,27.136744
8187009,169216,27.136744
8192009,169243,28.180466
8197009,169269,27.136744
8202009,169295,27.136744
8207009,169322,28.180466
8212009,169348,27.136744
8217009,169374,27.136744
8222009,169401,28.180466
8227009,169427,27.136744
8232009,169453,27.136744
8237009,169479,27.136744
8242009,169506,28.180466
8247009,169532,27.136744
8252009,169558,27.136744
8257009,169585,28.180466
8262009,169611,27.136744
8267009,169637,27.136744
8272009,169663,27.136744
8277009,169690,28.180466
8282009,169716,27.136744
8287009,169742,27.136744
8292009,169768,27.136744
8297009,169795,28.180466
8302009,169821,27.136744
8307009,169847,27.136744
8312009,169873,27.136744
8317009,169900,28.180466
8322009,169926,27.136744
8327009,169952,27.136744
8332009,169978,27.136744
8337009,170005,28.180466
8342009,170031,27.136744
8347009,170057,27.136744
8352009,170083,27.136744
8357009,170110,28.180466
8362009,170136,27.136744
8367009,170162,27.136744
8372009,170188,27.136744
8377009,170215,28.180466
8382009,170241,27.136744
8387009,170267,27.136744
8392009,170293,27.136744
8397009,170320,28.180466
8402009,170346,27.136744
8407009,170372,27.136744
8412009,170399,28.180466
8417009,170425,27.136744
8422009,170451,27.136744
8427009,170477,27.136744
8432009,170504,28.180466
8437009,170530,27.136744
8442009,170556,27.136744
8447009,170583,28.180466
8452009,170609,27.136744
8457009,170635,27.136744
8462009,170661,27.136744
8467009,170688,28.180466
8472009,170714,27.136744
8477009,170740,27.136744
8482009,170766,27.136744
8487009,170793,28.180466
8492009,170819,27.136744
8497009,170845,27.136744
8502009,170871,27.136744
8507009,170898,28.180466
8512009,170924,27.136744
8517009,170950,27.136744
8522009,170977,28.180466
8527009,171003,27.136744
8532009,171029,27.136744
8537009,171055,27.136744
8542009,171082,28.180466
8547009,171108,27.136744
8552009,171134,27.136744
8557009,171160,27.136744
8562009,171187,28.180466
8567009,171213,27.136744
8572009,171239,27.136744
8577009,171265,27.136744
8582009,171292,28.180466
8587009,171318,27.136744
8592009,171344,27.136744
8597009,171370,27.136744
8602009,171397,28.180466
8607009,171423,27.136744
8612009,171449,27.136744
8617009,171475,27.136744
8622009,171502,28.180466
8627009,171528,27.136744
8632009,171554,27.136744
8637009,171580,27.136744
8642009,171607,28.180466
8647009,171633,27.136744
8652009,171659,27.136744
8657009,171685,27.136744
8662009,171712,28.180466
8667009,171738,27.136744
8672009,171764,27.136744
8677009,171790,27.136744
8682009,171817,28.180466
8687009,171843,27.136744
8692009,171869,27.136744
8697009,171895,27.136744
8702009,171922,28.180466
8707009,171948,27.136744
8712009,171974,27.136744
8717009,172000,27.136744
8722009,172027,28.180466
8727009,172053,27.136744
8732009,172079,27.136744
8737009,172105,27.136744
8742009,172132,28.180466
8747009,172158,27.136744
8752009,172184,27.136744
8757009,172211,28.180466
8762009,172237,27.136744
8767009,172263,27.136744
8772009,172289,27.136744
8777009,172316,28.180466
8782009,172342,27.136744
8787009,172368,27.136744
8792009,172395,28.180466
8797009,172421,27.136744
8802009,172447,27.136744
8807009,172473,27.136744
8812009,172500,28.180466
8817009,172526,27.136744
8822009,172552,27.136744
8827009,172578,27.136744
8832009,172605,28.180466
8837009,172631,27.136744
8842009,172657,27.136744
8847009,172683,27.136744
8852009,172710,28.180466
8857009,172736,27.136744
8862009,172762,27.136744
8867009,172788,27.136744
8872009,172815,28.180466
8877009,172841,27.136744
8882009,172867,27.136744
8887009,172893,27.136744
8892009,172919,27.136744
8897009,172946,28.180466
8902009,172972,27.136744
8907009,172998,27.136744
8912009,173024,27.136744
8917009,173051,28.180466
8922009,173077,27.136744
8927009,173103,27.136744
8932009,173129,27.136744
8937009,173155,27.136744
8942009,173181,27.136744
8947009,173208,28.180466
8952009,173234,27.136744
8957009,173260,27.136744
8962009,173286,27.136744
8967009,173313,28.180466
8972009,173339,27.136744
8977009,173365,27.136744
8982009,173391,27.136744
8987009,173417,27.136744
8992009,173443,27.136744
8997009,173470,28.180466
9002009,173496,27.136744
9007009,173522,27.136744
9012009,173548,27.136744
9017009,173574,27.136744
9022009,173601,28.180466
9027009,173627,27.136744
9032009,173653,27.136744
9037009,173679,27.136744
9042009,173705,27.136744
9047009,173731,27.136744
9052009,173758,28.180466
9057009,173784,27.136744
9062009,173810,27.136744
9067009,173836,27.136744
9072009,173862,27.136744
9077009,173888,27.136744
9082009,173915,28.180466
9087009,173941,27.136744
9092009,173967,27.136744
9097009,173993,27.136744
9102009,174019,27.136744
9107009,174045,27.136744
9112009,174072,28.180466
9117009,174098,27.136744
9122009,174124,27.136744
9127009,174150,27.136744
9132009,174176,27.136744
9137009,174203,28.180466
9142009,174229,27.136744
9147009,174255,27.136744
9152009,174281,27.136744
9157009,174307,27.136744
9162009,174333,27.136744
9167009,174359,27.136744
9172009,174386,28.180466
9177009,174412,27.136744
9182009,174438,27.136744
9187009,174464,27.136744
9192009,174490,27.136744
9197009,174517,28.180466
9202009,174543,27.136744
9207009,174569,27.136744
9212009,174595,27.136744
9217009,174621,27.136744
9222009,174647,27.136744
9227009,174674,28.180466
9232009,174700,27.136744
9237009,174726,27.136744
9242009,174752,27.136744
9247009,174778,27.136744
9252009,174805,28.180466
9257009,174831,27.136744
9262009,174857,27.136744
9267009,174883,27.136744
9272009,174909,27.136744
9277009,174936,28.180466
9282009,174962,27.136744
9287009,174988,27.136744
9292009,175014,27.136744
9297009,175040,27.136744
9302009,175067,28.180466
9307009,175093,27.136744
9312009,175119,27.136744
9317009,175145,27.136744
9322009,175171,27.136744
9327009,175198,28.180466
9332009,175224,27.136744
9337009,175250,27.136744
9342009,175276,27.136744
9347009,175303,28.180466
9352009,175329,27.136744
9357009,175355,27.136744
9362009,175381,27.136744
9367009,175407,27.136744
9372009,175434,28.180466
9377009,175460,27.136744
9382009,175486,27.136744
9387009,175513,28.180466
9392009,175539,27.136744
9397009,175565,27.136744
9402009,175591,27.136744
9407009,175617,27.136744
9412009,175644,28.180466
9417009,175670,27.136744
9422009,175696,27.136744
9427009,175722,27.136744
9432009,175749,28.180466
9437009,175775,27.136744
9442009,175801,27.136744
9447009,175827,27.136744
9452009,175853,27.136744
9457009,175880,28.180466
9462009,175906,27.136744
9467009,175932,27.136744
9472009,175958,27.136744
9477009,175985,28.180466
9482009,176011,27.136744
9487009,176037,27.136744
9492009,176063,27.136744
9497009,176089,27.136744
9502009,176116,28.180466
9507009,176142,27.136744
9512009,176168,27.136744
9517009,176194,27.136744
9522009,176221,28.180466
9527009,176247,27.136744
9532009,176273,27.136744
9537009,176299,27.136744
9542009,176325,27.136744
9547009,176352,28.180466
9552009,176378,27.136744
9557009,176404,27.136744
9562009,176430,27.136744
9567009,176457,28.180466
9572009,176483,27.136744
9577009,176509,27.136744
9582009,176535,27.136744
9587009,176561,27.136744
9592009,176588,28.180466
9597009,176614,27.136744
9602009,176640,27.136744
9607009,176666,27.136744
9612009,176692,27.136744
9617009,176719,28.180466
9622009,176745,27.136744
9627009,176771,27.136744
9632009,176797,27.136744
9637009,176823,27.136744
9642009,176849,27.136744
9647009,176876,28.180466
9652009,176902,27.136744
9657009,176928,27.136744
9662009,176954,27.136744
9667009,176980,27.136744
9672009,177007,28.180466
9677009,177033,27.136744
9682009,177059,27.136744
9687009,177085,27.136744
9692009,177111,27.136744
9697009,177137,27.136744
9702009,177164,28.180466
9707009,177190,27.136744
9712009,177216,27.136744
9717009,177242,27.136744
9722009,177268,27.136744
9727009,177295,28.180466
9732009,177321,27.136744
9737009,177347,27.136744
9742009,177373,27.136744
9747009,177399,27.136744
9752009,177426,28.180466
9757009,177452,27.136744
9762009,177478,27.136744
9767009,177504,27.136744
9772009,177530,27.136744
9777009,177557,28.180466
9782009,177583,27.136744
9787009,177609,27.136744
9792009,177635,27.136744
9797009,177661,27.136744
9802009,177688,28.180466
9807009,177714,27.136744
9812009,177740,27.136744
9817009,177766,27.136744
9822009,177793,28.180466
9827009,177819,27.136744
9832009,177845,27.136744
9837009,177871,27.136744
9842009,177897,27.136744
9847009,177924,28.180466
9852009,177950,27.136744
9857009,177976,27.136744
9862009,178002,27.136744
9867009,178028,27.136744
9872009,178055,28.180466
9877009,178081,27.136744
9882009,178107,27.136744
9887009,178133,27.136744
9892009,178159,27.136744
9897009,178186,28.180466
9902009,178212,27.136744
9907009,178238,27.136744
9912009,178264,27.136744
9917009,178291,28.180466
9922009,178317,27.136744
9927009,178343,27.136744
9932009,178369,27.136744
9937009,178395,27.136744
9942009,178421,27.136744
9947009,178448,28.180466
9952009,178474,27.136744
9957009,178500,27.136744
9962009,178526,27.136744
9967009,178553,28.180466
9972009,178579,27.136744
9977009,178605,27.136744
9982009,178631,27.136744
9987009,178657,27.136744
9992009,178683,27.136744
9997009,178710,28.180466
10002009,178736,27.136744
10007009,178762,27.136744
10012009,178788,27.136744
10017009,178815,28.180466
10022009,178841,27.136744
10027009,178867,27.136744
10032009,178893,27.136744
10037009,178919,27.136744
10042009,178946,28.180466
10047009,178972,27.136744
10052009,178998,27.136744
10057009,179024,27.136744
10062009,179050,27.136744
10067009,179077,28.180466
10072009,179103,27.136744
10077009,179129,27.136744
10082009,179155,27.136744
10087009,179182,28.180466
10092009,179208,27.136744
10097009,179234,27.136744
10102009,179260,27.136744
10107009,179287,28.180466
10112009,179313,27.136744
10117009,179339,27.136744
10122009,179365,27.136744
10127009,179391,27.136744
10132009,179418,28.180466
10137009,179444,27.136744
10142009,179470,27.136744
10147009,179496,27.136744
10152009,179523,28.180466
10157009,179549,27.136744
10162009,179575,27.136744
10167009,179601,27.136744
10172009,179627,27.136744
10177009,179653,27.136744
10182009,179680,28.180466
10187009,179706,27.136744
10192009,179732,27.136744
10197009,179758,27.136744
10202009,179785,28.180466
10207009,179811,27.136744
10212009,179837,27.136744
10217009,179863,27.136744
10222009,179889,27.136744
10227009,179916,28.180466
10232009,179942,27.136744
10237009,179968,27.136744
10242009,179994,27.136744
10247009,180021,28.180466
10252009,180047,27.136744
10257009,180073,27.136744
10262009,180099,27.136744
10267009,180125,27.136744
10272009,180152,28.180466
10277009,180178,27.136744
10282009,180204,27.136744
10287009,180230,27.136744
10292009,180257,28.180466
10297009,180283,27.136744
10302009,180309,27.136744
10307009,180335,27.136744
10312009,180362,28.180466
