
Time_us,Position,Speed_rad_per_s
1312008,181811,0.000000
1317008,181813,2.087442
1322008,181817,4.174884
1327008,181824,7.306046
1332009,181832,8.348098
1337009,181843,11.480930
1342009,181855,12.524651
1347009,181869,14.612093
1352009,181885,16.699535
1357009,181901,16.699535
1362009,181918,17.743256
1367009,181937,19.830698
1372009,181956,19.830698
1377009,181976,20.874418
1382009,181997,21.918139
1387009,182018,21.918139
1392009,182041,24.005581
1397009,182063,22.961861
1402009,182086,24.005581
1407009,182110,25.049301
1412009,182134,25.049301
1417009,182158,25.049301
1422009,182183,26.093023
1427009,182208,26.093023
1432009,182233,26.093023
1437009,182258,26.093023
1442009,182284,27.136744
1447009,182309,26.093023
1452009,182335,27.136744
1457009,182362,28.180466
1462009,182388,27.136744
1467009,182414,27.136744
1472009,182441,28.180466
1477009,182467,27.136744
1482009,182494,28.180466
1487009,182521,28.180466
1492009,182548,28.180466
1497009,182575,28.180466
1502009,182602,28.180466
1507009,182629,28.180466
1512009,182657,29.224186
1517009,182684,28.180466
1522009,182711,28.180466
1527009,182738,28.180466
1532009,182766,29.224186
1537009,182793,28.180466
1542009,182821,29.224186
1547009,182848,28.180466
1552009,182876,29.224186
1557009,182903,28.180466
1562009,182931,29.224186
1567009,182958,28.180466
1572009,182986,29.224186
1577009,183013,28.180466
1582009,183041,29.224186
1587009,183069,29.224186
1592009,183096,28.180466
1597009,183124,29.224186
1602009,183152,29.224186
1607009,183179,28.180466
1612009,183207,29.224186
1617009,183235,29.224186
1622009,183262,28.180466
1627009,183290,29.224186
1632009,183318,29.224186
1637009,183345,28.180466
1642009,183373,29.224186
1647009,183401,29.224186
1652009,183428,28.180466
1657009,183456,29.224186
1662009,183484,29.224186
1667009,183511,28.180466
1672009,183539,29.224186
1677009,183567,29.224186
1682009,183594,28.180466
1687009,183622,29.224186
1692009,183649,28.180466
1697009,183677,29.224186
1702009,183705,29.224186
1707009,183732,28.180466
1712009,183760,29.224186
1717009,183788,29.224186
1722009,183815,28.180466
1727009,183843,29.224186
1732009,183870,28.180466
1737009,183898,29.224186
1742009,183926,29.224186
1747009,183953,28.180466
1752009,183981,29.224186
1757009,184009,29.224186
1762009,184036,28.180466
1767009,184064,29.224186
1772009,184091,28.180466
1777009,184119,29.224186
1782009,184147,29.224186
1787009,184174,28.180466
1792009,184202,29.224186
1797009,184230,29.224186
1802009,184257,28.180466
1807009,184285,29.224186
1812009,184313,29.224186
1817009,184340,28.180466
1822009,184368,29.224186
1827009,184396,29.224186
1832009,184423,28.180466
1837009,184451,29.224186
1842009,184479,29.224186
1847009,184506,28.180466
1852009,184534,29.224186
1857009,184562,29.224186
1862009,184589,28.180466
1867009,184617,29.224186
1872009,184645,29.224186
1877009,184673,29.224186
1882009,184700,28.180466
1887009,184728,29.224186
1892009,184756,29.224186
1897009,184783,28.180466
1902009,184811,29.224186
1907009,184839,29.224186
1912009,184867,29.224186
1917009,184895,29.224186
1922009,184922,28.180466
1927009,184950,29.224186
1932009,184978,29.224186
1937009,185005,28.180466
1942009,185033,29.224186
1947009,185061,29.224186
1952009,185089,29.224186
1957009,185117,29.224186
1962009,185144,28.180466
1967009,185172,29.224186
1972009,185200,29.224186
1977009,185228,29.224186
1982009,185255,28.180466
1987009,185283,29.224186
1992009,185311,29.224186
1997009,185339,29.224186
2002009,185366,28.180466
2007009,185394,29.224186
2012009,185422,29.224186
2017009,185450,29.224186
2022009,185478,29.224186
2027009,185505,28.180466
2032009,185533,29.224186
2037009,185561,29.224186
2042009,185589,29.224186
2047009,185617,29.224186
2052009,185644,28.180466
2057009,185672,29.224186
2062009,185700,29.224186
2067009,185728,29.224186
2072009,185756,29.224186
2077009,185783,28.180466
2082009,185811,29.224186
2087009,185839,29.224186
2092009,185867,29.224186
2097009,185895,29.224186
2102009,185923,29.224186
2107009,185951,29.224186
2112009,185978,28.180466
2117009,186006,29.224186
2122009,186034,29.224186
2127009,186062,29.224186
2132009,186090,29.224186
2137009,186118,29.224186
2142009,186145,28.180466
2147009,186173,29.224186
2152009,186201,29.224186
2157009,186229,29.224186
2162009,186257,29.224186
2167009,186285,29.224186
2172009,186313,29.224186
2177009,186340,28.180466
2182009,186368,29.224186
2187009,186396,29.224186
2192009,186424,29.224186
2197009,186452,29.224186
2202009,186480,29.224186
2207009,186507,28.180466
2212009,186535,29.224186
2217009,186563,29.224186
2222009,186591,29.224186
2227009,186619,29.224186
2232009,186647,29.224186
2237009,186674,28.180466
2242009,186702,29.224186
2247009,186730,29.224186
2252009,186758,29.224186
2257009,186786,29.224186
2262009,186814,29.224186
2267009,186841,28.180466
2272009,186869,29.224186
2277009,186897,29.224186
2282009,186925,29.224186
2287009,186953,29.224186
2292009,186981,29.224186
2297009,187009,29.224186
2302009,187036,28.180466
2307009,187064,29.224186
2312009,187092,29.224186
2317009,187120,29.224186
2322009,187148,29.224186
2327009,187176,29.224186
2332009,187204,29.224186
2337009,187231,28.180466
2342009,187259,29.224186
2347009,187287,29.224186
2352009,187315,29.224186
2357009,187343,29.224186
2362009,187371,29.224186
2367009,187399,29.224186
2372009,187427,29.224186
2377009,187454,28.180466
2382009,187482,29.224186
2387009,187510,29.224186
2392009,187538,29.224186
2397009,187566,29.224186
2402009,187594,29.224186
2407009,187622,29.224186
2412009,187650,29.224186
2417009,187678,29.224186
2422009,187705,28.180466
2427009,187733,29.224186
2432009,187761,29.224186
2437009,187789,29.224186
2442009,187817,29.224186
2447009,187845,29.224186
2452009,187873,29.224186
2457009,187901,29.224186
2462009,187929,29.224186
2467009,187957,29.224186
2472009,187985,29.224186
2477009,188013,29.224186
2482009,188041,29.224186
2487009,188069,29.224186
2492009,188097,29.224186
2497009,188125,29.224186
2502009,188153,29.224186
2507009,188181,29.224186
2512009,188209,29.224186
2517009,188237,29.224186
2522009,188265,29.224186
2527009,188293,29.224186
2532009,188321,29.224186
2537009,188349,29.224186
2542009,188377,29.224186
2547009,188405,29.224186
2552009,188433,29.224186
2557009,188461,29.224186
2562009,188489,29.224186
2567009,188517,29.224186
2572009,188545,29.224186
2577009,188573,29.224186
2582009,188601,29.224186
2587009,188629,29.224186
2592009,188657,29.224186
2597009,188685,29.224186
2602009,188713,29.224186
2607009,188741,29.224186
2612009,188769,29.224186
2617009,188797,29.224186
2622009,188825,29.224186
2627009,188853,29.224186
2632009,188881,29.224186
2637009,188909,29.224186
2642009,188937,29.224186
2647009,188965,29.224186
2652009,188993,29.224186
2657009,189021,29.224186
2662009,189049,29.224186
2667009,189077,29.224186
2672009,189105,29.224186
2677009,189133,29.224186
2682009,189161,29.224186
2687009,189189,29.224186
2692009,189217,29.224186
2697009,189245,29.224186
2702009,189273,29.224186
2707009,189301,29.224186
2712009,189329,29.224186
2717009,189358,30.267906
2722009,189386,29.224186
2727009,189414,29.224186
2732009,189442,29.224186
2737009,189470,29.224186
2742009,189498,29.224186
2747009,189526,29.224186
2752009,189554,29.224186
2757009,189582,29.224186
2762009,189610,29.224186
2767009,189638,29.224186
2772009,189666,29.224186
2777009,189694,29.224186
2782009,189722,29.224186
2787009,189750,29.224186
2792009,189778,29.224186
2797009,189806,29.224186
2802009,189834,29.224186
2807009,189862,29.224186
2812009,189890,29.224186
2817009,189918,29.224186
2822009,189946,29.224186
2827009,189974,29.224186
2832009,190002,29.224186
2837009,190030,29.224186
2842009,190058,29.224186
2847009,190086,29.224186
2852009,190114,29.224186
2857009,190142,29.224186
2862009,190170,29.224186
2867009,190198,29.224186
2872009,190226,29.224186
2877009,190254,29.224186
2882009,190282,29.224186
2887009,190310,29.224186
2892009,190338,29.224186
2897009,190366,29.224186
2902009,190394,29.224186
2907009,190422,29.224186
2912009,190450,29.224186
2917009,190478,29.224186
2922009,190506,29.224186
2927009,190534,29.224186
2932009,190562,29.224186
2937009,190590,29.224186
2942009,190618,29.224186
2947009,190646,29.224186
2952009,190674,29.224186
2957009,190702,29.224186
2962009,190730,29.224186
2967009,190758,29.224186
2972009,190786,29.224186
2977009,190814,29.224186
2982009,190842,29.224186
2987009,190870,29.224186
2992009,190898,29.224186
2997009,190926,29.224186
3002009,190954,29.224186
3007009,190982,29.224186
3012009,191010,29.224186
3017009,191038,29.224186
3022009,191066,29.224186
3027009,191094,29.224186
3032009,191122,29.224186
3037009,191150,29.224186
3042009,191178,29.224186
3047009,191206,29.224186
3052009,191234,29.224186
3057009,191262,29.224186
3062009,191290,29.224186
3067009,191318,29.224186
3072009,191346,29.224186
3077009,191374,29.224186
3082009,191402,29.224186
3087009,191430,29.224186
3092009,191458,29.224186
3097009,191486,29.224186
3102009,191514,29.224186
3107009,191542,29.224186
3112009,191570,29.224186
3117009,191598,29.224186
3122009,191626,29.224186
3127009,191654,29.224186
3132009,191682,29.224186
3137009,191710,29.224186
3142009,191738,29.224186
3147009,191766,29.224186
3152009,191794,29.224186
3157009,191823,30.267906
3162009,191851,29.224186
3167009,191879,29.224186
3172009,191907,29.224186
3177009,191935,29.224186
3182009,191963,29.224186
3187009,191991,29.224186
3192009,192019,29.224186
3197009,192047,29.224186
3202009,192075,29.224186
3207009,192103,29.224186
3212009,192131,29.224186
3217009,192159,29.224186
3222009,192187,29.224186
3227009,192215,29.224186
3232009,192243,29.224186
3237009,192271,29.224186
3242009,192299,29.224186
3247009,192327,29.224186
3252009,192355,29.224186
3257009,192383,29.224186
3262009,192411,29.224186
3267009,192439,29.224186
3272009,192467,29.224186
3277009,192495,29.224186
3282009,192523,29.224186
3287009,192551,29.224186
3292009,192579,29.224186
3297009,192607,29.224186
3302009,192635,29.224186
3307009,192663,29.224186
3312009,192691,29.224186
3317009,192719,29.224186
3322009,192747,29.224186
3327009,192775,29.224186
3332009,192803,29.224186
3337009,192831,29.224186
3342009,192859,29.224186
3347009,192887,29.224186
3352009,192915,29.224186
3357009,192943,29.224186
3362009,192971,29.224186
3367009,192999,29.224186
3372009,193027,29.224186
3377009,193055,29.224186
3382009,193083,29.224186
3387009,193111,29.224186
3392009,193139,29.224186
3397009,193167,29.224186
3402009,193195,29.224186
3407009,193224,30.267906
3412009,193252,29.224186
3417009,193280,29.224186
3422009,193308,29.224186
3427009,193336,29.224186
3432009,193364,29.224186
3437009,193392,29.224186
3442009,193420,29.224186
3447009,193448,29.224186
3452009,193476,29.224186
3457009,193504,29.224186
3462009,193532,29.224186
3467009,193561,30.267906
3472009,193589,29.224186
3477009,193617,29.224186
3482009,193645,29.224186
3487009,193673,29.224186
3492009,193701,29.224186
3497009,193729,29.224186
3502009,193757,29.224186
3507009,193785,29.224186
3512009,193813,29.224186
3517009,193841,29.224186
3522009,193869,29.224186
3527009,193898,30.267906
3532009,193926,29.224186
3537009,193954,29.224186
3542009,193982,29.224186
3547009,194010,29.224186
3552009,194038,29.224186
3557009,194066,29.224186
3562009,194094,29.224186
3567009,194122,29.224186
3572009,194150,29.224186
3577009,194178,29.224186
3582009,194207,30.267906
3587009,194235,29.224186
3592009,194263,29.224186
3597009,194291,29.224186
3602009,194319,29.224186
3607009,194347,29.224186
3612009,194375,29.224186
3617009,194403,29.224186
3622009,194431,29.224186
3627009,194459,29.224186
3632009,194487,29.224186
3637009,194515,29.224186
3642009,194543,29.224186
3647009,194571,29.224186
3652009,194599,29.224186
3657009,194627,29.224186
3662009,194655,29.224186
3667009,194684,30.267906
3672009,194712,29.224186
3677009,194740,29.224186
3682009,194768,29.224186
3687009,194796,29.224186
3692009,194824,29.224186
3697009,194852,29.224186
3702009,194880,29.224186
3707009,194908,29.224186
3712009,194936,29.224186
3717009,194964,29.224186
3722009,194992,29.224186
3727009,195020,29.224186
3732009,195048,29.224186
3737009,195076,29.224186
3742009,195104,29.224186
3747009,195132,29.224186
3752009,195160,29.224186
3757009,195188,29.224186
3762009,195216,29.224186
3767009,195244,29.224186
3772009,195272,29.224186
3777009,195300,29.224186
3782009,195328,29.224186
3787009,195356,29.224186
3792009,195385,30.267906
3797009,195413,29.224186
3802009,195441,29.224186
3807009,195469,29.224186
3812009,195497,29.224186
3817009,195525,29.224186
3822009,195553,29.224186
3827009,195581,29.224186
3832009,195609,29.224186
3837009,195637,29.224186
3842009,195665,29.224186
3847009,195693,29.224186
3852009,195721,29.224186
3857009,195749,29.224186
3862009,195777,29.224186
3867009,195805,29.224186
3872009,195833,29.224186
3877009,195861,29.224186
3882009,195889,29.224186
3887009,195917,29.224186
3892009,195945,29.224186
3897009,195973,29.224186
3902009,196001,29.224186
3907009,196029,29.224186
3912009,196057,29.224186
3917009,196085,29.224186
3922009,196113,29.224186
3927009,196141,29.224186
3932009,196169,29.224186
3937009,196197,29.224186
3942009,196225,29.224186
3947009,196253,29.224186
3952009,196281,29.224186
3957009,196309,29.224186
3962009,196337,29.224186
3967009,196365,29.224186
3972009,196393,29.224186
3977009,196421,29.224186
3982009,196449,29.224186
3987009,196477,29.224186
3992009,196505,29.224186
3997009,196533,29.224186
4002009,196561,29.224186
4007009,196589,29.224186
4012009,196617,29.224186
4017009,196645,29.224186
4022009,196673,29.224186
4027009,196701,29.224186
4032009,196729,29.224186
4037009,196757,29.224186
4042009,196785,29.224186
4047009,196813,29.224186
4052009,196841,29.224186
4057009,196869,29.224186
4062009,196897,29.224186
4067009,196925,29.224186
4072009,196953,29.224186
4077009,196981,29.224186
4082009,197009,29.224186
4087009,197037,29.224186
4092009,197065,29.224186
4097009,197093,29.224186
4102009,197121,29.224186
4107009,197149,29.224186
4112009,197177,29.224186
4117009,197205,29.224186
4122009,197233,29.224186
4127009,197261,29.224186
4132009,197289,29.224186
4137009,197317,29.224186
4142009,197345,29.224186
4147009,197373,29.224186
4152009,197401,29.224186
4157009,197429,29.224186
4162009,197457,29.224186
4167009,197485,29.224186
4172009,197513,29.224186
4177009,197542,30.267906
4182009,197570,29.224186
4187009,197598,29.224186
4192009,197626,29.224186
4197009,197654,29.224186
4202009,197682,29.224186
4207009,197710,29.224186
4212009,197738,29.224186
4217009,197766,29.224186
4222009,197794,29.224186
4227009,197822,29.224186
4232009,197850,29.224186
4237009,197878,29.224186
4242009,197906,29.224186
4247009,197934,29.224186
4252009,197962,29.224186
4257009,197990,29.224186
4262009,198018,29.224186
4267009,198046,29.224186
4272009,198075,30.267906
4277009,198103,29.224186
4282009,198131,29.224186
4287009,198159,29.224186
4292009,198187,29.224186
4297009,198215,29.224186
4302009,198243,29.224186
4307009,198271,29.224186
4312009,198299,29.224186
4317009,198327,29.224186
4322009,198355,29.224186
4327009,198383,29.224186
4332009,198411,29.224186
4337009,198439,29.224186
4342009,198467,29.224186
4347009,198495,29.224186
4352009,198523,29.224186
4357009,198551,29.224186
4362009,198579,29.224186
4367009,198607,29.224186
4372009,198635,29.224186
4377009,198663,29.224186
4382009,198691,29.224186
4387009,198719,29.224186
4392009,198747,29.224186
4397009,198775,29.224186
4402009,198803,29.224186
4407009,198831,29.224186
4412009,198859,29.224186
4417009,198888,30.267906
4422009,198916,29.224186
4427009,198944,29.224186
4432009,198972,29.224186
4437009,199000,29.224186
4442009,199028,29.224186
4447009,199056,29.224186
4452009,199084,29.224186
4457009,199112,29.224186
4462009,199140,29.224186
4467009,199168,29.224186
4472009,199196,29.224186
4477009,199225,30.267906
4482009,199253,29.224186
4487009,199281,29.224186
4492009,199309,29.224186
4497009,199337,29.224186
4502009,199365,29.224186
4507009,199393,29.224186
4512009,199421,29.224186
4517009,199449,29.224186
4522009,199477,29.224186
4527009,199505,29.224186
4532009,199533,29.224186
4537009,199561,29.224186
4542009,199589,29.224186
4547009,199617,29.224186
4552009,199645,29.224186
4557009,199673,29.224186
4562009,199702,30.267906
4567009,199730,29.224186
4572009,199758,29.224186
4577009,199786,29.224186
4582009,199814,29.224186
4587009,199842,29.224186
4592009,199870,29.224186
4597009,199898,29.224186
4602009,199926,29.224186
4607009,199954,29.224186
4612009,199982,29.224186
4617009,200010,29.224186
4622009,200038,29.224186
4627009,200066,29.224186
4632009,200094,29.224186
4637009,200122,29.224186
4642009,200150,29.224186
4647009,200178,29.224186
4652009,200206,29.224186
4657009,200234,29.224186
4662009,200263,30.267906
4667009,200291,29.224186
4672009,200319,29.224186
4677009,200347,29.224186
4682009,200375,29.224186
4687009,200403,29.224186
4692009,200431,29.224186
4697009,200459,29.224186
4702009,200487,29.224186
4707009,200515,29.224186
4712009,200543,29.224186
4717009,200571,29.224186
4722009,200599,29.224186
4727009,200627,29.224186
4732009,200655,29.224186
4737009,200684,30.267906
4742009,200712,29.224186
4747009,200740,29.224186
4752009,200768,29.224186
4757009,200796,29.224186
4762009,200824,29.224186
4767009,200852,29.224186
4772009,200880,29.224186
4777009,200908,29.224186
4782009,200937,30.267906
4787009,200965,29.224186
4792009,200993,29.224186
4797009,201021,29.224186
4802009,201049,29.224186
4807009,201077,29.224186
4812009,201105,29.224186
4817009,201133,29.224186
4822009,201161,29.224186
4827009,201189,29.224186
4832009,201217,29.224186
4837009,201246,30.267906
4842009,201274,29.224186
4847009,201302,29.224186
4852009,201330,29.224186
4857009,201358,29.224186
4862009,201386,29.224186
4867009,201414,29.224186
4872009,201443,30.267906
4877009,201471,29.224186
4882009,201499,29.224186
4887009,201527,29.224186
4892009,201555,29.224186
4897009,201583,29.224186
4902009,201611,29.224186
4907009,201639,29.224186
4912009,201668,30.267906
4917009,201696,29.224186
4922009,201724,29.224186
4927009,201752,29.224186
4932009,201780,29.224186
4937009,201808,29.224186
4942009,201836,29.224186
4947009,201865,30.267906
4952009,201893,29.224186
4957009,201921,29.224186
4962009,201949,29.224186
4967009,201977,29.224186
4972009,202005,29.224186
4977009,202033,29.224186
4982009,202061,29.224186
4987009,202090,30.267906
4992009,202118,29.224186
4997009,202146,29.224186
5002009,202174,29.224186
5007009,202202,29.224186
5012009,202230,29.224186
5017009,202258,29.224186
5022009,202287,30.267906
5027009,202315,29.224186
5032009,202343,29.224186
5037009,202371,29.224186
5042009,202399,29.224186
5047009,202427,29.224186
5052009,202455,29.224186
5057009,202483,29.224186
5062009,202511,29.224186
5067009,202540,30.267906
5072009,202568,29.224186
5077009,202596,29.224186
5082009,202624,29.224186
5087009,202652,29.224186
5092009,202680,29.224186
5097009,202708,29.224186
5102009,202736,29.224186
5107009,202765,30.267906
5112009,202793,29.224186
5117009,202821,29.224186
5122009,202849,29.224186
5127009,202877,29.224186
5132009,202905,29.224186
5137009,202933,29.224186
5142009,202961,29.224186
5147009,202989,29.224186
5152009,203018,30.267906
5157009,203046,29.224186
5162009,203074,29.224186
5167009,203102,29.224186
5172009,203130,29.224186
5177009,203158,29.224186
5182009,203186,29.224186
5187009,203214,29.224186
5192009,203243,30.267906
5197009,203271,29.224186
5202009,203299,29.224186
5207009,203327,29.224186
5212009,203355,29.224186
5217009,203383,29.224186
5222009,203411,29.224186
5227009,203439,29.224186
5232009,203467,29.224186
5237009,203496,30.267906
5242009,203524,29.224186
5247009,203552,29.224186
5252009,203580,29.224186
5257009,203608,29.224186
5262009,203636,29.224186
5267009,203664,29.224186
5272009,203692,29.224186
5277009,203720,29.224186
5282009,203749,30.267906
5287009,203777,29.224186
5292009,203805,29.224186
5297009,203833,29.224186
5302009,203861,29.224186
5307009,203889,29.224186
5312009,203917,29.224186
5317009,203945,29.224186
5322009,203973,29.224186
5327009,204001,29.224186
5332009,204029,29.224186
5337009,204058,30.267906
5342009,204086,29.224186
5347009,204114,29.224186
5352009,204142,29.224186
5357009,204170,29.224186
5362009,204198,29.224186
5367009,204226,29.224186
5372009,204254,29.224186
5377009,204282,29.224186
5382009,204311,30.267906
5387009,204339,29.224186
5392009,204367,29.224186
5397009,204395,29.224186
5402009,204423,29.224186
5407009,204451,29.224186
5412009,204479,29.224186
5417009,204507,29.224186
5422009,204535,29.224186
5427009,204563,29.224186
5432009,204592,30.267906
5437009,204620,29.224186
5442009,204648,29.224186
5447009,204676,29.224186
5452009,204704,29.224186
5457009,204732,29.224186
5462009,204760,29.224186
5467009,204788,29.224186
5472009,204817,30.267906
5477009,204845,29.224186
5482009,204873,29.224186
5487009,204901,29.224186
5492009,204929,29.224186
5497009,204957,29.224186
5502009,204985,29.224186
5507009,205013,29.224186
5512009,205041,29.224186
5517009,205069,29.224186
5522009,205097,29.224186
5527009,205126,30.267906
5532009,205154,29.224186
5537009,205182,29.224186
5542009,205210,29.224186
5547009,205238,29.224186
5552009,205266,29.224186
5557009,205294,29.224186
5562009,205322,29.224186
5567009,205350,29.224186
5572009,205379,30.267906
5577009,205407,29.224186
5582009,205435,29.224186
5587009,205463,29.224186
5592009,205491,29.224186
5597009,205519,29.224186
5602009,205547,29.224186
5607009,205575,29.224186
5612009,205603,29.224186
5617009,205632,30.267906
5622009,205660,29.224186
5627009,205688,29.224186
5632009,205716,29.224186
5637009,205744,29.224186
5642009,205772,29.224186
5647009,205801,30.267906
5652009,205829,29.224186
5657009,205857,29.224186
5662009,205885,29.224186
5667009,205913,29.224186
5672009,205941,29.224186
5677009,205969,29.224186
5682009,205997,29.224186
5687009,206026,30.267906
5692009,206054,29.224186
5697009,206082,29.224186
5702009,206110,29.224186
5707009,206138,29.224186
5712009,206166,29.224186
5717009,206194,29.224186
5722009,206223,30.267906
5727009,206251,29.224186
5732009,206279,29.224186
5737009,206307,29.224186
5742009,206335,29.224186
5747009,206363,29.224186
5752009,206391,29.224186
5757009,206419,29.224186
5762009,206448,30.267906
5767009,206476,29.224186
5772009,206504,29.224186
5777009,206532,29.224186
5782009,206560,29.224186
5787009,206588,29.224186
5792009,206617,30.267906
5797009,206645,29.224186
5802009,206673,29.224186
5807009,206701,29.224186
5812009,206729,29.224186
5817009,206757,29.224186
5822009,206785,29.224186
5827009,206813,29.224186
5832009,206842,30.267906
5837009,206870,29.224186
5842009,206898,29.224186
5847009,206926,29.224186
5852009,206954,29.224186
5857009,206982,29.224186
5862009,207010,29.224186
5867009,207039,30.267906
5872009,207067,29.224186
5877009,207095,29.224186
5882009,207123,29.224186
5887009,207151,29.224186
5892009,207179,29.224186
5897009,207207,29.224186
5902009,207236,30.267906
5907009,207264,29.224186
5912009,207292,29.224186
5917009,207320,29.224186
5922009,207348,29.224186
5927009,207377,30.267906
5932009,207405,29.224186
5937009,207433,29.224186
5942009,207461,29.224186
5947009,207489,29.224186
5952009,207517,29.224186
5957009,207545,29.224186
5962009,207574,30.267906
5967009,207602,29.224186
5972009,207630,29.224186
5977009,207658,29.224186
5982009,207686,29.224186
5987009,207714,29.224186
5992009,207743,30.267906
5997009,207771,29.224186
6002009,207799,29.224186
6007009,207827,29.224186
6012009,207855,29.224186
6017009,207883,29.224186
6022009,207912,30.267906
6027009,207940,29.224186
6032009,207968,29.224186
6037009,207996,29.224186
6042009,208024,29.224186
6047009,208053,30.267906
6052009,208081,29.224186
6057009,208109,29.224186
6062009,208137,29.224186
6067009,208165,29.224186
6072009,208193,29.224186
6077009,208222,30.267906
6082009,208250,29.224186
6087009,208278,29.224186
6092009,208306,29.224186
6097009,208334,29.224186
6102009,208362,29.224186
6107009,208391,30.267906
6112009,208419,29.224186
6117009,208447,29.224186
6122009,208475,29.224186
6127009,208503,29.224186
6132009,208531,29.224186
6137009,208560,30.267906
6142009,208588,29.224186
6147009,208616,29.224186
6152009,208644,29.224186
6157009,208672,29.224186
6162009,208701,30.267906
6167009,208729,29.224186
6172009,208757,29.224186
6177009,208785,29.224186
6182009,208813,29.224186
6187009,208841,29.224186
6192009,208870,30.267906
6197009,208898,29.224186
6202009,208926,29.224186
6207009,208954,29.224186
6212009,208982,29.224186
6217009,209011,30.267906
6222009,209039,29.224186
6227009,209067,29.224186
6232009,209095,29.224186
6237009,209123,29.224186
6242009,209151,29.224186
6247009,209180,30.267906
6252009,209208,29.224186
6257009,209236,29.224186
6262009,209264,29.224186
6267009,209292,29.224186
6272009,209320,29.224186
6277009,209349,30.267906
6282009,209377,29.224186
6287009,209405,29.224186
6292009,209433,29.224186
6297009,209461,29.224186
6302009,209489,29.224186
6307009,209517,29.224186
6312009,209546,30.267906
6317009,209574,29.224186
6322009,209602,29.224186
6327009,209630,29.224186
6332009,209658,29.224186
6337009,209686,29.224186
6342009,209715,30.267906
6347009,209743,29.224186
6352009,209771,29.224186
6357009,209799,29.224186
6362009,209827,29.224186
6367009,209855,29.224186
6372009,209883,29.224186
6377009,209911,29.224186
6382009,209940,30.267906
6387009,209968,29.224186
6392009,209996,29.224186
6397009,210024,29.224186
6402009,210052,29.224186
6407009,210080,29.224186
6412009,210109,30.267906
6417009,210137,29.224186
6422009,210165,29.224186
6427009,210193,29.224186
6432009,210221,29.224186
6437009,210249,29.224186
6442009,210277,29.224186
6447009,210306,30.267906
6452009,210334,29.224186
6457009,210362,29.224186
6462009,210390,29.224186
6467009,210418,29.224186
6472009,210446,29.224186
6477009,210475,30.267906
6482009,210503,29.224186
6487009,210531,29.224186
6492009,210559,29.224186
6497009,210587,29.224186
6502009,210615,29.224186
6507009,210643,29.224186
6512009,210672,30.267906
6517009,210700,29.224186
6522009,210728,29.224186
6527009,210756,29.224186
6532009,210784,29.224186
6537009,210812,29.224186
6542009,210841,30.267906
6547009,210869,29.224186
6552009,210897,29.224186
6557009,210925,29.224186
6562009,210953,29.224186
6567009,210981,29.224186
6572009,211009,29.224186
6577009,211037,29.224186
6582009,211065,29.224186
6587009,211094,30.267906
6592009,211122,29.224186
6597009,211150,29.224186
6602009,211178,29.224186
6607009,211206,29.224186
6612009,211234,29.224186
6617009,211262,29.224186
6622009,211291,30.267906
6627009,211319,29.224186
6632009,211347,29.224186
6637009,211375,29.224186
6642009,211403,29.224186
6647009,211431,29.224186
6652009,211459,29.224186
6657009,211488,30.267906
6662009,211516,29.224186
6667009,211544,29.224186
6672009,211572,29.224186
6677009,211600,29.224186
6682009,211628,29.224186
6687009,211657,30.267906
6692009,211685,29.224186
6697009,211713,29.224186
6702009,211741,29.224186
6707009,211769,29.224186
6712009,211797,29.224186
6717009,211825,29.224186
6722009,211854,30.267906
6727009,211882,29.224186
6732009,211910,29.224186
6737009,211938,29.224186
6742009,211966,29.224186
6747009,211994,29.224186
6752009,212022,29.224186
6757009,212050,29.224186
6762009,212079,30.267906
6767009,212107,29.224186
6772009,212135,29.224186
6777009,212163,29.224186
6782009,212191,29.224186
6787009,212219,29.224186
6792009,212247,29.224186
6797009,212275,29.224186
6802009,212304,30.267906
6807009,212332,29.224186
6812009,212360,29.224186
6817009,212388,29.224186
6822009,212416,29.224186
6827009,212444,29.224186
6832009,212472,29.224186
6837009,212501,30.267906
6842009,212529,29.224186
6847009,212557,29.224186
6852009,212585,29.224186
6857009,212613,29.224186
6862009,212641,29.224186
6867009,212669,29.224186
6872009,212697,29.224186
6877009,212725,29.224186
6882009,212754,30.267906
6887009,212782,29.224186
6892009,212810,29.224186
6897009,212838,29.224186
6902009,212866,29.224186
6907009,212894,29.224186
6912009,212923,30.267906
6917009,212951,29.224186
6922009,212979,29.224186
6927009,213007,29.224186
6932009,213035,29.224186
6937009,213063,29.224186
6942009,213091,29.224186
6947009,213120,30.267906
6952009,213148,29.224186
6957009,213176,29.224186
6962009,213204,29.224186
6967009,213232,29.224186
6972009,213260,29.224186
6977009,213289,30.267906
6982009,213317,29.224186
6987009,213345,29.224186
6992009,213373,29.224186
6997009,213401,29.224186
7002009,213429,29.224186
7007009,213457,29.224186
7012009,213486,30.267906
7017009,213514,29.224186
7022009,213542,29.224186
7027009,213570,29.224186
7032009,213598,29.224186
7037009,213627,30.267906
7042009,213655,29.224186
7047009,213683,29.224186
7052009,213711,29.224186
7057009,213739,29.224186
7062009,213767,29.224186
7067009,213795,29.224186
7072009,213824,30.267906
7077009,213852,29.224186
7082009,213880,29.224186
7087009,213908,29.224186
7092009,213936,29.224186
7097009,213965,30.267906
7102009,213993,29.224186
7107009,214021,29.224186
7112009,214049,29.224186
7117009,214077,29.224186
7122009,214105,29.224186
7127009,214134,30.267906
7132009,214162,29.224186
7137009,214190,29.224186
7142009,214218,29.224186
7147009,214246,29.224186
7152009,214275,30.267906
7157009,214303,29.224186
7162009,214331,29.224186
7167009,214359,29.224186
7172009,214387,29.224186
7177009,214416,30.267906
7182009,214444,29.224186
7187009,214472,29.224186
7192009,214500,29.224186
7197009,214529,30.267906
7202009,214557,29.224186
7207009,214585,29.224186
7212009,214613,29.224186
7217009,214641,29.224186
7222009,214669,29.224186
7227009,214698,30.267906
7232009,214726,29.224186
7237009,214754,29.224186
7242009,214782,29.224186
7247009,214810,29.224186
7252009,214839,30.267906
7257009,214867,29.224186
7262009,214895,29.224186
7267009,214923,29.224186
7272009,214951,29.224186
7277009,214979,29.224186
7282009,215008,30.267906
7287009,215036,29.224186
7292009,215064,29.224186
7297009,215092,29.224186
7302009,215120,29.224186
7307009,215149,30.267906
7312009,215177,29.224186
7317009,215205,29.224186
7322009,215233,29.224186
7327009,215261,29.224186
7332009,215289,29.224186
7337009,215317,29.224186
7342009,215345,29.224186
7347009,215374,30.267906
7352009,215402,29.224186
7357009,215430,29.224186
7362009,215458,29.224186
7367009,215486,29.224186
7372009,215515,30.267906
7377009,215543,29.224186
7382009,215571,29.224186
7387009,215599,29.224186
7392009,215627,29.224186
7397009,215655,29.224186
7402009,215683,29.224186
7407009,215712,30.267906
7412009,215740,29.224186
7417009,215768,29.224186
7422009,215796,29.224186
7427009,215824,29.224186
7432009,215852,29.224186
7437009,215881,30.267906
7442009,215909,29.224186
7447009,215937,29.224186
7452009,215965,29.224186
7457009,215993,29.224186
7462009,216021,29.224186
7467009,216049,29.224186
7472009,216077,29.224186
7477009,216106,30.267906
7482009,216134,29.224186
7487009,216162,29.224186
7492009,216190,29.224186
7497009,216218,29.224186
7502009,216246,29.224186
7507009,216275,30.267906
7512009,216303,29.224186
7517009,216331,29.224186
7522009,216359,29.224186
7527009,216387,29.224186
7532009,216415,29.224186
7537009,216443,29.224186
7542009,216472,30.267906
7547009,216500,29.224186
7552009,216528,29.224186
7557009,216556,29.224186
7562009,216584,29.224186
7567009,216612,29.224186
7572009,216641,30.267906
7577009,216669,29.224186
7582009,216697,29.224186
7587009,216725,29.224186
7592009,216753,29.224186
7597009,216781,29.224186
7602009,216809,29.224186
7607009,216838,30.267906
7612009,216866,29.224186
7617009,216894,29.224186
7622009,216922,29.224186
7627009,216950,29.224186
7632009,216978,29.224186
7637009,217007,30.267906
7642009,217035,29.224186
7647009,217063,29.224186
7652009,217091,29.224186
7657009,217119,29.224186
7662009,217147,29.224186
7667009,217176,30.267906
7672009,217204,29.224186
7677009,217232,29.224186
7682009,217260,29.224186
7687009,217288,29.224186
7692009,217316,29.224186
7697009,217345,30.267906
7702009,217373,29.224186
7707009,217401,29.224186
7712009,217429,29.224186
7717009,217457,29.224186
7722009,217485,29.224186
7727009,217514,30.267906
7732009,217542,29.224186
7737009,217570,29.224186
7742009,217598,29.224186
7747009,217626,29.224186
7752009,217654,29.224186
7757009,217683,30.267906
7762009,217711,29.224186
7767009,217739,29.224186
7772009,217767,29.224186
7777009,217795,29.224186
7782009,217823,29.224186
7787009,217851,29.224186
7792009,217880,30.267906
7797009,217908,29.224186
7802009,217936,29.224186
7807009,217964,29.224186
7812009,217992,29.224186
7817009,218021,30.267906
7822009,218049,29.224186
7827009,218077,29.224186
7832009,218105,29.224186
7837009,218133,29.224186
7842009,218161,29.224186
7847009,218189,29.224186
7852009,218218,30.267906
7857009,218246,29.224186
7862009,218274,29.224186
7867009,218302,29.224186
7872009,218330,29.224186
7877009,218359,30.267906
7882009,218387,29.224186
7887009,218415,29.224186
7892009,218443,29.224186
7897009,218471,29.224186
7902009,218499,29.224186
7907009,218528,30.267906
7912009,218556,29.224186
7917009,218584,29.224186
7922009,218612,29.224186
7927009,218640,29.224186
7932009,218669,30.267906
7937009,218697,29.224186
7942009,218725,29.224186
7947009,218753,29.224186
7952009,218781,29.224186
7957009,218809,29.224186
7962009,218838,30.267906
7967009,218866,29.224186
7972009,218894,29.224186
7977009,218922,29.224186
7982009,218951,30.267906
7987009,218979,29.224186
7992009,219007,29.224186
7997009,219035,29.224186
8002009,219063,29.224186
8007009,219092,30.267906
8012009,219120,29.224186
8017009,219148,29.224186
8022009,219176,29.224186
8027009,219205,30.267906
8032009,219233,29.224186
8037009,219261,29.224186
8042009,219289,29.224186
8047009,219317,29.224186
8052009,219346,30.267906
8057009,219374,29.224186
8062009,219402,29.224186
8067009,219430,29.224186
8072009,219459,30.267906
8077009,219487,29.224186
8082009,219515,29.224186
8087009,219543,29.224186
8092009,219572,30.267906
8097009,219600,29.224186
8102009,219628,29.224186
8107009,219656,29.224186
8112009,219685,30.267906
8117009,219713,29.224186
8122009,219741,29.224186
8127009,219769,29.224186
8132009,219797,29.224186
8137009,219826,30.267906
8142009,219854,29.224186
8147009,219882,29.224186
8152009,219910,29.224186
8157009,219939,30.267906
8162009,219967,29.224186
8167009,219995,29.224186
8172009,220023,29.224186
8177009,220051,29.224186
8182009,220080,30.267906
8187009,220108,29.224186
8192009,220136,29.224186
8197009,220164,29.224186
8202009,220193,30.267906
8207009,220221,29.224186
8212009,220249,29.224186
8217009,220277,29.224186
8222009,220305,29.224186
8227009,220334,30.267906
8232009,220362,29.224186
8237009,220390,29.224186
8242009,220418,29.224186
8247009,220447,30.267906
8252009,220475,29.224186
8257009,220503,29.224186
8262009,220531,29.224186
8267009,220559,29.224186
8272009,220588,30.267906
8277009,220616,29.224186
8282009,220644,29.224186
8287009,220672,29.224186
8292009,220700,29.224186
8297009,220729,30.267906
8302009,220757,29.224186
8307009,220785,29.224186
8312009,220813,29.224186
8317009,220842,30.267906
8322009,220870,29.224186
8327009,220898,29.224186
8332009,220926,29.224186
8337009,220955,30.267906
8342009,220983,29.224186
8347009,221011,29.224186
8352009,221039,29.224186
8357009,221067,29.224186
8362009,221096,30.267906
8367009,221124,29.224186
8372009,221152,29.224186
8377009,221181,30.267906
8382009,221209,29.224186
8387009,221237,29.224186
8392009,221265,29.224186
8397009,221293,29.224186
8402009,221322,30.267906
8407009,221350,29.224186
8412009,221378,29.224186
8417009,221406,29.224186
8422009,221435,30.267906
8427009,221463,29.224186
8432009,221491,29.224186
8437009,221519,29.224186
8442009,221548,30.267906
8447009,221576,29.224186
8452009,221604,29.224186
8457009,221632,29.224186
8462009,221660,29.224186
8467009,221689,30.267906
8472009,221717,29.224186
8477009,221745,29.224186
8482009,221773,29.224186
8487009,221801,29.224186
8492009,221830,30.267906
8497009,221858,29.224186
8502009,221886,29.224186
8507009,221914,29.224186
8512009,221943,30.267906
8517009,221971,29.224186
8522009,221999,29.224186
8527009,222027,29.224186
8532009,222055,29.224186
8537009,222084,30.267906
8542009,222112,29.224186
8547009,222140,29.224186
8552009,222169,30.267906
8557009,222197,29.224186
8562009,222225,29.224186
8567009,222253,29.224186
8572009,222281,29.224186
8577009,222310,30.267906
8582009,222338,29.224186
8587009,222366,29.224186
8592009,222394,29.224186
8597009,222423,30.267906
8602009,222451,29.224186
8607009,222479,29.224186
8612009,222507,29.224186
8617009,222536,30.267906
8622009,222564,29.224186
8627009,222592,29.224186
8632009,222620,29.224186
8637009,222649,30.267906
8642009,222677,29.224186
8647009,222705,29.224186
8652009,222733,29.224186
8657009,222761,29.224186
8662009,222790,30.267906
8667009,222818,29.224186
8672009,222846,29.224186
8677009,222874,29.224186
8682009,222902,29.224186
8687009,222931,30.267906
8692009,222959,29.224186
8697009,222987,29.224186
8702009,223015,29.224186
8707009,223043,29.224186
8712009,223072,30.267906
8717009,223100,29.224186
8722009,223128,29.224186
8727009,223156,29.224186
8732009,223185,30.267906
8737009,223213,29.224186
8742009,223241,29.224186
8747009,223269,29.224186
8752009,223297,29.224186
8757009,223326,30.267906
8762009,223354,29.224186
8767009,223382,29.224186
8772009,223410,29.224186
8777009,223439,30.267906
8782009,223467,29.224186
8787009,223495,29.224186
8792009,223523,29.224186
8797009,223552,30.267906
8802009,223580,29.224186
8807009,223608,29.224186
8812009,223636,29.224186
8817009,223665,30.267906
8822009,223693,29.224186
8827009,223721,29.224186
8832009,223749,29.224186
8837009,223777,29.224186
8842009,223806,30.267906
8847009,223834,29.224186
8852009,223862,29.224186
8857009,223890,29.224186
8862009,223918,29.224186
8867009,223947,30.267906
8872009,223975,29.224186
8877009,224003,29.224186
8882009,224031,29.224186
8887009,224060,30.267906
8892009,224088,29.224186
8897009,224116,29.224186
8902009,224144,29.224186
8907009,224172,29.224186
8912009,224201,30.267906
8917009,224229,29.224186
8922009,224257,29.224186
8927009,224285,29.224186
8932009,224313,29.224186
8937009,224341,29.224186
8942009,224370,30.267906
8947009,224398,29.224186
8952009,224426,29.224186
8957009,224454,29.224186
8962009,224482,29.224186
8967009,224511,30.267906
8972009,224539,29.224186
8977009,224567,29.224186
8982009,224595,29.224186
8987009,224623,29.224186
8992009,224651,29.224186
8997009,224680,30.267906
9002009,224708,29.224186
9007009,224736,29.224186
9012009,224764,29.224186
9017009,224792,29.224186
9022009,224821,30.267906
9027009,224849,29.224186
9032009,224877,29.224186
9037009,224905,29.224186
9042009,224933,29.224186
9047009,224962,30.267906
9052009,224990,29.224186
9057009,225018,29.224186
9062009,225046,29.224186
9067009,225074,29.224186
9072009,225103,30.267906
9077009,225131,29.224186
9082009,225159,29.224186
9087009,225187,29.224186
9092009,225215,29.224186
9097009,225244,30.267906
9102009,225272,29.224186
9107009,225300,29.224186
9112009,225328,29.224186
9117009,225357,30.267906
9122009,225385,29.224186
9127009,225413,29.224186
9132009,225441,29.224186
9137009,225469,29.224186
9142009,225498,30.267906
9147009,225526,29.224186
9152009,225554,29.224186
9157009,225582,29.224186
9162009,225611,30.267906
9167009,225639,29.224186
9172009,225667,29.224186
9177009,225695,29.224186
9182009,225723,29.224186
9187009,225752,30.267906
9192009,225780,29.224186
9197009,225808,29.224186
9202009,225836,29.224186
9207009,225865,30.267906
9212009,225893,29.224186
9217009,225921,29.224186
9222009,225949,29.224186
9227009,225977,29.224186
9232009,226006,30.267906
9237009,226034,29.224186
9242009,226062,29.224186
9247009,226090,29.224186
9252009,226118,29.224186
9257009,226147,30.267906
9262009,226175,29.224186
9267009,226203,29.224186
9272009,226231,29.224186
9277009,226259,29.224186
9282009,226288,30.267906
9287009,226316,29.224186
9292009,226344,29.224186
9297009,226372,29.224186
9302009,226400,29.224186
9307009,226429,30.267906
9312009,226457,29.224186
9317009,226485,29.224186
9322009,226513,29.224186
9327009,226541,29.224186
9332009,226570,30.267906
9337009,226598,29.224186
9342009,226626,29.224186
9347009,226654,29.224186
9352009,226683,30.267906
9357009,226711,29.224186
9362009,226739,29.224186
9367009,226767,29.224186
9372009,226795,29.224186
9377009,226824,30.267906
9382009,226852,29.224186
9387009,226880,29.224186
9392009,226908,29.224186
9397009,226937,30.267906
9402009,226965,29.224186
9407009,226993,29.224186
9412009,227021,29.224186
9417009,227050,30.267906
9422009,227078,29.224186
9427009,227106,29.224186
9432009,227134,29.224186
9437009,227162,29.224186
9442009,227191,30.267906
9447009,227219,29.224186
9452009,227247,29.224186
9457009,227275,29.224186
9462009,227304,30.267906
9467009,227332,29.224186
9472009,227360,29.224186
9477009,227388,29.224186
9482009,227416,29.224186
9487009,227445,30.267906
9492009,227473,29.224186
9497009,227501,29.224186
9502009,227529,29.224186
9507009,227558,30.267906
9512009,227586,29.224186
9517009,227614,29.224186
9522009,227642,29.224186
9527009,227670,29.224186
9532009,227699,30.267906
9537009,227727,29.224186
9542009,227755,29.224186
9547009,227783,29.224186
9552009,227811,29.224186
9557009,227840,30.267906
9562009,227868,29.224186
9567009,227896,29.224186
9572009,227924,29.224186
9577009,227952,29.224186
9582009,227981,30.267906
9587009,228009,29.224186
9592009,228037,29.224186
9597009,228065,29.224186
9602009,228093,29.224186
9607009,228121,29.224186
9612009,228150,30.267906
9617009,228178,29.224186
9622009,228206,29.224186
9627009,228234,29.224186
9632009,228263,30.267906
9637009,228291,29.224186
9642009,228319,29.224186
9647009,228347,29.224186
9652009,228375,29.224186
9657009,228403,29.224186
9662009,228432,30.267906
9667009,228460,29.224186
9672009,228488,29.224186
9677009,228516,29.224186
9682009,228545,30.267906
9687009,228573,29.224186
9692009,228601,29.224186
9697009,228629,29.224186
9702009,228657,29.224186
9707009,228686,30.267906
9712009,228714,29.224186
9717009,228742,29.224186
9722009,228770,29.224186
9727009,228798,29.224186
9732009,228827,30.267906
9737009,228855,29.224186
9742009,228883,29.224186
9747009,228911,29.224186
9752009,228939,29.224186
9757009,228968,30.267906
9762009,228996,29.224186
9767009,229024,29.224186
9772009,229052,29.224186
9777009,229081,30.267906
9782009,229109,29.224186
9787009,229137,29.224186
9792009,229165,29.224186
9797009,229193,29.224186
9802009,229222,30.267906
9807009,229250,29.224186
9812009,229278,29.224186
9817009,229306,29.224186
9822009,229334,29.224186
9827009,229363,30.267906
9832009,229391,29.224186
9837009,229419,29.224186
9842009,229447,29.224186
9847009,229475,29.224186
9852009,229503,29.224186
9857009,229532,30.267906
9862009,229560,29.224186
9867009,229588,29.224186
9872009,229616,29.224186
9877009,229645,30.267906
9882009,229673,29.224186
9887009,229701,29.224186
9892009,229729,29.224186
9897009,229757,29.224186
9902009,229786,30.267906
9907009,229814,29.224186
9912009,229842,29.224186
9917009,229870,29.224186
9922009,229898,29.224186
9927009,229927,30.267906
9932009,229955,29.224186
9937009,229983,29.224186
9942009,230011,29.224186
9947009,230039,29.224186
9952009,230068,30.267906
9957009,230096,29.224186
9962009,230124,29.224186
9967009,230152,29.224186
9972009,230180,29.224186
9977009,230209,30.267906
9982009,230237,29.224186
9987009,230265,29.224186
9992009,230293,29.224186
9997009,230321,29.224186
10002009,230350,30.267906
10007009,230378,29.224186
10012009,230406,29.224186
10017009,230434,29.224186
10022009,230462,29.224186
10027009,230491,30.267906
10032009,230519,29.224186
10037009,230547,29.224186
10042009,230575,29.224186
10047009,230603,29.224186
10052009,230631,29.224186
10057009,230660,30.267906
10062009,230688,29.224186
10067009,230716,29.224186
10072009,230744,29.224186
10077009,230773,30.267906
10082009,230801,29.224186
10087009,230829,29.224186
10092009,230857,29.224186
10097009,230885,29.224186
10102009,230914,30.267906
10107009,230942,29.224186
10112009,230970,29.224186
10117009,230998,29.224186
10122009,231026,29.224186
10127009,231055,30.267906
10132009,231083,29.224186
10137009,231111,29.224186
10142009,231139,29.224186
10147009,231168,30.267906
10152009,231196,29.224186
10157009,231224,29.224186
10162009,231252,29.224186
10167009,231280,29.224186
10172009,231309,30.267906
10177009,231337,29.224186
10182009,231365,29.224186
10187009,231393,29.224186
10192009,231421,29.224186
10197009,231450,30.267906
10202009,231478,29.224186
10207009,231506,29.224186
10212009,231534,29.224186
10217009,231562,29.224186
10222009,231591,30.267906
10227009,231619,29.224186
10232009,231647,29.224186
10237009,231675,29.224186
10242009,231703,29.224186
10247009,231731,29.224186
10252009,231760,30.267906
10257009,231788,29.224186
10262009,231816,29.224186
10267009,231844,29.224186
10272009,231873,30.267906
10277009,231901,29.224186
10282009,231929,29.224186
10287009,231957,29.224186
10292009,231985,29.224186
10297009,232013,29.224186
10302009,232042,30.267906
10307009,232070,29.224186
10312009,232098,29.224186
