
Time_us,Position,Speed_rad_per_s
1312008,241802,0.000000
1317008,241804,2.087442
1322009,241809,5.217561
1327010,241817,8.348098
1332010,241827,10.437209
1337010,241839,12.524651
1342010,241854,15.655814
1347010,241870,16.699535
1352010,241887,17.743256
1357010,241906,19.830698
1362010,241926,20.874418
1367010,241947,21.918139
1372010,241969,22.961861
1377010,241991,22.961861
1382010,242014,24.005581
1387010,242038,25.049301
1392010,242063,26.093023
1397010,242088,26.093023
1402010,242113,26.093023
1407010,242139,27.136744
1412010,242165,27.136744
1417010,242191,27.136744
1422010,242217,27.136744
1427010,242244,28.180466
1432010,242271,28.180466
1437010,242299,29.224186
1442010,242326,28.180466
1447010,242354,29.224186
1452010,242381,28.180466
1457010,242409,29.224186
1462010,242437,29.224186
1467010,242465,29.224186
1472010,242494,30.267906
1477010,242522,29.224186
1482010,242550,29.224186
1487010,242579,30.267906
1492010,242607,29.224186
1497010,242636,30.267906
1502010,242664,29.224186
1507010,242693,30.267906
1512010,242722,30.267906
1517010,242750,29.224186
1522010,242779,30.267906
1527010,242808,30.267906
1532010,242837,30.267906
1537010,242866,30.267906
1542010,242895,30.267906
1547010,242923,29.224186
1552010,242952,30.267906
1557010,242981,30.267906
1562010,243010,30.267906
1567010,243039,30.267906
1572010,243068,30.267906
1577010,243097,30.267906
1582010,243126,30.267906
1587010,243155,30.267906
1592010,243184,30.267906
1597010,243213,30.267906
1602010,243242,30.267906
1607010,243271,30.267906
1612010,243300,30.267906
1617010,243329,30.267906
1622010,243359,31.311628
1627010,243388,30.267906
1632010,243417,30.267906
1637010,243446,30.267906
1642010,243475,30.267906
1647010,243504,30.267906
1652010,243533,30.267906
1657010,243562,30.267906
1662010,243591,30.267906
1667010,243620,30.267906
1672010,243649,30.267906
1677010,243678,30.267906
1682010,243707,30.267906
1687010,243737,31.311628
1692010,243766,30.267906
1697010,243795,30.267906
1702010,243824,30.267906
1707010,243853,30.267906
1712010,243882,30.267906
1717010,243911,30.267906
1722010,243940,30.267906
1727010,243969,30.267906
1732010,243999,31.311628
1737010,244028,30.267906
1742010,244057,30.267906
1747010,244086,30.267906
1752010,244115,30.267906
1757010,244144,30.267906
1762010,244173,30.267906
1767010,244202,30.267906
1772010,244232,31.311628
1777010,244261,30.267906
1782010,244290,30.267906
1787010,244319,30.267906
1792010,244348,30.267906
1797010,244378,31.311628
1802010,244407,30.267906
1807010,244436,30.267906
1812010,244465,30.267906
1817010,244494,30.267906
1822010,244524,31.311628
1827010,244553,30.267906
1832010,244582,30.267906
1837010,244611,30.267906
1842010,244641,31.311628
1847010,244670,30.267906
1852010,244699,30.267906
1857010,244728,30.267906
1862010,244758,31.311628
1867010,244787,30.267906
1872010,244816,30.267906
1877010,244845,30.267906
1882010,244875,31.311628
1887010,244904,30.267906
1892010,244933,30.267906
1897010,244962,30.267906
1902010,244992,31.311628
1907010,245021,30.267906
1912010,245050,30.267906
1917010,245079,30.267906
1922010,245109,31.311628
1927010,245138,30.267906
1932010,245167,30.267906
1937010,245197,31.311628
1942010,245226,30.267906
1947010,245255,30.267906
1952010,245285,31.311628
1957010,245314,30.267906
1962010,245343,30.267906
1967010,245373,31.311628
1972010,245402,30.267906
1977010,245431,30.267906
1982010,245461,31.311628
1987010,245490,30.267906
1992010,245519,30.267906
1997010,245549,31.311628
2002010,245578,30.267906
2007010,245607,30.267906
2012010,245637,31.311628
2017010,245666,30.267906
2022010,245695,30.267906
2027010,245725,31.311628
2032010,245754,30.267906
2037010,245783,30.267906
2042010,245813,31.311628
2047010,245842,30.267906
2052010,245871,30.267906
2057010,245901,31.311628
2062010,245930,30.267906
2067010,245959,30.267906
2072010,245989,31.311628
2077010,246018,30.267906
2082010,246048,31.311628
2087010,246077,30.267906
2092010,246106,30.267906
2097010,246136,31.311628
2102010,246165,30.267906
2107010,246194,30.267906
2112010,246224,31.311628
2117010,246253,30.267906
2122010,246282,30.267906
2127010,246312,31.311628
2132010,246341,30.267906
2137010,246370,30.267906
2142010,246400,31.311628
2147010,246429,30.267906
2152010,246458,30.267906
2157010,246488,31.311628
2162010,246517,30.267906
2167010,246546,30.267906
2172010,246576,31.311628
2177010,246605,30.267906
2182010,246634,30.267906
2187010,246664,31.311628
2192010,246693,30.267906
2197010,246722,30.267906
2202010,246752,31.311628
2207010,246781,30.267906
2212010,246811,31.311628
2217010,246840,30.267906
2222010,246869,30.267906
2227010,246899,31.311628
2232010,246928,30.267906
2237010,246957,30.267906
2242010,246987,31.311628
2247010,247016,30.267906
2252010,247046,31.311628
2257010,247075,30.267906
2262010,247104,30.267906
2267010,247134,31.311628
2272010,247163,30.267906
2277010,247193,31.311628
2282010,247222,30.267906
2287010,247251,30.267906
2292010,247281,31.311628
2297010,247310,30.267906
2302010,247339,30.267906
2307010,247369,31.311628
2312010,247398,30.267906
2317010,247427,30.267906
2322010,247457,31.311628
2327010,247486,30.267906
2332010,247516,31.311628
2337010,247545,30.267906
2342010,247574,30.267906
2347010,247604,31.311628
2352010,247633,30.267906
2357010,247662,30.267906
2362010,247692,31.311628
2367010,247721,30.267906
2372010,247750,30.267906
2377010,247780,31.311628
2382010,247809,30.267906
2387010,247838,30.267906
2392010,247868,31.311628
2397010,247897,30.267906
2402010,247927,31.311628
2407010,247956,30.267906
2412010,247985,30.267906
2417010,248015,31.311628
2422010,248044,30.267906
2427010,248073,30.267906
2432010,248103,31.311628
2437010,248132,30.267906
2442010,248161,30.267906
2447010,248191,31.311628
2452010,248220,30.267906
2457010,248249,30.267906
2462010,248279,31.311628
2467010,248308,30.267906
2472010,248337,30.267906
2477010,248367,31.311628
2482010,248396,30.267906
2487010,248426,31.311628
2492010,248455,30.267906
2497010,248484,30.267906
2502010,248514,31.311628
2507010,248543,30.267906
2512010,248572,30.267906
2517010,248602,31.311628
2522010,248631,30.267906
2527010,248661,31.311628
2532010,248690,30.267906
2537010,248719,30.267906
2542010,248749,31.311628
2547010,248778,30.267906
2552010,248807,30.267906
2557010,248837,31.311628
2562010,248866,30.267906
2567010,248895,30.267906
2572010,248925,31.311628
2577010,248954,30.267906
2582010,248983,30.267906
2587010,249013,31.311628
2592010,249042,30.267906
2597010,249072,31.311628
2602010,249101,30.267906
2607010,249130,30.267906
2612010,249160,31.311628
2617010,249189,30.267906
2622010,249219,31.311628
2627010,249248,30.267906
2632010,249277,30.267906
2637010,249307,31.311628
2642010,249336,30.267906
2647010,249365,30.267906
2652010,249395,31.311628
2657010,249424,30.267906
2662010,249453,30.267906
2667010,249483,31.311628
2672010,249512,30.267906
2677010,249541,30.267906
2682010,249571,31.311628
2687010,249600,30.267906
2692010,249630,31.311628
2697010,249659,30.267906
2702010,249688,30.267906
2707010,249718,31.311628
2712010,249747,30.267906
2717010,249776,30.267906
2722010,249806,31.311628
2727010,249835,30.267906
2732010,249864,30.267906
2737010,249894,31.311628
2742010,249923,30.267906
2747010,249952,30.267906
2752010,249982,31.311628
2757010,250011,30.267906
2762010,250040,30.267906
2767010,250070,31.311628
2772010,250099,30.267906
2777010,250129,31.311628
2782010,250158,30.267906
2787010,250187,30.267906
2792010,250217,31.311628
2797010,250246,30.267906
2802010,250275,30.267906
2807010,250305,31.311628
2812010,250334,30.267906
2817010,250363,30.267906
2822010,250393,31.311628
2827010,250422,30.267906
2832010,250451,30.267906
2837010,250481,31.311628
2842010,250510,30.267906
2847010,250539,30.267906
2852010,250569,31.311628
2857010,250598,30.267906
2862010,250627,30.267906
2867010,250657,31.311628
2872010,250686,30.267906
2877010,250715,30.267906
2882010,250745,31.311628
2887010,250774,30.267906
2892010,250804,31.311628
2897010,250833,30.267906
2902010,250862,30.267906
2907010,250892,31.311628
2912010,250921,30.267906
2917010,250950,30.267906
2922010,250980,31.311628
2927010,251009,30.267906
2932010,251038,30.267906
2937010,251068,31.311628
2942010,251097,30.267906
2947010,251127,31.311628
2952010,251156,30.267906
2957010,251185,30.267906
2962010,251215,31.311628
2967010,251244,30.267906
2972010,251273,30.267906
2977010,251303,31.311628
2982010,251332,30.267906
2987010,251361,30.267906
2992010,251391,31.311628
2997010,251420,30.267906
3002010,251450,31.311628
3007010,251479,30.267906
3012010,251508,30.267906
3017010,251538,31.311628
3022010,251567,30.267906
3027010,251596,30.267906
3032010,251626,31.311628
3037010,251655,30.267906
3042010,251685,31.311628
3047010,251714,30.267906
3052010,251743,30.267906
3057010,251773,31.311628
3062010,251802,30.267906
3067010,251831,30.267906
3072010,251861,31.311628
3077010,251890,30.267906
3082010,251920,31.311628
3087010,251949,30.267906
3092010,251979,31.311628
3097010,252008,30.267906
3102010,252037,30.267906
3107010,252067,31.311628
3112010,252096,30.267906
3117010,252125,30.267906
3122010,252155,31.311628
3127010,252184,30.267906
3132010,252214,31.311628
3137010,252243,30.267906
3142010,252272,30.267906
3147010,252302,31.311628
3152010,252331,30.267906
3157010,252361,31.311628
3162010,252390,30.267906
3167010,252419,30.267906
3172010,252449,31.311628
3177010,252478,30.267906
3182010,252508,31.311628
3187010,252537,30.267906
3192010,252566,30.267906
3197010,252596,31.311628
3202010,252625,30.267906
3207010,252654,30.267906
3212010,252684,31.311628
3217010,252713,30.267906
3222010,252743,31.311628
3227010,252772,30.267906
3232010,252801,30.267906
3237010,252831,31.311628
3242010,252860,30.267906
3247010,252889,30.267906
3252010,252919,31.311628
3257010,252948,30.267906
3262010,252978,31.311628
3267010,253007,30.267906
3272010,253036,30.267906
3277010,253066,31.311628
3282010,253095,30.267906
3287010,253125,31.311628
3292010,253154,30.267906
3297010,253183,30.267906
3302010,253213,31.311628
3307010,253242,30.267906
3312010,253272,31.311628
3317010,253301,30.267906
3322010,253330,30.267906
3327010,253360,31.311628
3332010,253389,30.267906
3337010,253419,31.311628
3342010,253448,30.267906
3347010,253477,30.267906
3352010,253507,31.311628
3357010,253536,30.267906
3362010,253566,31.311628
3367010,253595,30.267906
3372010,253624,30.267906
3377010,253654,31.311628
3382010,253683,30.267906
3387010,253713,31.311628
3392010,253742,30.267906
3397010,253771,30.267906
3402010,253801,31.311628
3407010,253830,30.267906
3412010,253860,31.311628
3417010,253889,30.267906
3422010,253919,31.311628
3427010,253948,30.267906
3432010,253977,30.267906
3437010,254007,31.311628
3442010,254036,30.267906
3447010,254066,31.311628
3452010,254095,30.267906
3457010,254124,30.267906
3462010,254154,31.311628
3467010,254183,30.267906
3472010,254213,31.311628
3477010,254242,30.267906
3482010,254271,30.267906
3487010,254301,31.311628
3492010,254330,30.267906
3497010,254360,31.311628
3502010,254389,30.267906
3507010,254419,31.311628
3512010,254448,30.267906
3517010,254477,30.267906
3522010,254507,31.311628
3527010,254536,30.267906
3532010,254565,30.267906
3537010,254595,31.311628
3542010,254624,30.267906
3547010,254654,31.311628
3552010,254683,30.267906
3557010,254712,30.267906
3562010,254742,31.311628
3567010,254771,30.267906
3572010,254800,30.267906
3577010,254830,31.311628
3582010,254859,30.267906
3587010,254889,31.311628
3592010,254918,30.267906
3597010,254947,30.267906
3602010,254977,31.311628
3607010,255006,30.267906
3612010,255035,30.267906
3617010,255065,31.311628
3622010,255094,30.267906
3627010,255124,31.311628
3632010,255153,30.267906
3637010,255182,30.267906
3642010,255212,31.311628
3647010,255241,30.267906
3652010,255271,31.311628
3657010,255300,30.267906
3662010,255329,30.267906
3667010,255359,31.311628
3672010,255388,30.267906
3677010,255417,30.267906
3682010,255447,31.311628
3687010,255476,30.267906
3692010,255506,31.311628
3697010,255535,30.267906
3702010,255565,31.311628
3707010,255594,30.267906
3712010,255623,30.267906
3717010,255653,31.311628
3722010,255682,30.267906
3727010,255711,30.267906
3732010,255741,31.311628
3737010,255770,30.267906
3742010,255800,31.311628
3747010,255829,30.267906
3752010,255858,30.267906
3757010,255888,31.311628
3762010,255917,30.267906
3767010,255947,31.311628
3772010,255976,30.267906
3777010,256005,30.267906
3782010,256035,31.311628
3787010,256064,30.267906
3792010,256094,31.311628
3797010,256123,30.267906
3802010,256152,30.267906
3807010,256182,31.311628
3812010,256211,30.267906
3817010,256241,31.311628
3822010,256270,30.267906
3827010,256299,30.267906
3832010,256329,31.311628
3837010,256358,30.267906
3842010,256387,30.267906
3847010,256417,31.311628
3852010,256446,30.267906
3857010,256476,31.311628
3862010,256505,30.267906
3867010,256534,30.267906
3872010,256564,31.311628
3877010,256593,30.267906
3882010,256623,31.311628
3887010,256652,30.267906
3892010,256681,30.267906
3897010,256711,31.311628
3902010,256740,30.267906
3907010,256769,30.267906
3912010,256799,31.311628
3917010,256828,30.267906
3922010,256858,31.311628
3927010,256887,30.267906
3932010,256916,30.267906
3937010,256946,31.311628
3942010,256975,30.267906
3947010,257005,31.311628
3952010,257034,30.267906
3957010,257063,30.267906
3962010,257093,31.311628
3967010,257122,30.267906
3972010,257151,30.267906
3977010,257181,31.311628
3982010,257210,30.267906
3987010,257239,30.267906
3992010,257269,31.311628
3997010,257298,30.267906
4002010,257327,30.267906
4007010,257357,31.311628
4012010,257386,30.267906
4017010,257415,30.267906
4022010,257445,31.311628
4027010,257474,30.267906
4032010,257504,31.311628
4037010,257533,30.267906
4042010,257562,30.267906
4047010,257592,31.311628
4052010,257621,30.267906
4057010,257650,30.267906
4062010,257680,31.311628
4067010,257709,30.267906
4072010,257738,30.267906
4077010,257768,31.311628
4082010,257797,30.267906
4087010,257826,30.267906
4092010,257856,31.311628
4097010,257885,30.267906
4102010,257914,30.267906
4107010,257944,31.311628
4112010,257973,30.267906
4117010,258002,30.267906
4122010,258031,30.267906
4127010,258061,31.311628
4132010,258090,30.267906
4137010,258119,30.267906
4142010,258149,31.311628
4147010,258178,30.267906
4152010,258207,30.267906
4157010,258237,31.311628
4162010,258266,30.267906
4167010,258295,30.267906
4172010,258325,31.311628
4177010,258354,30.267906
4182010,258383,30.267906
4187010,258413,31.311628
4192010,258442,30.267906
4197010,258471,30.267906
4202010,258501,31.311628
4207010,258530,30.267906
4212010,258559,30.267906
4217010,258589,31.311628
4222010,258618,30.267906
4227010,258648,31.311628
4232010,258677,30.267906
4237010,258706,30.267906
4242010,258736,31.311628
4247010,258765,30.267906
4252010,258794,30.267906
4257010,258824,31.311628
4262010,258853,30.267906
4267010,258882,30.267906
4272010,258912,31.311628
4277010,258941,30.267906
4282010,258970,30.267906
4287010,259000,31.311628
4292010,259029,30.267906
4297010,259058,30.267906
4302010,259088,31.311628
4307010,259117,30.267906
4312010,259146,30.267906
4317010,259176,31.311628
4322010,259205,30.267906
4327010,259234,30.267906
4332010,259264,31.311628
4337010,259293,30.267906
4342010,259323,31.311628
4347010,259352,30.267906
4352010,259381,30.267906
4357010,259411,31.311628
4362010,259440,30.267906
4367010,259469,30.267906
4372010,259499,31.311628
4377010,259528,30.267906
4382010,259557,30.267906
4387010,259587,31.311628
4392010,259616,30.267906
4397010,259645,30.267906
4402010,259675,31.311628
4407010,259704,30.267906
4412010,259733,30.267906
4417010,259763,31.311628
4422010,259792,30.267906
4427010,259822,31.311628
4432010,259851,30.267906
4437010,259880,30.267906
4442010,259910,31.311628
4447010,259939,30.267906
4452010,259969,31.311628
4457010,259998,30.267906
4462010,260027,30.267906
4467010,260057,31.311628
4472010,260086,30.267906
4477010,260115,30.267906
4482010,260145,31.311628
4487010,260174,30.267906
4492010,260203,30.267906
4497010,260233,31.311628
4502010,260262,30.267906
4507010,260292,31.311628
4512010,260321,30.267906
4517010,260350,30.267906
4522010,260380,31.311628
4527010,260409,30.267906
4532010,260438,30.267906
4537010,260468,31.311628
4542010,260497,30.267906
4547010,260526,30.267906
4552010,260556,31.311628
4557010,260585,30.267906
4562010,260615,31.311628
4567010,260644,30.267906
4572010,260673,30.267906
4577010,260703,31.311628
4582010,260732,30.267906
4587010,260761,30.267906
4592010,260791,31.311628
4597010,260820,30.267906
4602010,260849,30.267906
4607010,260879,31.311628
4612010,260908,30.267906
4617010,260937,30.267906
4622010,260967,31.311628
4627010,260996,30.267906
4632010,261025,30.267906
4637010,261055,31.311628
4642010,261084,30.267906
4647010,261113,30.267906
4652010,261143,31.311628
4657010,261172,30.267906
4662010,261202,31.311628
4667010,261231,30.267906
4672010,261260,30.267906
4677010,261290,31.311628
4682010,261319,30.267906
4687010,261348,30.267906
4692010,261378,31.311628
4697010,261407,30.267906
4702010,261436,30.267906
4707010,261466,31.311628
4712010,261495,30.267906
4717010,261524,30.267906
4722010,261554,31.311628
4727010,261583,30.267906
4732010,261612,30.267906
4737010,261642,31.311628
4742010,261671,30.267906
4747010,261700,30.267906
4752010,261730,31.311628
4757010,261759,30.267906
4762010,261788,30.267906
4767010,261818,31.311628
4772010,261847,30.267906
4777010,261877,31.311628
4782010,261906,30.267906
4787010,261935,30.267906
4792010,261964,30.267906
4797010,261994,31.311628
4802010,262023,30.267906
4807010,262053,31.311628
4812010,262082,30.267906
4817010,262111,30.267906
4822010,262141,31.311628
4827010,262170,30.267906
4832010,262199,30.267906
4837010,262228,30.267906
4842010,262258,31.311628
4847010,262287,30.267906
4852010,262316,30.267906
4857010,262346,31.311628
4862010,262375,30.267906
4867010,262405,31.311628
4872010,262434,30.267906
4877010,262463,30.267906
4882010,262493,31.311628
4887010,262522,30.267906
4892010,262551,30.267906
4897010,262581,31.311628
4902010,262610,30.267906
4907010,262639,30.267906
4912010,262669,31.311628
4917010,262698,30.267906
4922010,262727,30.267906
4927010,262757,31.311628
4932010,262786,30.267906
4937010,262815,30.267906
4942010,262845,31.311628
4947010,262874,30.267906
4952010,262903,30.267906
4957010,262933,31.311628
4962010,262962,30.267906
4967010,262991,30.267906
4972010,263021,31.311628
4977010,263050,30.267906
4982010,263080,31.311628
4987010,263109,30.267906
4992010,263138,30.267906
4997010,263168,31.311628
5002010,263197,30.267906
5007010,263227,31.311628
5012010,263256,30.267906
5017010,263285,30.267906
5022010,263315,31.311628
5027010,263344,30.267906
5032010,263373,30.267906
5037010,263403,31.311628
5042010,263432,30.267906
5047010,263462,31.311628
5052010,263491,30.267906
5057010,263521,31.311628
5062010,263550,30.267906
5067010,263579,30.267906
5072010,263609,31.311628
5077010,263638,30.267906
5082010,263667,30.267906
5087010,263697,31.311628
5092010,263726,30.267906
5097010,263756,31.311628
5102010,263785,30.267906
5107010,263814,30.267906
5112010,263844,31.311628
5117010,263873,30.267906
5122010,263903,31.311628
5127010,263932,30.267906
5132010,263961,30.267906
5137010,263991,31.311628
5142010,264020,30.267906
5147010,264049,30.267906
5152010,264079,31.311628
5157010,264108,30.267906
5162010,264138,31.311628
5167010,264167,30.267906
5172010,264197,31.311628
5177010,264226,30.267906
5182010,264255,30.267906
5187010,264285,31.311628
5192010,264314,30.267906
5197010,264343,30.267906
5202010,264373,31.311628
5207010,264402,30.267906
5212010,264432,31.311628
5217010,264461,30.267906
5222010,264491,31.311628
5227010,264520,30.267906
5232010,264549,30.267906
5237010,264579,31.311628
5242010,264608,30.267906
5247010,264637,30.267906
5252010,264667,31.311628
5257010,264696,30.267906
5262010,264725,30.267906
5267010,264755,31.311628
5272010,264784,30.267906
5277010,264814,31.311628
5282010,264843,30.267906
5287010,264872,30.267906
5292010,264902,31.311628
5297010,264931,30.267906
5302010,264961,31.311628
5307010,264990,30.267906
5312010,265019,30.267906
5317010,265049,31.311628
5322010,265078,30.267906
5327010,265107,30.267906
5332010,265137,31.311628
5337010,265166,30.267906
5342010,265195,30.267906
5347010,265225,31.311628
5352010,265254,30.267906
5357010,265283,30.267906
5362010,265313,31.311628
5367010,265342,30.267906
5372010,265371,30.267906
5377010,265401,31.311628
5382010,265430,30.267906
5387010,265459,30.267906
5392010,265489,31.311628
5397010,265518,30.267906
5402010,265548,31.311628
5407010,265577,30.267906
5412010,265606,30.267906
5417010,265636,31.311628
5422010,265665,30.267906
5427010,265695,31.311628
5432010,265724,30.267906
5437010,265753,30.267906
5442010,265783,31.311628
5447010,265812,30.267906
5452010,265841,30.267906
5457010,265871,31.311628
5462010,265900,30.267906
5467010,265930,31.311628
5472010,265959,30.267906
5477010,265988,30.267906
5482010,266018,31.311628
5487010,266047,30.267906
5492010,266077,31.311628
5497010,266106,30.267906
5502010,266135,30.267906
5507010,266165,31.311628
5512010,266194,30.267906
5517010,266223,30.267906
5522010,266253,31.311628
5527010,266282,30.267906
5532010,266311,30.267906
5537010,266341,31.311628
5542010,266370,30.267906
5547010,266399,30.267906
5552010,266429,31.311628
5557010,266458,30.267906
5562010,266488,31.311628
5567010,266517,30.267906
5572010,266546,30.267906
5577010,266576,31.311628
5582010,266605,30.267906
5587010,266635,31.311628
5592010,266664,30.267906
5597010,266693,30.267906
5602010,266723,31.311628
5607010,266752,30.267906
5612010,266782,31.311628
5617010,266811,30.267906
5622010,266840,30.267906
5627010,266870,31.311628
5632010,266899,30.267906
5637010,266929,31.311628
5642010,266958,30.267906
5647010,266987,30.267906
5652010,267017,31.311628
5657010,267046,30.267906
5662010,267076,31.311628
5667010,267105,30.267906
5672010,267135,31.311628
5677010,267164,30.267906
5682010,267193,30.267906
5687010,267223,31.311628
5692010,267252,30.267906
5697010,267281,30.267906
5702010,267311,31.311628
5707010,267340,30.267906
5712010,267370,31.311628
5717010,267399,30.267906
5722010,267429,31.311628
5727010,267458,30.267906
5732010,267487,30.267906
5737010,267517,31.311628
5742010,267546,30.267906
5747010,267576,31.311628
5752010,267605,30.267906
5757010,267634,30.267906
5762010,267664,31.311628
5767010,267693,30.267906
5772010,267723,31.311628
5777010,267752,30.267906
5782010,267781,30.267906
5787010,267811,31.311628
5792010,267840,30.267906
5797010,267869,30.267906
5802010,267899,31.311628
5807010,267928,30.267906
5812010,267957,30.267906
5817010,267987,31.311628
5822010,268016,30.267906
5827010,268046,31.311628
5832010,268075,30.267906
5837010,268104,30.267906
5842010,268134,31.311628
5847010,268163,30.267906
5852010,268192,30.267906
5857010,268222,31.311628
5862010,268251,30.267906
5867010,268281,31.311628
5872010,268310,30.267906
5877010,268339,30.267906
5882010,268369,31.311628
5887010,268398,30.267906
5892010,268427,30.267906
5897010,268457,31.311628
5902010,268486,30.267906
5907010,268515,30.267906
5912010,268545,31.311628
5917010,268574,30.267906
5922010,268604,31.311628
5927010,268633,30.267906
5932010,268662,30.267906
5937010,268692,31.311628
5942010,268721,30.267906
5947010,268750,30.267906
5952010,268780,31.311628
5957010,268809,30.267906
5962010,268839,31.311628
5967010,268868,30.267906
5972010,268897,30.267906
5977010,268927,31.311628
5982010,268956,30.267906
5987010,268985,30.267906
5992010,269015,31.311628
5997010,269044,30.267906
6002010,269074,31.311628
6007010,269103,30.267906
6012010,269132,30.267906
6017010,269162,31.311628
6022010,269191,30.267906
6027010,269221,31.311628
6032010,269250,30.267906
6037010,269279,30.267906
6042010,269309,31.311628
6047010,269338,30.267906
6052010,269368,31.311628
6057010,269397,30.267906
6062010,269427,31.311628
6067010,269456,30.267906
6072010,269486,31.311628
6077010,269515,30.267906
6082010,269545,31.311628
6087010,269574,30.267906
6092010,269603,30.267906
6097010,269633,31.311628
6102010,269662,30.267906
6107010,269692,31.311628
6112010,269721,30.267906
6117010,269750,30.267906
6122010,269780,31.311628
6127010,269809,30.267906
6132010,269839,31.311628
6137010,269868,30.267906
6142010,269897,30.267906
6147010,269927,31.311628
6152010,269956,30.267906
6157010,269985,30.267906
6162010,270015,31.311628
6167010,270044,30.267906
6172010,270074,31.311628
6177010,270103,30.267906
6182010,270132,30.267906
6187010,270162,31.311628
6192010,270191,30.267906
6197010,270221,31.311628
6202010,270250,30.267906
6207010,270279,30.267906
6212010,270309,31.311628
6217010,270338,30.267906
6222010,270367,30.267906
6227010,270397,31.311628
6232010,270426,30.267906
6237010,270456,31.311628
6242010,270485,30.267906
6247010,270515,31.311628
6252010,270544,30.267906
6257010,270573,30.267906
6262010,270603,31.311628
6267010,270632,30.267906
6272010,270661,30.267906
6277010,270691,31.311628
6282010,270720,30.267906
6287010,270750,31.311628
6292010,270779,30.267906
6297010,270809,31.311628
6302010,270838,30.267906
6307010,270867,30.267906
6312010,270897,31.311628
6317010,270926,30.267906
6322010,270956,31.311628
6327010,270985,30.267906
6332010,271015,31.311628
6337010,271044,30.267906
6342010,271073,30.267906
6347010,271103,31.311628
6352010,271132,30.267906
6357010,271162,31.311628
6362010,271191,30.267906
6367010,271220,30.267906
6372010,271250,31.311628
6377010,271279,30.267906
6382010,271309,31.311628
6387010,271338,30.267906
6392010,271368,31.311628
6397010,271397,30.267906
6402010,271427,31.311628
6407010,271456,30.267906
6412010,271485,30.267906
6417010,271515,31.311628
6422010,271544,30.267906
6427010,271574,31.311628
6432010,271603,30.267906
6437010,271633,31.311628
6442010,271662,30.267906
6447010,271691,30.267906
6452010,271721,31.311628
6457010,271750,30.267906
6462010,271780,31.311628
6467010,271809,30.267906
6472010,271838,30.267906
6477010,271868,31.311628
6482010,271897,30.267906
6487010,271927,31.311628
6492010,271956,30.267906
6497010,271985,30.267906
6502010,272015,31.311628
6507010,272044,30.267906
6512010,272074,31.311628
6517010,272103,30.267906
6522010,272133,31.311628
6527010,272162,30.267906
6532010,272191,30.267906
6537010,272221,31.311628
6542010,272250,30.267906
6547010,272280,31.311628
6552010,272309,30.267906
6557010,272339,31.311628
6562010,272368,30.267906
6567010,272397,30.267906
6572010,272427,31.311628
6577010,272456,30.267906
6582010,272486,31.311628
6587010,272515,30.267906
6592010,272545,31.311628
6597010,272574,30.267906
6602010,272603,30.267906
6607010,272633,31.311628
6612010,272662,30.267906
6617010,272692,31.311628
6622010,272721,30.267906
6627010,272750,30.267906
6632010,272780,31.311628
6637010,272809,30.267906
6642010,272839,31.311628
6647010,272868,30.267906
6652010,272897,30.267906
6657010,272927,31.311628
6662010,272956,30.267906
6667010,272986,31.311628
6672010,273015,30.267906
6677010,273044,30.267906
6682010,273074,31.311628
6687010,273103,30.267906
6692010,273133,31.311628
6697010,273162,30.267906
6702010,273191,30.267906
6707010,273221,31.311628
6712010,273250,30.267906
6717010,273279,30.267906
6722010,273309,31.311628
6727010,273338,30.267906
6732010,273368,31.311628
6737010,273397,30.267906
6742010,273427,31.311628
6747010,273456,30.267906
6752010,273485,30.267906
6757010,273515,31.311628
6762010,273544,30.267906
6767010,273574,31.311628
6772010,273603,30.267906
6777010,273633,31.311628
6782010,273662,30.267906
6787010,273691,30.267906
6792010,273721,31.311628
6797010,273750,30.267906
6802010,273780,31.311628
6807010,273809,30.267906
6812010,273839,31.311628
6817010,273868,30.267906
6822010,273897,30.267906
6827010,273927,31.311628
6832010,273956,30.267906
6837010,273986,31.311628
6842010,274015,30.267906
6847010,274045,31.311628
6852010,274074,30.267906
6857010,274104,31.311628
6862010,274133,30.267906
6867010,274163,31.311628
6872010,274192,30.267906
6877010,274221,30.267906
6882010,274251,31.311628
6887010,274280,30.267906
6892010,274310,31.311628
6897010,274339,30.267906
6902010,274369,31.311628
6907010,274398,30.267906
6912010,274427,30.267906
6917010,274457,31.311628
6922010,274486,30.267906
6927010,274516,31.311628
6932010,274545,30.267906
6937010,274575,31.311628
6942010,274604,30.267906
6947010,274634,31.311628
6952010,274663,30.267906
6957010,274692,30.267906
6962010,274722,31.311628
6967010,274751,30.267906
6972010,274781,31.311628
6977010,274810,30.267906
6982010,274839,30.267906
6987010,274869,31.311628
6992010,274898,30.267906
6997010,274928,31.311628
7002010,274957,30.267906
7007010,274987,31.311628
7012010,275016,30.267906
7017010,275045,30.267906
7022010,275075,31.311628
7027010,275104,30.267906
7032010,275134,31.311628
7037010,275163,30.267906
7042010,275192,30.267906
7047010,275222,31.311628
7052010,275251,30.267906
7057010,275281,31.311628
7062010,275310,30.267906
7067010,275339,30.267906
7072010,275369,31.311628
7077010,275398,30.267906
7082010,275428,31.311628
7087010,275457,30.267906
7092010,275487,31.311628
7097010,275516,30.267906
7102010,275545,30.267906
7107010,275575,31.311628
7112010,275604,30.267906
7117010,275634,31.311628
7122010,275663,30.267906
7127010,275692,30.267906
7132010,275722,31.311628
7137010,275751,30.267906
7142010,275781,31.311628
7147010,275810,30.267906
7152010,275839,30.267906
7157010,275869,31.311628
7162010,275898,30.267906
7167010,275928,31.311628
7172010,275957,30.267906
7177010,275987,31.311628
7182010,276016,30.267906
7187010,276045,30.267906
7192010,276075,31.311628
7197010,276104,30.267906
7202010,276134,31.311628
7207010,276163,30.267906
7212010,276193,31.311628
7217010,276222,30.267906
7222010,276251,30.267906
7227010,276281,31.311628
7232010,276310,30.267906
7237010,276340,31.311628
7242010,276369,30.267906
7247010,276399,31.311628
7252010,276428,30.267906
7257010,276457,30.267906
7262010,276487,31.311628
7267010,276516,30.267906
7272010,276546,31.311628
7277010,276575,30.267906
7282010,276604,30.267906
7287010,276634,31.311628
7292010,276663,30.267906
7297010,276693,31.311628
7302010,276722,30.267906
7307010,276751,30.267906
7312010,276781,31.311628
7317010,276810,30.267906
7322010,276840,31.311628
7327010,276869,30.267906
7332010,276899,31.311628
7337010,276928,30.267906
7342010,276957,30.267906
7347010,276987,31.311628
7352010,277016,30.267906
7357010,277046,31.311628
7362010,277075,30.267906
7367010,277105,31.311628
7372010,277134,30.267906
7377010,277163,30.267906
7382010,277193,31.311628
7387010,277222,30.267906
7392010,277252,31.311628
7397010,277281,30.267906
7402010,277310,30.267906
7407010,277340,31.311628
7412010,277369,30.267906
7417010,277399,31.311628
7422010,277428,30.267906
7427010,277457,30.267906
7432010,277487,31.311628
7437010,277516,30.267906
7442010,277546,31.311628
7447010,277575,30.267906
7452010,277605,31.311628
7457010,277634,30.267906
7462010,277663,30.267906
7467010,277693,31.311628
7472010,277722,30.267906
7477010,277752,31.311628
7482010,277781,30.267906
7487010,277811,31.311628
7492010,277840,30.267906
7497010,277869,30.267906
7502010,277899,31.311628
7507010,277928,30.267906
7512010,277958,31.311628
7517010,277987,30.267906
7522010,278017,31.311628
7527010,278046,30.267906
7532010,278075,30.267906
7537010,278105,31.311628
7542010,278134,30.267906
7547010,278164,31.311628
7552010,278193,30.267906
7557010,278223,31.311628
7562010,278252,30.267906
7567010,278281,30.267906
7572010,278311,31.311628
7577010,278340,30.267906
7582010,278370,31.311628
7587010,278399,30.267906
7592010,278429,31.311628
7597010,278458,30.267906
7602010,278487,30.267906
7607010,278517,31.311628
7612010,278546,30.267906
7617010,278576,31.311628
7622010,278605,30.267906
7627010,278635,31.311628
7632010,278664,30.267906
7637010,278693,30.267906
7642010,278723,31.311628
7647010,278752,30.267906
7652010,278782,31.311628
7657010,278811,30.267906
7662010,278841,31.311628
7667010,278870,30.267906
7672010,278899,30.267906
7677010,278929,31.311628
7682010,278958,30.267906
7687010,278988,31.311628
7692010,279017,30.267906
7697010,279047,31.311628
7702010,279076,30.267906
7707010,279106,31.311628
7712010,279135,30.267906
7717010,279165,31.311628
7722010,279194,30.267906
7727010,279223,30.267906
7732010,279253,31.311628
7737010,279282,30.267906
7742010,279312,31.311628
7747010,279341,30.267906
7752010,279371,31.311628
7757010,279400,30.267906
7762010,279430,31.311628
7767010,279459,30.267906
7772010,279489,31.311628
7777010,279518,30.267906
7782010,279548,31.311628
7787010,279577,30.267906
7792010,279607,31.311628
7797010,279636,30.267906
7802010,279665,30.267906
7807010,279695,31.311628
7812010,279724,30.267906
7817010,279754,31.311628
7822010,279783,30.267906
7827010,279813,31.311628
7832010,279842,30.267906
7837010,279872,31.311628
7842010,279901,30.267906
7847010,279931,31.311628
7852010,279960,30.267906
7857010,279990,31.311628
7862010,280019,30.267906
7867010,280049,31.311628
7872010,280078,30.267906
7877010,280107,30.267906
7882010,280137,31.311628
7887010,280166,30.267906
7892010,280196,31.311628
7897010,280225,30.267906
7902010,280255,31.311628
7907010,280284,30.267906
7912010,280314,31.311628
7917010,280343,30.267906
7922010,280373,31.311628
7927010,280402,30.267906
7932010,280431,30.267906
7937010,280461,31.311628
7942010,280490,30.267906
7947010,280520,31.311628
7952010,280549,30.267906
7957010,280579,31.311628
7962010,280608,30.267906
7967010,280637,30.267906
7972010,280667,31.311628
7977010,280696,30.267906
7982010,280726,31.311628
7987010,280755,30.267906
7992010,280785,31.311628
7997010,280814,30.267906
8002010,280844,31.311628
8007010,280873,30.267906
8012010,280903,31.311628
8017010,280932,30.267906
8022010,280961,30.267906
8027010,280991,31.311628
8032010,281020,30.267906
8037010,281050,31.311628
8042010,281079,30.267906
8047010,281109,31.311628
8052010,281138,30.267906
8057010,281168,31.311628
8062010,281197,30.267906
8067010,281227,31.311628
8072010,281256,30.267906
8077010,281285,30.267906
8082010,281315,31.311628
8087010,281344,30.267906
8092010,281374,31.311628
8097010,281403,30.267906
8102010,281433,31.311628
8107010,281462,30.267906
8112010,281492,31.311628
8117010,281521,30.267906
8122010,281551,31.311628
8127010,281580,30.267906
8132010,281609,30.267906
8137010,281639,31.311628
8142010,281668,30.267906
8147010,281698,31.311628
8152010,281727,30.267906
8157010,281757,31.311628
8162010,281786,30.267906
8167010,281815,30.267906
8172010,281845,31.311628
8177010,281874,30.267906
8182010,281904,31.311628
8187010,281933,30.267906
8192010,281963,31.311628
8197010,281992,30.267906
8202010,282022,31.311628
8207010,282051,30.267906
8212010,282080,30.267906
8217010,282110,31.311628
8222010,282139,30.267906
8227010,282169,31.311628
8232010,282198,30.267906
8237010,282228,31.311628
8242010,282257,30.267906
8247010,282287,31.311628
8252010,282316,30.267906
8257010,282345,30.267906
8262010,282375,31.311628
8267010,282404,30.267906
8272010,282434,31.311628
8277010,282463,30.267906
8282010,282493,31.311628
8287010,282522,30.267906
8292010,282552,31.311628
8297010,282581,30.267906
8302010,282611,31.311628
8307010,282640,30.267906
8312010,282669,30.267906
8317010,282699,31.311628
8322010,282728,30.267906
8327010,282758,31.311628
8332010,282787,30.267906
8337010,282817,31.311628
8342010,282846,30.267906
8347010,282875,30.267906
8352010,282905,31.311628
8357010,282934,30.267906
8362010,282964,31.311628
8367010,282993,30.267906
8372010,283023,31.311628
8377010,283052,30.267906
8382010,283082,31.311628
8387010,283111,30.267906
8392010,283141,31.311628
8397010,283170,30.267906
8402010,283199,30.267906
8407010,283229,31.311628
8412010,283258,30.267906
8417010,283288,31.311628
8422010,283317,30.267906
8427010,283347,31.311628
8432010,283376,30.267906
8437010,283405,30.267906
8442010,283435,31.311628
8447010,283465,31.311628
8452010,283494,30.267906
8457010,283523,30.267906
8462010,283553,31.311628
8467010,283582,30.267906
8472010,283612,31.311628
8477010,283641,30.267906
8482010,283671,31.311628
8487010,283700,30.267906
8492010,283729,30.267906
8497010,283759,31.311628
8502010,283788,30.267906
8507010,283818,31.311628
8512010,283847,30.267906
8517010,283877,31.311628
8522010,283906,30.267906
8527010,283936,31.311628
8532010,283965,30.267906
8537010,283995,31.311628
8542010,284024,30.267906
8547010,284054,31.311628
8552010,284083,30.267906
8557010,284113,31.311628
8562010,284142,30.267906
8567010,284171,30.267906
8572010,284201,31.311628
8577010,284230,30.267906
8582010,284260,31.311628
8587010,284289,30.267906
8592010,284319,31.311628
8597010,284348,30.267906
8602010,284378,31.311628
8607010,284407,30.267906
8612010,284437,31.311628
8617010,284466,30.267906
8622010,284495,30.267906
8627010,284525,31.311628
8632010,284555,31.311628
8637010,284584,30.267906
8642010,284613,30.267906
8647010,284643,31.311628
8652010,284672,30.267906
8657010,284702,31.311628
8662010,284731,30.267906
8667010,284761,31.311628
8672010,284790,30.267906
8677010,284820,31.311628
8682010,284849,30.267906
8687010,284879,31.311628
8692010,284908,30.267906
8697010,284937,30.267906
8702010,284967,31.311628
8707010,284996,30.267906
8712010,285026,31.311628
8717010,285055,30.267906
8722010,285085,31.311628
8727010,285114,30.267906
8732010,285143,30.267906
8737010,285173,31.311628
8742010,285202,30.267906
8747010,285232,31.311628
8752010,285261,30.267906
8757010,285291,31.311628
8762010,285320,30.267906
8767010,285350,31.311628
8772010,285379,30.267906
8777010,285409,31.311628
8782010,285438,30.267906
8787010,285467,30.267906
8792010,285497,31.311628
8797010,285526,30.267906
8802010,285556,31.311628
8807010,285585,30.267906
8812010,285615,31.311628
8817010,285644,30.267906
8822010,285673,30.267906
8827010,285703,31.311628
8832010,285732,30.267906
8837010,285762,31.311628
8842010,285791,30.267906
8847010,285821,31.311628
8852010,285850,30.267906
8857010,285879,30.267906
8862010,285909,31.311628
8867010,285938,30.267906
8872010,285968,31.311628
8877010,285997,30.267906
8882010,286027,31.311628
8887010,286056,30.267906
8892010,286085,30.267906
8897010,286115,31.311628
8902010,286144,30.267906
8907010,286174,31.311628
8912010,286203,30.267906
8917010,286232,30.267906
8922010,286262,31.311628
8927010,286291,30.267906
8932010,286321,31.311628
8937010,286350,30.267906
8942010,286379,30.267906
8947010,286409,31.311628
8952010,286438,30.267906
8957010,286468,31.311628
8962010,286497,30.267906
8967010,286526,30.267906
8972010,286556,31.311628
8977010,286585,30.267906
8982010,286615,31.311628
8987010,286644,30.267906
8992010,286673,30.267906
8997010,286703,31.311628
9002010,286732,30.267906
9007010,286762,31.311628
9012010,286791,30.267906
9017010,286820,30.267906
9022010,286850,31.311628
9027010,286879,30.267906
9032010,286909,31.311628
9037010,286938,30.267906
9042010,286967,30.267906
9047010,286997,31.311628
9052010,287026,30.267906
9057010,287056,31.311628
9062010,287085,30.267906
9067010,287115,31.311628
9072010,287144,30.267906
9077010,287173,30.267906
9082010,287203,31.311628
9087010,287232,30.267906
9092010,287262,31.311628
9097010,287291,30.267906
9102010,287321,31.311628
9107010,287350,30.267906
9112010,287379,30.267906
9117010,287409,31.311628
9122010,287438,30.267906
9127010,287468,31.311628
9132010,287497,30.267906
9137010,287527,31.311628
9142010,287556,30.267906
9147010,287585,30.267906
9152010,287615,31.311628
9157010,287644,30.267906
9162010,287674,31.311628
9167010,287703,30.267906
9172010,287733,31.311628
9177010,287762,30.267906
9182010,287792,31.311628
9187010,287821,30.267906
9192010,287850,30.267906
9197010,287880,31.311628
9202010,287909,30.267906
9207010,287939,31.311628
9212010,287968,30.267906
9217010,287998,31.311628
9222010,288027,30.267906
9227010,288056,30.267906
9232010,288086,31.311628
9237010,288115,30.267906
9242010,288145,31.311628
9247010,288174,30.267906
9252010,288203,30.267906
9257010,288233,31.311628
9262010,288262,30.267906
9267010,288292,31.311628
9272010,288321,30.267906
9277010,288351,31.311628
9282010,288380,30.267906
9287010,288409,30.267906
9292010,288439,31.311628
9297010,288468,30.267906
9302010,288498,31.311628
9307010,288527,30.267906
9312010,288556,30.267906
9317010,288586,31.311628
9322010,288615,30.267906
9327010,288645,31.311628
9332010,288674,30.267906
9337010,288703,30.267906
9342010,288733,31.311628
9347010,288762,30.267906
9352010,288792,31.311628
9357010,288821,30.267906
9362010,288851,31.311628
9367010,288880,30.267906
9372010,288909,30.267906
9377010,288939,31.311628
9382010,288968,30.267906
9387010,288998,31.311628
9392010,289027,30.267906
9397010,289057,31.311628
9402010,289086,30.267906
9407010,289115,30.267906
9412010,289145,31.311628
9417010,289174,30.267906
9422010,289203,30.267906
9427010,289233,31.311628
9432010,289262,30.267906
9437010,289292,31.311628
9442010,289321,30.267906
9447010,289350,30.267906
9452010,289380,31.311628
9457010,289409,30.267906
9462010,289439,31.311628
9467010,289468,30.267906
9472010,289497,30.267906
9477010,289527,31.311628
9482010,289556,30.267906
9487010,289586,31.311628
9492010,289615,30.267906
9497010,289644,30.267906
9502010,289674,31.311628
9507010,289703,30.267906
9512010,289733,31.311628
9517010,289762,30.267906
9522010,289791,30.267906
9527010,289821,31.311628
9532010,289850,30.267906
9537010,289880,31.311628
9542010,289909,30.267906
9547010,289939,31.311628
9552010,289968,30.267906
9557010,289997,30.267906
9562010,290027,31.311628
9567010,290056,30.267906
9572010,290086,31.311628
9577010,290115,30.267906
9582010,290144,30.267906
9587010,290174,31.311628
9592010,290203,30.267906
9597010,290233,31.311628
9602010,290262,30.267906
9607010,290291,30.267906
9612010,290321,31.311628
9617010,290350,30.267906
9622010,290380,31.311628
9627010,290409,30.267906
9632010,290438,30.267906
9637010,290468,31.311628
9642010,290497,30.267906
9647010,290526,30.267906
9652010,290556,31.311628
9657010,290585,30.267906
9662010,290615,31.311628
9667010,290644,30.267906
9672010,290673,30.267906
9677010,290703,31.311628
9682010,290732,30.267906
9687010,290761,30.267906
9692010,290791,31.311628
9697010,290820,30.267906
9702010,290849,30.267906
9707010,290879,31.311628
9712010,290908,30.267906
9717010,290938,31.311628
9722010,290967,30.267906
9727010,290997,31.311628
9732010,291026,30.267906
9737010,291055,30.267906
9742010,291085,31.311628
9747010,291114,30.267906
9752010,291143,30.267906
9757010,291173,31.311628
9762010,291202,30.267906
9767010,291232,31.311628
9772010,291261,30.267906
9777010,291291,31.311628
9782010,291320,30.267906
9787010,291349,30.267906
9792010,291379,31.311628
9797010,291408,30.267906
9802010,291437,30.267906
9807010,291467,31.311628
9812010,291496,30.267906
9817010,291526,31.311628
9822010,291555,30.267906
9827010,291585,31.311628
9832010,291614,30.267906
9837010,291643,30.267906
9842010,291673,31.311628
9847010,291702,30.267906
9852010,291731,30.267906
9857010,291761,31.311628
9862010,291790,30.267906
9867010,291820,31.311628
9872010,291849,30.267906
9877010,291879,31.311628
9882010,291908,30.267906
9887010,291937,30.267906
9892010,291967,31.311628
9897010,291996,30.267906
9902010,292026,31.311628
9907010,292055,30.267906
9912010,292085,31.311628
9917010,292114,30.267906
9922010,292143,30.267906
9927010,292173,31.311628
9932010,292202,30.267906
9937010,292232,31.311628
9942010,292261,30.267906
9947010,292290,30.267906
9952010,292320,31.311628
9957010,292349,30.267906
9962010,292379,31.311628
9967010,292408,30.267906
9972010,292437,30.267906
9977010,292467,31.311628
9982010,292496,30.267906
9987010,292526,31.311628
9992010,292555,30.267906
9997010,292585,31.311628
10002010,292614,30.267906
10007010,292643,30.267906
10012010,292673,31.311628
10017010,292702,30.267906
10022010,292731,30.267906
10027010,292761,31.311628
10032010,292790,30.267906
10037010,292820,31.311628
10042010,292849,30.267906
10047010,292879,31.311628
10052010,292908,30.267906
10057010,292937,30.267906
10062010,292967,31.311628
10067010,292996,30.267906
10072010,293026,31.311628
10077010,293055,30.267906
10082010,293084,30.267906
10087010,293114,31.311628
10092010,293143,30.267906
10097010,293173,31.311628
10102010,293202,30.267906
10107010,293231,30.267906
10112010,293261,31.311628
10117010,293290,30.267906
10122010,293320,31.311628
10127010,293349,30.267906
10132010,293378,30.267906
10137010,293408,31.311628
10142010,293437,30.267906
10147010,293467,31.311628
10152010,293496,30.267906
10157010,293525,30.267906
10162010,293555,31.311628
10167010,293584,30.267906
10172010,293614,31.311628
10177010,293643,30.267906
10182010,293672,30.267906
10187010,293702,31.311628
10192010,293731,30.267906
10197010,293761,31.311628
10202010,293790,30.267906
10207010,293819,30.267906
10212010,293849,31.311628
10217010,293878,30.267906
10222010,293908,31.311628
10227010,293937,30.267906
10232010,293966,30.267906
10237010,293996,31.311628
10242010,294025,30.267906
10247010,294055,31.311628
10252010,294084,30.267906
10257010,294113,30.267906
10262010,294143,31.311628
10267010,294172,30.267906
10272010,294202,31.311628
10277010,294231,30.267906
10282010,294261,31.311628
10287010,294290,30.267906
10292010,294319,30.267906
10297010,294349,31.311628
10302010,294378,30.267906
10307010,294408,31.311628
10312010,294437,30.267906
