
Time_us,Position,Speed_rad_per_s
1312008,13020,0.000000
1317008,13022,2.087442
1322009,13027,5.217561
1327010,13035,8.348098
1332010,13045,10.437209
1337010,13058,13.568372
1342010,13072,14.612093
1347010,13087,15.655814
1352010,13104,17.743256
1357010,13123,19.830698
1362010,13142,19.830698
1367010,13163,21.918139
1372010,13184,21.918139
1377010,13206,22.961861
1382010,13229,24.005581
1387010,13253,25.049301
1392010,13277,25.049301
1397010,13301,25.049301
1402010,13326,26.093023
1407010,13352,27.136744
1412010,13377,26.093023
1417010,13404,28.180466
1422010,13430,27.136744
1427010,13457,28.180466
1432010,13484,28.180466
1437010,13511,28.180466
1442010,13539,29.224186
1447010,13566,28.180466
1452010,13594,29.224186
1457010,13622,29.224186
1462010,13650,29.224186
1467010,13678,29.224186
1472010,13706,29.224186
1477010,13735,30.267906
1482010,13763,29.224186
1487010,13792,30.267906
1492010,13820,29.224186
1497010,13849,30.267906
1502010,13878,30.267906
1507010,13907,30.267906
1512010,13936,30.267906
1517010,13965,30.267906
1522010,13994,30.267906
1527010,14023,30.267906
1532010,14052,30.267906
1537010,14081,30.267906
1542010,14110,30.267906
1547010,14140,31.311628
1552010,14169,30.267906
1557010,14198,30.267906
1562010,14228,31.311628
1567010,14257,30.267906
1572010,14286,30.267906
1577010,14316,31.311628
1582010,14345,30.267906
1587010,14374,30.267906
1592010,14404,31.311628
1597010,14433,30.267906
1602010,14463,31.311628
1607010,14492,30.267906
1612010,14522,31.311628
1617010,14551,30.267906
1622010,14580,30.267906
1627010,14610,31.311628
1632010,14640,31.311628
1637010,14669,30.267906
1642010,14699,31.311628
1647010,14728,30.267906
1652010,14758,31.311628
1657010,14787,30.267906
1662010,14817,31.311628
1667010,14846,30.267906
1672010,14876,31.311628
1677010,14906,31.311628
1682010,14935,30.267906
1687010,14965,31.311628
1692010,14994,30.267906
1697010,15024,31.311628
1702010,15054,31.311628
1707010,15083,30.267906
1712010,15113,31.311628
1717010,15143,31.311628
1722010,15172,30.267906
1727010,15202,31.311628
1732010,15231,30.267906
1737010,15261,31.311628
1742010,15291,31.311628
1747010,15320,30.267906
1752010,15350,31.311628
1757010,15380,31.311628
1762010,15409,30.267906
1767010,15439,31.311628
1772010,15468,30.267906
1777010,15498,31.311628
1782010,15528,31.311628
1787010,15557,30.267906
1792010,15587,31.311628
1797010,15617,31.311628
1802010,15646,30.267906
1807010,15676,31.311628
1812010,15706,31.311628
1817010,15735,30.267906
1822010,15765,31.311628
1827010,15795,31.311628
1832010,15824,30.267906
1837010,15854,31.311628
1842010,15884,31.311628
1847010,15913,30.267906
1852010,15943,31.311628
1857010,15972,30.267906
1862010,16002,31.311628
1867010,16032,31.311628
1872010,16062,31.311628
1877010,16091,30.267906
1882010,16121,31.311628
1887010,16150,30.267906
1892010,16180,31.311628
1897010,16210,31.311628
1902010,16239,30.267906
1907010,16269,31.311628
1912010,16299,31.311628
1917010,16328,30.267906
1922010,16358,31.311628
1927010,16388,31.311628
1932010,16417,30.267906
1937010,16447,31.311628
1942010,16477,31.311628
1947010,16506,30.267906
1952010,16536,31.311628
1957010,16566,31.311628
1962010,16595,30.267906
1967010,16625,31.311628
1972010,16655,31.311628
1977010,16684,30.267906
1982010,16714,31.311628
1987010,16744,31.311628
1992010,16773,30.267906
1997010,16803,31.311628
2002010,16833,31.311628
2007010,16862,30.267906
2012010,16892,31.311628
2017010,16922,31.311628
2022010,16951,30.267906
2027010,16981,31.311628
2032010,17011,31.311628
2037010,17040,30.267906
2042010,17070,31.311628
2047010,17100,31.311628
2052010,17130,31.311628
2057010,17159,30.267906
2062010,17189,31.311628
2067010,17219,31.311628
2072010,17248,30.267906
2077010,17278,31.311628
2082010,17307,30.267906
2087010,17337,31.311628
2092010,17367,31.311628
2097010,17396,30.267906
2102010,17426,31.311628
2107010,17456,31.311628
2112010,17485,30.267906
2117010,17515,31.311628
2122010,17545,31.311628
2127010,17574,30.267906
2132010,17604,31.311628
2137010,17634,31.311628
2142010,17663,30.267906
2147010,17693,31.311628
2152010,17723,31.311628
2157010,17752,30.267906
2162010,17782,31.311628
2167010,17812,31.311628
2172010,17841,30.267906
2177010,17871,31.311628
2182010,17901,31.311628
2187010,17930,30.267906
2192010,17960,31.311628
2197010,17990,31.311628
2202010,18019,30.267906
2207010,18049,31.311628
2212010,18079,31.311628
2217010,18108,30.267906
2222010,18138,31.311628
2227010,18168,31.311628
2232010,18197,30.267906
2237010,18227,31.311628
2242010,18257,31.311628
2247010,18286,30.267906
2252010,18316,31.311628
2257010,18346,31.311628
2262010,18375,30.267906
2267010,18405,31.311628
2272010,18435,31.311628
2277010,18464,30.267906
2282010,18494,31.311628
2287010,18524,31.311628
2292010,18553,30.267906
2297010,18583,31.311628
2302010,18613,31.311628
2307010,18642,30.267906
2312010,18672,31.311628
2317010,18702,31.311628
2322010,18731,30.267906
2327010,18761,31.311628
2332010,18791,31.311628
2337010,18820,30.267906
2342010,18850,31.311628
2347010,18880,31.311628
2352010,18909,30.267906
2357010,18939,31.311628
2362010,18969,31.311628
2367010,18998,30.267906
2372010,19028,31.311628
2377010,19058,31.311628
2382010,19087,30.267906
2387010,19117,31.311628
2392010,19147,31.311628
2397010,19176,30.267906
2402010,19206,31.311628
2407010,19236,31.311628
2412010,19265,30.267906
2417010,19295,31.311628
2422010,19325,31.311628
2427010,19354,30.267906
2432010,19384,31.311628
2437010,19414,31.311628
2442010,19443,30.267906
2447010,19473,31.311628
2452010,19503,31.311628
2457010,19532,30.267906
2462010,19562,31.311628
2467010,19591,30.267906
2472010,19621,31.311628
2477010,19651,31.311628
2482010,19680,30.267906
2487010,19710,31.311628
2492010,19740,31.311628
2497010,19769,30.267906
2502010,19799,31.311628
2507010,19829,31.311628
2512010,19858,30.267906
2517010,19888,31.311628
2522010,19918,31.311628
2527010,19948,31.311628
2532010,19977,30.267906
2537010,20007,31.311628
2542010,20037,31.311628
2547010,20066,30.267906
2552010,20096,31.311628
2557010,20126,31.311628
2562010,20155,30.267906
2567010,20185,31.311628
2572010,20215,31.311628
2577010,20244,30.267906
2582010,20274,31.311628
2587010,20304,31.311628
2592010,20334,31.311628
2597010,20363,30.267906
2602010,20393,31.311628
2607010,20423,31.311628
2612010,20453,31.311628
2617010,20482,30.267906
2622010,20512,31.311628
2627010,20542,31.311628
2632010,20571,30.267906
2637010,20601,31.311628
2642010,20631,31.311628
2647010,20661,31.311628
2652010,20690,30.267906
2657010,20720,31.311628
2662010,20750,31.311628
2667010,20779,30.267906
2672010,20809,31.311628
2677010,20839,31.311628
2682010,20869,31.311628
2687010,20898,30.267906
2692010,20928,31.311628
2697010,20958,31.311628
2702010,20988,31.311628
2707010,21017,30.267906
2712010,21047,31.311628
2717010,21077,31.311628
2722010,21107,31.311628
2727010,21136,30.267906
2732010,21166,31.311628
2737010,21196,31.311628
2742010,21225,30.267906
2747010,21255,31.311628
2752010,21285,31.311628
2757010,21314,30.267906
2762010,21344,31.311628
2767010,21374,31.311628
2772010,21404,31.311628
2777010,21433,30.267906
2782010,21463,31.311628
2787010,21493,31.311628
2792010,21522,30.267906
2797010,21552,31.311628
2802010,21582,31.311628
2807010,21612,31.311628
2812010,21642,31.311628
2817010,21671,30.267906
2822010,21701,31.311628
2827010,21731,31.311628
2832010,21760,30.267906
2837010,21790,31.311628
2842010,21820,31.311628
2847010,21850,31.311628
2852010,21879,30.267906
2857010,21909,31.311628
2862010,21939,31.311628
2867010,21968,30.267906
2872010,21998,31.311628
2877010,22028,31.311628
2882010,22058,31.311628
2887010,22087,30.267906
2892010,22117,31.311628
2897010,22147,31.311628
2902010,22177,31.311628
2907010,22206,30.267906
2912010,22236,31.311628
2917010,22266,31.311628
2922010,22296,31.311628
2927010,22325,30.267906
2932010,22355,31.311628
2937010,22385,31.311628
2942010,22415,31.311628
2947010,22444,30.267906
2952010,22474,31.311628
2957010,22504,31.311628
2962010,22534,31.311628
2967010,22563,30.267906
2972010,22593,31.311628
2977010,22623,31.311628
2982010,22652,30.267906
2987010,22682,31.311628
2992010,22712,31.311628
2997010,22742,31.311628
3002010,22771,30.267906
3007010,22801,31.311628
3012010,22831,31.311628
3017010,22861,31.311628
3022010,22890,30.267906
3027010,22920,31.311628
3032010,22950,31.311628
3037010,22980,31.311628
3042010,23009,30.267906
3047010,23039,31.311628
3052010,23069,31.311628
3057010,23099,31.311628
3062010,23128,30.267906
3067010,23158,31.311628
3072010,23188,31.311628
3077010,23218,31.311628
3082010,23247,30.267906
3087010,23277,31.311628
3092010,23307,31.311628
3097010,23336,30.267906
3102010,23366,31.311628
3107010,23396,31.311628
3112010,23426,31.311628
3117010,23455,30.267906
3122010,23485,31.311628
3127010,23515,31.311628
3132010,23544,30.267906
3137010,23574,31.311628
3142010,23604,31.311628
3147010,23634,31.311628
3152010,23663,30.267906
3157010,23693,31.311628
3162010,23723,31.311628
3167010,23753,31.311628
3172010,23782,30.267906
3177010,23812,31.311628
3182010,23842,31.311628
3187010,23872,31.311628
3192010,23901,30.267906
3197010,23931,31.311628
3202010,23961,31.311628
3207010,23990,30.267906
3212010,24020,31.311628
3217010,24050,31.311628
3222010,24079,30.267906
3227010,24109,31.311628
3232010,24139,31.311628
3237010,24169,31.311628
3242010,24198,30.267906
3247010,24228,31.311628
3252010,24258,31.311628
3257010,24288,31.311628
3262010,24317,30.267906
3267010,24347,31.311628
3272010,24377,31.311628
3277010,24407,31.311628
3282010,24436,30.267906
3287010,24466,31.311628
3292010,24496,31.311628
3297010,24526,31.311628
3302010,24555,30.267906
3307010,24585,31.311628
3312010,24615,31.311628
3317010,24644,30.267906
3322010,24674,31.311628
3327010,24704,31.311628
3332010,24734,31.311628
3337010,24763,30.267906
3342010,24793,31.311628
3347010,24823,31.311628
3352010,24852,30.267906
3357010,24882,31.311628
3362010,24912,31.311628
3367010,24942,31.311628
3372010,24971,30.267906
3377010,25001,31.311628
3382010,25031,31.311628
3387010,25060,30.267906
3392010,25090,31.311628
3397010,25120,31.311628
3402010,25150,31.311628
3407010,25179,30.267906
3412010,25209,31.311628
3417010,25239,31.311628
3422010,25268,30.267906
3427010,25298,31.311628
3432010,25328,31.311628
3437010,25357,30.267906
3442010,25387,31.311628
3447010,25417,31.311628
3452010,25447,31.311628
3457010,25476,30.267906
3462010,25506,31.311628
3467010,25536,31.311628
3472010,25566,31.311628
3477010,25595,30.267906
3482010,25625,31.311628
3487010,25655,31.311628
3492010,25684,30.267906
3497010,25714,31.311628
3502010,25744,31.311628
3507010,25773,30.267906
3512010,25803,31.311628
3517010,25833,31.311628
3522010,25863,31.311628
3527010,25892,30.267906
3532010,25922,31.311628
3537010,25952,31.311628
3542010,25981,30.267906
3547010,26011,31.311628
3552010,26041,31.311628
3557010,26071,31.311628
3562010,26100,30.267906
3567010,26130,31.311628
3572010,26160,31.311628
3577010,26190,31.311628
3582010,26219,30.267906
3587010,26249,31.311628
3592010,26279,31.311628
3597010,26308,30.267906
3602010,26338,31.311628
3607010,26368,31.311628
3612010,26398,31.311628
3617010,26427,30.267906
3622010,26457,31.311628
3627010,26487,31.311628
3632010,26516,30.267906
3637010,26546,31.311628
3642010,26576,31.311628
3647010,26606,31.311628
3652010,26635,30.267906
3657010,26665,31.311628
3662010,26695,31.311628
3667010,26725,31.311628
3672010,26754,30.267906
3677010,26784,31.311628
3682010,26814,31.311628
3687010,26844,31.311628
3692010,26873,30.267906
3697010,26903,31.311628
3702010,26933,31.311628
3707010,26963,31.311628
3712010,26992,30.267906
3717010,27022,31.311628
3722010,27052,31.311628
3727010,27081,30.267906
3732010,27111,31.311628
3737010,27141,31.311628
3742010,27170,30.267906
3747010,27200,31.311628
3752010,27230,31.311628
3757010,27260,31.311628
3762010,27289,30.267906
3767010,27319,31.311628
3772010,27349,31.311628
3777010,27379,31.311628
3782010,27408,30.267906
3787010,27438,31.311628
3792010,27468,31.311628
3797010,27498,31.311628
3802010,27527,30.267906
3807010,27557,31.311628
3812010,27587,31.311628
3817010,27617,31.311628
3822010,27646,30.267906
3827010,27676,31.311628
3832010,27706,31.311628
3837010,27735,30.267906
3842010,27765,31.311628
3847010,27795,31.311628
3852010,27825,31.311628
3857010,27854,30.267906
3862010,27884,31.311628
3867010,27914,31.311628
3872010,27943,30.267906
3877010,27973,31.311628
3882010,28003,31.311628
3887010,28033,31.311628
3892010,28062,30.267906
3897010,28092,31.311628
3902010,28122,31.311628
3907010,28152,31.311628
3912010,28181,30.267906
3917010,28211,31.311628
3922010,28241,31.311628
3927010,28271,31.311628
3932010,28300,30.267906
3937010,28330,31.311628
3942010,28360,31.311628
3947010,28389,30.267906
3952010,28419,31.311628
3957010,28449,31.311628
3962010,28478,30.267906
3967010,28508,31.311628
3972010,28538,31.311628
3977010,28568,31.311628
3982010,28597,30.267906
3987010,28627,31.311628
3992010,28657,31.311628
3997010,28686,30.267906
4002010,28716,31.311628
4007010,28746,31.311628
4012010,28776,31.311628
4017010,28806,31.311628
4022010,28835,30.267906
4027010,28865,31.311628
4032010,28895,31.311628
4037010,28924,30.267906
4042010,28954,31.311628
4047010,28984,31.311628
4052010,29014,31.311628
4057010,29043,30.267906
4062010,29073,31.311628
4067010,29103,31.311628
4072010,29132,30.267906
4077010,29162,31.311628
4082010,29192,31.311628
4087010,29221,30.267906
4092010,29251,31.311628
4097010,29281,31.311628
4102010,29311,31.311628
4107010,29340,30.267906
4112010,29370,31.311628
4117010,29400,31.311628
4122010,29430,31.311628
4127010,29459,30.267906
4132010,29489,31.311628
4137010,29519,31.311628
4142010,29548,30.267906
4147010,29578,31.311628
4152010,29608,31.311628
4157010,29638,31.311628
4162010,29667,30.267906
4167010,29697,31.311628
4172010,29727,31.311628
4177010,29756,30.267906
4182010,29786,31.311628
4187010,29816,31.311628
4192010,29846,31.311628
4197010,29875,30.267906
4202010,29905,31.311628
4207010,29935,31.311628
4212010,29964,30.267906
4217010,29994,31.311628
4222010,30024,31.311628
4227010,30054,31.311628
4232010,30084,31.311628
4237010,30113,30.267906
4242010,30143,31.311628
4247010,30173,31.311628
4252010,30202,30.267906
4257010,30232,31.311628
4262010,30262,31.311628
4267010,30292,31.311628
4272010,30321,30.267906
4277010,30351,31.311628
4282010,30381,31.311628
4287010,30410,30.267906
4292010,30440,31.311628
4297010,30470,31.311628
4302010,30500,31.311628
4307010,30529,30.267906
4312010,30559,31.311628
4317010,30589,31.311628
4322010,30618,30.267906
4327010,30648,31.311628
4332010,30678,31.311628
4337010,30708,31.311628
4342010,30737,30.267906
4347010,30767,31.311628
4352010,30797,31.311628
4357010,30827,31.311628
4362010,30856,30.267906
4367010,30886,31.311628
4372010,30916,31.311628
4377010,30945,30.267906
4382010,30975,31.311628
4387010,31005,31.311628
4392010,31034,30.267906
4397010,31064,31.311628
4402010,31094,31.311628
4407010,31123,30.267906
4412010,31153,31.311628
4417010,31183,31.311628
4422010,31213,31.311628
4427010,31242,30.267906
4432010,31272,31.311628
4437010,31302,31.311628
4442010,31332,31.311628
4447010,31361,30.267906
4452010,31391,31.311628
4457010,31421,31.311628
4462010,31450,30.267906
4467010,31480,31.311628
4472010,31510,31.311628
4477010,31540,31.311628
4482010,31569,30.267906
4487010,31599,31.311628
4492010,31629,31.311628
4497010,31658,30.267906
4502010,31688,31.311628
4507010,31718,31.311628
4512010,31747,30.267906
4517010,31777,31.311628
4522010,31807,31.311628
4527010,31837,31.311628
4532010,31866,30.267906
4537010,31896,31.311628
4542010,31926,31.311628
4547010,31956,31.311628
4552010,31985,30.267906
4557010,32015,31.311628
4562010,32045,31.311628
4567010,32075,31.311628
4572010,32104,30.267906
4577010,32134,31.311628
4582010,32164,31.311628
4587010,32193,30.267906
4592010,32223,31.311628
4597010,32253,31.311628
4602010,32283,31.311628
4607010,32312,30.267906
4612010,32342,31.311628
4617010,32372,31.311628
4622010,32401,30.267906
4627010,32431,31.311628
4632010,32461,31.311628
4637010,32491,31.311628
4642010,32520,30.267906
4647010,32550,31.311628
4652010,32580,31.311628
4657010,32610,31.311628
4662010,32639,30.267906
4667010,32669,31.311628
4672010,32699,31.311628
4677010,32729,31.311628
4682010,32758,30.267906
4687010,32788,31.311628
4692010,32818,31.311628
4697010,32847,30.267906
4702010,32877,31.311628
4707010,32907,31.311628
4712010,32937,31.311628
4717010,32966,30.267906
4722010,32996,31.311628
4727010,33026,31.311628
4732010,33055,30.267906
4737010,33085,31.311628
4742010,33115,31.311628
4747010,33145,31.311628
4752010,33174,30.267906
4757010,33204,31.311628
4762010,33234,31.311628
4767010,33264,31.311628
4772010,33293,30.267906
4777010,33323,31.311628
4782010,33353,31.311628
4787010,33382,30.267906
4792010,33412,31.311628
4797010,33442,31.311628
4802010,33472,31.311628
4807010,33501,30.267906
4812010,33531,31.311628
4817010,33561,31.311628
4822010,33590,30.267906
4827010,33620,31.311628
4832010,33650,31.311628
4837010,33679,30.267906
4842010,33709,31.311628
4847010,33739,31.311628
4852010,33769,31.311628
4857010,33798,30.267906
4862010,33828,31.311628
4867010,33858,31.311628
4872010,33888,31.311628
4877010,33917,30.267906
4882010,33947,31.311628
4887010,33977,31.311628
4892010,34007,31.311628
4897010,34036,30.267906
4902010,34066,31.311628
4907010,34096,31.311628
4912010,34125,30.267906
4917010,34155,31.311628
4922010,34185,31.311628
4927010,34214,30.267906
4932010,34244,31.311628
4937010,34274,31.311628
4942010,34304,31.311628
4947010,34333,30.267906
4952010,34363,31.311628
4957010,34393,31.311628
4962010,34422,30.267906
4967010,34452,31.311628
4972010,34482,31.311628
4977010,34512,31.311628
4982010,34541,30.267906
4987010,34571,31.311628
4992010,34601,31.311628
4997010,34631,31.311628
5002010,34660,30.267906
5007010,34690,31.311628
5012010,34720,31.311628
5017010,34749,30.267906
5022010,34779,31.311628
5027010,34809,31.311628
5032010,34839,31.311628
5037010,34868,30.267906
5042010,34898,31.311628
5047010,34928,31.311628
5052010,34957,30.267906
5057010,34987,31.311628
5062010,35017,31.311628
5067010,35047,31.311628
5072010,35076,30.267906
5077010,35106,31.311628
5082010,35136,31.311628
5087010,35166,31.311628
5092010,35195,30.267906
5097010,35225,31.311628
5102010,35255,31.311628
5107010,35284,30.267906
5112010,35314,31.311628
5117010,35344,31.311628
5122010,35373,30.267906
5127010,35403,31.311628
5132010,35433,31.311628
5137010,35462,30.267906
5142010,35492,31.311628
5147010,35522,31.311628
5152010,35552,31.311628
5157010,35581,30.267906
5162010,35611,31.311628
5167010,35641,31.311628
5172010,35670,30.267906
5177010,35700,31.311628
5182010,35730,31.311628
5187010,35760,31.311628
5192010,35789,30.267906
5197010,35819,31.311628
5202010,35849,31.311628
5207010,35878,30.267906
5212010,35908,31.311628
5217010,35938,31.311628
5222010,35967,30.267906
5227010,35997,31.311628
5232010,36027,31.311628
5237010,36056,30.267906
5242010,36086,31.311628
5247010,36116,31.311628
5252010,36145,30.267906
5257010,36175,31.311628
5262010,36205,31.311628
5267010,36235,31.311628
5272010,36264,30.267906
5277010,36294,31.311628
5282010,36324,31.311628
5287010,36353,30.267906
5292010,36383,31.311628
5297010,36413,31.311628
5302010,36442,30.267906
5307010,36472,31.311628
5312010,36502,31.311628
5317010,36531,30.267906
5322010,36561,31.311628
5327010,36591,31.311628
5332010,36621,31.311628
5337010,36650,30.267906
5342010,36680,31.311628
5347010,36710,31.311628
5352010,36739,30.267906
5357010,36769,31.311628
5362010,36799,31.311628
5367010,36828,30.267906
5372010,36858,31.311628
5377010,36888,31.311628
5382010,36918,31.311628
5387010,36947,30.267906
5392010,36977,31.311628
5397010,37007,31.311628
5402010,37037,31.311628
5407010,37066,30.267906
5412010,37096,31.311628
5417010,37126,31.311628
5422010,37155,30.267906
5427010,37185,31.311628
5432010,37215,31.311628
5437010,37245,31.311628
5442010,37274,30.267906
5447010,37304,31.311628
5452010,37334,31.311628
5457010,37363,30.267906
5462010,37393,31.311628
5467010,37423,31.311628
5472010,37453,31.311628
5477010,37482,30.267906
5482010,37512,31.311628
5487010,37542,31.311628
5492010,37572,31.311628
5497010,37601,30.267906
5502010,37631,31.311628
5507010,37661,31.311628
5512010,37691,31.311628
5517010,37720,30.267906
5522010,37750,31.311628
5527010,37780,31.311628
5532010,37809,30.267906
5537010,37839,31.311628
5542010,37869,31.311628
5547010,37899,31.311628
5552010,37928,30.267906
5557010,37958,31.311628
5562010,37988,31.311628
5567010,38017,30.267906
5572010,38047,31.311628
5577010,38077,31.311628
5582010,38106,30.267906
5587010,38136,31.311628
5592010,38166,31.311628
5597010,38196,31.311628
5602010,38225,30.267906
5607010,38255,31.311628
5612010,38285,31.311628
5617010,38315,31.311628
5622010,38344,30.267906
5627010,38374,31.311628
5632010,38404,31.311628
5637010,38433,30.267906
5642010,38463,31.311628
5647010,38493,31.311628
5652010,38522,30.267906
5657010,38552,31.311628
5662010,38582,31.311628
5667010,38612,31.311628
5672010,38641,30.267906
5677010,38671,31.311628
5682010,38701,31.311628
5687010,38731,31.311628
5692010,38760,30.267906
5697010,38790,31.311628
5702010,38820,31.311628
5707010,38850,31.311628
5712010,38879,30.267906
5717010,38909,31.311628
5722010,38939,31.311628
5727010,38969,31.311628
5732010,38998,30.267906
5737010,39028,31.311628
5742010,39058,31.311628
5747010,39087,30.267906
5752010,39117,31.311628
5757010,39147,31.311628
5762010,39177,31.311628
5767010,39206,30.267906
5772010,39236,31.311628
5777010,39266,31.311628
5782010,39296,31.311628
5787010,39325,30.267906
5792010,39355,31.311628
5797010,39385,31.311628
5802010,39415,31.311628
5807010,39444,30.267906
5812010,39474,31.311628
5817010,39504,31.311628
5822010,39534,31.311628
5827010,39564,31.311628
5832010,39593,30.267906
5837010,39623,31.311628
5842010,39653,31.311628
5847010,39683,31.311628
5852010,39712,30.267906
5857010,39742,31.311628
5862010,39772,31.311628
5867010,39802,31.311628
5872010,39831,30.267906
5877010,39861,31.311628
5882010,39891,31.311628
5887010,39920,30.267906
5892010,39950,31.311628
5897010,39980,31.311628
5902010,40010,31.311628
5907010,40040,31.311628
5912010,40069,30.267906
5917010,40099,31.311628
5922010,40129,31.311628
5927010,40159,31.311628
5932010,40188,30.267906
5937010,40218,31.311628
5942010,40248,31.311628
5947010,40278,31.311628
5952010,40308,31.311628
5957010,40337,30.267906
5962010,40367,31.311628
5967010,40397,31.311628
5972010,40427,31.311628
5977010,40456,30.267906
5982010,40486,31.311628
5987010,40516,31.311628
5992010,40546,31.311628
5997010,40575,30.267906
6002010,40605,31.311628
6007010,40635,31.311628
6012010,40665,31.311628
6017010,40694,30.267906
6022010,40724,31.311628
6027010,40754,31.311628
6032010,40784,31.311628
6037010,40813,30.267906
6042010,40843,31.311628
6047010,40873,31.311628
6052010,40903,31.311628
6057010,40933,31.311628
6062010,40962,30.267906
6067010,40992,31.311628
6072010,41022,31.311628
6077010,41052,31.311628
6082010,41082,31.311628
6087010,41111,30.267906
6092010,41141,31.311628
6097010,41171,31.311628
6102010,41200,30.267906
6107010,41230,31.311628
6112010,41260,31.311628
6117010,41290,31.311628
6122010,41319,30.267906
6127010,41349,31.311628
6132010,41379,31.311628
6137010,41409,31.311628
6142010,41438,30.267906
6147010,41468,31.311628
6152010,41498,31.311628
6157010,41528,31.311628
6162010,41557,30.267906
6167010,41587,31.311628
6172010,41617,31.311628
6177010,41647,31.311628
6182010,41676,30.267906
6187010,41706,31.311628
6192010,41736,31.311628
6197010,41766,31.311628
6202010,41796,31.311628
6207010,41825,30.267906
6212010,41855,31.311628
6217010,41885,31.311628
6222010,41915,31.311628
6227010,41944,30.267906
6232010,41974,31.311628
6237010,42004,31.311628
6242010,42034,31.311628
6247010,42063,30.267906
6252010,42093,31.311628
6257010,42123,31.311628
6262010,42152,30.267906
6267010,42182,31.311628
6272010,42212,31.311628
6277010,42242,31.311628
6282010,42272,31.311628
6287010,42301,30.267906
6292010,42331,31.311628
6297010,42361,31.311628
6302010,42391,31.311628
6307010,42420,30.267906
6312010,42450,31.311628
6317010,42480,31.311628
6322010,42510,31.311628
6327010,42539,30.267906
6332010,42569,31.311628
6337010,42599,31.311628
6342010,42629,31.311628
6347010,42658,30.267906
6352010,42688,31.311628
6357010,42718,31.311628
6362010,42748,31.311628
6367010,42777,30.267906
6372010,42807,31.311628
6377010,42837,31.311628
6382010,42867,31.311628
6387010,42896,30.267906
6392010,42926,31.311628
6397010,42956,31.311628
6402010,42986,31.311628
6407010,43015,30.267906
6412010,43045,31.311628
6417010,43075,31.311628
6422010,43105,31.311628
6427010,43135,31.311628
6432010,43164,30.267906
6437010,43194,31.311628
6442010,43224,31.311628
6447010,43254,31.311628
6452010,43284,31.311628
6457010,43314,31.311628
6462010,43343,30.267906
6467010,43373,31.311628
6472010,43403,31.311628
6477010,43433,31.311628
6482010,43462,30.267906
6487010,43492,31.311628
6492010,43522,31.311628
6497010,43552,31.311628
6502010,43581,30.267906
6507010,43611,31.311628
6512010,43641,31.311628
6517010,43671,31.311628
6522010,43700,30.267906
6527010,43730,31.311628
6532010,43760,31.311628
6537010,43790,31.311628
6542010,43820,31.311628
6547010,43849,30.267906
6552010,43879,31.311628
6557010,43909,31.311628
6562010,43939,31.311628
6567010,43969,31.311628
6572010,43998,30.267906
6577010,44028,31.311628
6582010,44058,31.311628
6587010,44088,31.311628
6592010,44118,31.311628
6597010,44148,31.311628
6602010,44177,30.267906
6607010,44207,31.311628
6612010,44237,31.311628
6617010,44267,31.311628
6622010,44297,31.311628
6627010,44326,30.267906
6632010,44356,31.311628
6637010,44386,31.311628
6642010,44416,31.311628
6647010,44446,31.311628
6652010,44475,30.267906
6657010,44505,31.311628
6662010,44535,31.311628
6667010,44565,31.311628
6672010,44594,30.267906
6677010,44624,31.311628
6682010,44654,31.311628
6687010,44684,31.311628
6692010,44714,31.311628
6697010,44743,30.267906
6702010,44773,31.311628
6707010,44803,31.311628
6712010,44833,31.311628
6717010,44863,31.311628
6722010,44893,31.311628
6727010,44922,30.267906
6732010,44952,31.311628
6737010,44982,31.311628
6742010,45012,31.311628
6747010,45042,31.311628
6752010,45072,31.311628
6757010,45102,31.311628
6762010,45132,31.311628
6767010,45161,30.267906
6772010,45191,31.311628
6777010,45221,31.311628
6782010,45251,31.311628
6787010,45281,31.311628
6792010,45310,30.267906
6797010,45340,31.311628
6802010,45370,31.311628
6807010,45400,31.311628
6812010,45430,31.311628
6817010,45459,30.267906
6822010,45489,31.311628
6827010,45519,31.311628
6832010,45549,31.311628
6837010,45578,30.267906
6842010,45608,31.311628
6847010,45638,31.311628
6852010,45668,31.311628
6857010,45698,31.311628
6862010,45728,31.311628
6867010,45757,30.267906
6872010,45787,31.311628
6877010,45817,31.311628
6882010,45847,31.311628
6887010,45877,31.311628
6892010,45906,30.267906
6897010,45936,31.311628
6902010,45966,31.311628
6907010,45996,31.311628
6912010,46026,31.311628
6917010,46056,31.311628
6922010,46086,31.311628
6927010,46115,30.267906
6932010,46145,31.311628
6937010,46175,31.311628
6942010,46205,31.311628
6947010,46234,30.267906
6952010,46264,31.311628
6957010,46294,31.311628
6962010,46324,31.311628
6967010,46353,30.267906
6972010,46383,31.311628
6977010,46413,31.311628
6982010,46443,31.311628
6987010,46472,30.267906
6992010,46502,31.311628
6997010,46532,31.311628
7002010,46562,31.311628
7007010,46591,30.267906
7012010,46621,31.311628
7017010,46651,31.311628
7022010,46681,31.311628
7027010,46711,31.311628
7032010,46740,30.267906
7037010,46770,31.311628
7042010,46800,31.311628
7047010,46830,31.311628
7052010,46860,31.311628
7057010,46890,31.311628
7062010,46919,30.267906
7067010,46949,31.311628
7072010,46979,31.311628
7077010,47009,31.311628
7082010,47038,30.267906
7087010,47068,31.311628
7092010,47098,31.311628
7097010,47128,31.311628
7102010,47158,31.311628
7107010,47187,30.267906
7112010,47217,31.311628
7117010,47247,31.311628
7122010,47277,31.311628
7127010,47306,30.267906
7132010,47336,31.311628
7137010,47366,31.311628
7142010,47396,31.311628
7147010,47426,31.311628
7152010,47455,30.267906
7157010,47485,31.311628
7162010,47515,31.311628
7167010,47545,31.311628
7172010,47575,31.311628
7177010,47605,31.311628
7182010,47634,30.267906
7187010,47664,31.311628
7192010,47694,31.311628
7197010,47724,31.311628
7202010,47754,31.311628
7207010,47784,31.311628
7212010,47814,31.311628
7217010,47843,30.267906
7222010,47873,31.311628
7227010,47903,31.311628
7232010,47933,31.311628
7237010,47963,31.311628
7242010,47992,30.267906
7247010,48022,31.311628
7252010,48052,31.311628
7257010,48082,31.311628
7262010,48112,31.311628
7267010,48141,30.267906
7272010,48171,31.311628
7277010,48201,31.311628
7282010,48231,31.311628
7287010,48261,31.311628
7292010,48290,30.267906
7297010,48320,31.311628
7302010,48350,31.311628
7307010,48380,31.311628
7312010,48410,31.311628
7317010,48440,31.311628
7322010,48469,30.267906
7327010,48499,31.311628
7332010,48529,31.311628
7337010,48559,31.311628
7342010,48589,31.311628
7347010,48619,31.311628
7352010,48649,31.311628
7357010,48678,30.267906
7362010,48708,31.311628
7367010,48738,31.311628
7372010,48768,31.311628
7377010,48798,31.311628
7382010,48828,31.311628
7387010,48858,31.311628
7392010,48887,30.267906
7397010,48917,31.311628
7402010,48947,31.311628
7407010,48977,31.311628
7412010,49007,31.311628
7417010,49037,31.311628
7422010,49066,30.267906
7427010,49096,31.311628
7432010,49126,31.311628
7437010,49156,31.311628
7442010,49186,31.311628
7447010,49215,30.267906
7452010,49245,31.311628
7457010,49275,31.311628
7462010,49305,31.311628
7467010,49335,31.311628
7472010,49364,30.267906
7477010,49394,31.311628
7482010,49424,31.311628
7487010,49454,31.311628
7492010,49484,31.311628
7497010,49513,30.267906
7502010,49543,31.311628
7507010,49573,31.311628
7512010,49603,31.311628
7517010,49633,31.311628
7522010,49663,31.311628
7527010,49693,31.311628
7532010,49722,30.267906
7537010,49752,31.311628
7542010,49782,31.311628
7547010,49812,31.311628
7552010,49842,31.311628
7557010,49872,31.311628
7562010,49902,31.311628
7567010,49931,30.267906
7572010,49961,31.311628
7577010,49991,31.311628
7582010,50021,31.311628
7587010,50051,31.311628
7592010,50081,31.311628
7597010,50110,30.267906
7602010,50140,31.311628
7607010,50170,31.311628
7612010,50200,31.311628
7617010,50230,31.311628
7622010,50259,30.267906
7627010,50289,31.311628
7632010,50319,31.311628
7637010,50349,31.311628
7642010,50378,30.267906
7647010,50408,31.311628
7652010,50438,31.311628
7657010,50468,31.311628
7662010,50498,31.311628
7667010,50528,31.311628
7672010,50557,30.267906
7677010,50587,31.311628
7682010,50617,31.311628
7687010,50647,31.311628
7692010,50677,31.311628
7697010,50706,30.267906
7702010,50736,31.311628
7707010,50766,31.311628
7712010,50796,31.311628
7717010,50826,31.311628
7722010,50856,31.311628
7727010,50886,31.311628
7732010,50915,30.267906
7737010,50945,31.311628
7742010,50975,31.311628
7747010,51005,31.311628
7752010,51034,30.267906
7757010,51064,31.311628
7762010,51094,31.311628
7767010,51124,31.311628
7772010,51153,30.267906
7777010,51183,31.311628
7782010,51213,31.311628
7787010,51243,31.311628
7792010,51272,30.267906
7797010,51302,31.311628
7802010,51332,31.311628
7807010,51362,31.311628
7812010,51392,31.311628
7817010,51421,30.267906
7822010,51451,31.311628
7827010,51481,31.311628
7832010,51511,31.311628
7837010,51541,31.311628
7842010,51571,31.311628
7847010,51600,30.267906
7852010,51630,31.311628
7857010,51660,31.311628
7862010,51690,31.311628
7867010,51720,31.311628
7872010,51750,31.311628
7877010,51779,30.267906
7882010,51809,31.311628
7887010,51839,31.311628
7892010,51869,31.311628
7897010,51899,31.311628
7902010,51928,30.267906
7907010,51958,31.311628
7912010,51988,31.311628
7917010,52018,31.311628
7922010,52048,31.311628
7927010,52077,30.267906
7932010,52107,31.311628
7937010,52137,31.311628
7942010,52167,31.311628
7947010,52196,30.267906
7952010,52226,31.311628
7957010,52256,31.311628
7962010,52286,31.311628
7967010,52316,31.311628
7972010,52345,30.267906
7977010,52375,31.311628
7982010,52405,31.311628
7987010,52435,31.311628
7992010,52465,31.311628
7997010,52494,30.267906
8002010,52524,31.311628
8007010,52554,31.311628
8012010,52584,31.311628
8017010,52614,31.311628
8022010,52644,31.311628
8027010,52673,30.267906
8032010,52703,31.311628
8037010,52733,31.311628
8042010,52763,31.311628
8047010,52792,30.267906
8052010,52822,31.311628
8057010,52852,31.311628
8062010,52882,31.311628
8067010,52911,30.267906
8072010,52941,31.311628
8077010,52971,31.311628
8082010,53001,31.311628
8087010,53030,30.267906
8092010,53060,31.311628
8097010,53090,31.311628
8102010,53120,31.311628
8107010,53150,31.311628
8112010,53179,30.267906
8117010,53209,31.311628
8122010,53239,31.311628
8127010,53269,31.311628
8132010,53299,31.311628
8137010,53328,30.267906
8142010,53358,31.311628
8147010,53388,31.311628
8152010,53418,31.311628
8157010,53448,31.311628
8162010,53478,31.311628
8167010,53508,31.311628
8172010,53537,30.267906
8177010,53567,31.311628
8182010,53597,31.311628
8187010,53627,31.311628
8192010,53657,31.311628
8197010,53686,30.267906
8202010,53716,31.311628
8207010,53746,31.311628
8212010,53776,31.311628
8217010,53805,30.267906
8222010,53835,31.311628
8227010,53865,31.311628
8232010,53895,31.311628
8237010,53924,30.267906
8242010,53954,31.311628
8247010,53984,31.311628
8252010,54014,31.311628
8257010,54044,31.311628
8262010,54073,30.267906
8267010,54103,31.311628
8272010,54133,31.311628
8277010,54163,31.311628
8282010,54193,31.311628
8287010,54222,30.267906
8292010,54252,31.311628
8297010,54282,31.311628
8302010,54312,31.311628
8307010,54342,31.311628
8312010,54372,31.311628
8317010,54401,30.267906
8322010,54431,31.311628
8327010,54461,31.311628
8332010,54491,31.311628
8337010,54521,31.311628
8342010,54550,30.267906
8347010,54580,31.311628
8352010,54610,31.311628
8357010,54640,31.311628
8362010,54670,31.311628
8367010,54699,30.267906
8372010,54729,31.311628
8377010,54759,31.311628
8382010,54789,31.311628
8387010,54818,30.267906
8392010,54848,31.311628
8397010,54878,31.311628
8402010,54908,31.311628
8407010,54938,31.311628
8412010,54967,30.267906
8417010,54997,31.311628
8422010,55027,31.311628
8427010,55057,31.311628
8432010,55087,31.311628
8437010,55117,31.311628
8442010,55146,30.267906
8447010,55176,31.311628
8452010,55206,31.311628
8457010,55236,31.311628
8462010,55266,31.311628
8467010,55296,31.311628
8472010,55325,30.267906
8477010,55355,31.311628
8482010,55385,31.311628
8487010,55415,31.311628
8492010,55445,31.311628
8497010,55474,30.267906
8502010,55504,31.311628
8507010,55534,31.311628
8512010,55564,31.311628
8517010,55594,31.311628
8522010,55623,30.267906
8527010,55653,31.311628
8532010,55683,31.311628
8537010,55713,31.311628
8542010,55743,31.311628
8547010,55772,30.267906
8552010,55802,31.311628
8557010,55832,31.311628
8562010,55862,31.311628
8567010,55892,31.311628
8572010,55921,30.267906
8577010,55951,31.311628
8582010,55981,31.311628
8587010,56011,31.311628
8592010,56041,31.311628
8597010,56071,31.311628
8602010,56101,31.311628
8607010,56130,30.267906
8612010,56160,31.311628
8617010,56190,31.311628
8622010,56220,31.311628
8627010,56250,31.311628
8632010,56280,31.311628
8637010,56310,31.311628
8642010,56339,30.267906
8647010,56369,31.311628
8652010,56399,31.311628
8657010,56429,31.311628
8662010,56459,31.311628
8667010,56489,31.311628
8672010,56518,30.267906
8677010,56548,31.311628
8682010,56578,31.311628
8687010,56608,31.311628
8692010,56638,31.311628
8697010,56667,30.267906
8702010,56697,31.311628
8707010,56727,31.311628
8712010,56757,31.311628
8717010,56786,30.267906
8722010,56816,31.311628
8727010,56846,31.311628
8732010,56876,31.311628
8737010,56906,31.311628
8742010,56936,31.311628
8747010,56965,30.267906
8752010,56995,31.311628
8757010,57025,31.311628
8762010,57055,31.311628
8767010,57085,31.311628
8772010,57115,31.311628
8777010,57145,31.311628
8782010,57175,31.311628
8787010,57205,31.311628
8792010,57234,30.267906
8797010,57264,31.311628
8802010,57294,31.311628
8807010,57324,31.311628
8812010,57354,31.311628
8817010,57384,31.311628
8822010,57414,31.311628
8827010,57444,31.311628
8832010,57473,30.267906
8837010,57503,31.311628
8842010,57533,31.311628
8847010,57563,31.311628
8852010,57593,31.311628
8857010,57622,30.267906
8862010,57652,31.311628
8867010,57682,31.311628
8872010,57712,31.311628
8877010,57742,31.311628
8882010,57771,30.267906
8887010,57801,31.311628
8892010,57831,31.311628
8897010,57861,31.311628
8902010,57891,31.311628
8907010,57920,30.267906
8912010,57950,31.311628
8917010,57980,31.311628
8922010,58010,31.311628
8927010,58040,31.311628
8932010,58070,31.311628
8937010,58099,30.267906
8942010,58129,31.311628
8947010,58159,31.311628
8952010,58189,31.311628
8957010,58219,31.311628
8962010,58249,31.311628
8967010,58279,31.311628
8972010,58309,31.311628
8977010,58338,30.267906
8982010,58368,31.311628
8987010,58398,31.311628
8992010,58428,31.311628
8997010,58458,31.311628
9002010,58488,31.311628
9007010,58518,31.311628
9012010,58548,31.311628
9017010,58577,30.267906
9022010,58607,31.311628
9027010,58637,31.311628
9032010,58667,31.311628
9037010,58697,31.311628
9042010,58726,30.267906
9047010,58756,31.311628
9052010,58786,31.311628
9057010,58816,31.311628
9062010,58846,31.311628
9067010,58875,30.267906
9072010,58905,31.311628
9077010,58935,31.311628
9082010,58965,31.311628
9087010,58994,30.267906
9092010,59024,31.311628
9097010,59054,31.311628
9102010,59084,31.311628
9107010,59114,31.311628
9112010,59144,31.311628
9117010,59173,30.267906
9122010,59203,31.311628
9127010,59233,31.311628
9132010,59263,31.311628
9137010,59293,31.311628
9142010,59323,31.311628
9147010,59353,31.311628
9152010,59382,30.267906
9157010,59412,31.311628
9162010,59442,31.311628
9167010,59472,31.311628
9172010,59502,31.311628
9177010,59532,31.311628
9182010,59562,31.311628
9187010,59591,30.267906
9192010,59621,31.311628
9197010,59651,31.311628
9202010,59681,31.311628
9207010,59711,31.311628
9212010,59740,30.267906
9217010,59770,31.311628
9222010,59800,31.311628
9227010,59830,31.311628
9232010,59860,31.311628
9237010,59889,30.267906
9242010,59919,31.311628
9247010,59949,31.311628
9252010,59979,31.311628
9257010,60009,31.311628
9262010,60038,30.267906
9267010,60068,31.311628
9272010,60098,31.311628
9277010,60128,31.311628
9282010,60158,31.311628
9287010,60187,30.267906
9292010,60217,31.311628
9297010,60247,31.311628
9302010,60277,31.311628
9307010,60307,31.311628
9312010,60337,31.311628
9317010,60366,30.267906
9322010,60396,31.311628
9327010,60426,31.311628
9332010,60456,31.311628
9337010,60486,31.311628
9342010,60516,31.311628
9347010,60545,30.267906
9352010,60575,31.311628
9357010,60605,31.311628
9362010,60635,31.311628
9367010,60665,31.311628
9372010,60694,30.267906
9377010,60724,31.311628
9382010,60754,31.311628
9387010,60784,31.311628
9392010,60813,30.267906
9397010,60843,31.311628
9402010,60873,31.311628
9407010,60903,31.311628
9412010,60933,31.311628
9417010,60962,30.267906
9422010,60992,31.311628
9427010,61022,31.311628
9432010,61052,31.311628
9437010,61082,31.311628
9442010,61111,30.267906
9447010,61141,31.311628
9452010,61171,31.311628
9457010,61201,31.311628
9462010,61231,31.311628
9467010,61260,30.267906
9472010,61290,31.311628
9477010,61320,31.311628
9482010,61350,31.311628
9487010,61380,31.311628
9492010,61409,30.267906
9497010,61439,31.311628
9502010,61469,31.311628
9507010,61499,31.311628
9512010,61528,30.267906
9517010,61558,31.311628
9522010,61588,31.311628
9527010,61618,31.311628
9532010,61647,30.267906
9537010,61677,31.311628
9542010,61707,31.311628
9547010,61737,31.311628
9552010,61767,31.311628
9557010,61796,30.267906
9562010,61826,31.311628
9567010,61856,31.311628
9572010,61886,31.311628
9577010,61915,30.267906
9582010,61945,31.311628
9587010,61975,31.311628
9592010,62005,31.311628
9597010,62035,31.311628
9602010,62064,30.267906
9607010,62094,31.311628
9612010,62124,31.311628
9617010,62154,31.311628
9622010,62184,31.311628
9627010,62214,31.311628
9632010,62243,30.267906
9637010,62273,31.311628
9642010,62303,31.311628
9647010,62333,31.311628
9652010,62362,30.267906
9657010,62392,31.311628
9662010,62422,31.311628
9667010,62452,31.311628
9672010,62482,31.311628
9677010,62511,30.267906
9682010,62541,31.311628
9687010,62571,31.311628
9692010,62601,31.311628
9697010,62630,30.267906
9702010,62660,31.311628
9707010,62690,31.311628
9712010,62720,31.311628
9717010,62750,31.311628
9722010,62779,30.267906
9727010,62809,31.311628
9732010,62839,31.311628
9737010,62869,31.311628
9742010,62899,31.311628
9747010,62928,30.267906
9752010,62958,31.311628
9757010,62988,31.311628
9762010,63018,31.311628
9767010,63047,30.267906
9772010,63077,31.311628
9777010,63107,31.311628
9782010,63137,31.311628
9787010,63166,30.267906
9792010,63196,31.311628
9797010,63226,31.311628
9802010,63256,31.311628
9807010,63286,31.311628
9812010,63315,30.267906
9817010,63345,31.311628
9822010,63375,31.311628
9827010,63405,31.311628
9832010,63434,30.267906
9837010,63464,31.311628
9842010,63494,31.311628
9847010,63524,31.311628
9852010,63554,31.311628
9857010,63583,30.267906
9862010,63613,31.311628
9867010,63643,31.311628
9872010,63673,31.311628
9877010,63703,31.311628
9882010,63733,31.311628
9887010,63762,30.267906
9892010,63792,31.311628
9897010,63822,31.311628
9902010,63852,31.311628
9907010,63882,31.311628
9912010,63911,30.267906
9917010,63941,31.311628
9922010,63971,31.311628
9927010,64001,31.311628
9932010,64031,31.311628
9937010,64060,30.267906
9942010,64090,31.311628
9947010,64120,31.311628
9952010,64150,31.311628
9957010,64180,31.311628
9962010,64209,30.267906
9967010,64239,31.311628
9972010,64269,31.311628
9977010,64299,31.311628
9982010,64329,31.311628
9987010,64358,30.267906
9992010,64388,31.311628
9997010,64418,31.311628
10002010,64448,31.311628
10007010,64478,31.311628
10012010,64508,31.311628
10017010,64538,31.311628
10022010,64567,30.267906
10027010,64597,31.311628
10032010,64627,31.311628
10037010,64657,31.311628
10042010,64687,31.311628
10047010,64717,31.311628
10052010,64747,31.311628
10057010,64776,30.267906
10062010,64806,31.311628
10067010,64836,31.311628
10072010,64866,31.311628
10077010,64896,31.311628
10082010,64926,31.311628
10087010,64955,30.267906
10092010,64985,31.311628
10097010,65015,31.311628
10102010,65045,31.311628
10107010,65075,31.311628
10112010,65105,31.311628
10117010,65134,30.267906
10122010,65164,31.311628
10127010,65194,31.311628
10132010,65224,31.311628
10137010,65254,31.311628
10142010,65283,30.267906
10147010,65313,31.311628
10152010,65343,31.311628
10157010,65373,31.311628
10162010,65402,30.267906
10167010,65432,31.311628
10172010,65462,31.311628
10177010,65492,31.311628
10182010,65522,31.311628
10187010,65552,31.311628
10192010,65581,30.267906
10197010,65611,31.311628
10202010,65641,31.311628
10207010,65671,31.311628
10212010,65701,31.311628
10217010,65731,31.311628
10222010,65760,30.267906
10227010,65790,31.311628
10232010,65820,31.311628
10237010,65850,31.311628
10242010,65880,31.311628
10247010,65910,31.311628
10252010,65939,30.267906
10257010,65969,31.311628
10262010,65999,31.311628
10267010,66029,31.311628
10272010,66059,31.311628
10277010,66088,30.267906
10282010,66118,31.311628
10287010,66148,31.311628
10292010,66178,31.311628
10297010,66208,31.311628
10302010,66238,31.311628
10307010,66267,30.267906
10312010,66297,31.311628
