
Time_us,Position,Speed_rad_per_s
1312008,-111940,0.000000
1317008,-111938,2.087442
1322009,-111933,5.217561
1327010,-111923,10.435122
1332010,-111912,11.480930
1337010,-111897,15.655814
1342010,-111881,16.699535
1347010,-111863,18.786976
1352010,-111843,20.874418
1357010,-111822,21.918139
1362010,-111800,22.961861
1367010,-111777,24.005581
1372010,-111753,25.049301
1377010,-111729,25.049301
1382010,-111703,27.136744
1387010,-111677,27.136744
1392010,-111651,27.136744
1397010,-111624,28.180466
1402010,-111597,28.180466
1407010,-111569,29.224186
1412010,-111541,29.224186
1417010,-111513,29.224186
1422010,-111484,30.267906
1427010,-111456,29.224186
1432010,-111427,30.267906
1437010,-111398,30.267906
1442010,-111368,31.311628
1447010,-111339,30.267906
1452010,-111310,30.267906
1457010,-111280,31.311628
1462010,-111250,31.311628
1467010,-111221,30.267906
1472010,-111191,31.311628
1477010,-111161,31.311628
1482010,-111131,31.311628
1487010,-111100,32.355347
1492010,-111070,31.311628
1497010,-111040,31.311628
1502010,-111009,32.355347
1507010,-110979,31.311628
1512010,-110948,32.355347
1517010,-110918,31.311628
1522010,-110887,32.355347
1527010,-110857,31.311628
1532010,-110826,32.355347
1537010,-110795,32.355347
1542010,-110765,31.311628
1547010,-110734,32.355347
1552010,-110703,32.355347
1557010,-110673,31.311628
1562010,-110642,32.355347
1567010,-110611,32.355347
1572010,-110580,32.355347
1577010,-110549,32.355347
1582010,-110518,32.355347
1587010,-110488,31.311628
1592010,-110457,32.355347
1597010,-110426,32.355347
1602010,-110395,32.355347
1607010,-110364,32.355347
1612010,-110333,32.355347
1617010,-110302,32.355347
1622010,-110272,31.311628
1627010,-110241,32.355347
1632010,-110210,32.355347
1637010,-110179,32.355347
1642010,-110148,32.355347
1647010,-110117,32.355347
1652010,-110086,32.355347
1657010,-110055,32.355347
1662010,-110024,32.355347
1667010,-109994,31.311628
1672010,-109963,32.355347
1677010,-109932,32.355347
1682010,-109901,32.355347
1687010,-109870,32.355347
1692010,-109839,32.355347
1697010,-109808,32.355347
1702010,-109777,32.355347
1707010,-109746,32.355347
1712010,-109715,32.355347
1717010,-109684,32.355347
1722010,-109654,31.311628
1727010,-109623,32.355347
1732010,-109592,32.355347
1737010,-109561,32.355347
1742010,-109530,32.355347
1747010,-109499,32.355347
1752010,-109468,32.355347
1757010,-109437,32.355347
1762010,-109406,32.355347
1767010,-109375,32.355347
1772010,-109344,32.355347
1777010,-109313,32.355347
1782010,-109282,32.355347
1787010,-109252,31.311628
1792010,-109221,32.355347
1797010,-109190,32.355347
1802010,-109159,32.355347
1807010,-109128,32.355347
1812010,-109097,32.355347
1817010,-109066,32.355347
1822010,-109035,32.355347
1827010,-109004,32.355347
1832010,-108973,32.355347
1837010,-108942,32.355347
1842010,-108911,32.355347
1847010,-108880,32.355347
1852010,-108850,31.311628
1857010,-108819,32.355347
1862010,-108788,32.355347
1867010,-108757,32.355347
1872010,-108726,32.355347
1877010,-108695,32.355347
1882010,-108664,32.355347
1887010,-108633,32.355347
1892010,-108602,32.355347
1897010,-108571,32.355347
1902010,-108540,32.355347
1907010,-108509,32.355347
1912010,-108478,32.355347
1917010,-108448,31.311628
1922010,-108417,32.355347
1927010,-108386,32.355347
1932010,-108355,32.355347
1937010,-108324,32.355347
1942010,-108293,32.355347
1947010,-108262,32.355347
1952010,-108231,32.355347
1957010,-108200,32.355347
1962010,-108169,32.355347
1967010,-108138,32.355347
1972010,-108107,32.355347
1977010,-108076,32.355347
1982010,-108045,32.355347
1987010,-108015,31.311628
1992010,-107984,32.355347
1997010,-107953,32.355347
2002010,-107922,32.355347
2007010,-107891,32.355347
2012010,-107860,32.355347
2017010,-107829,32.355347
2022010,-107798,32.355347
2027010,-107767,32.355347
2032010,-107736,32.355347
2037010,-107705,32.355347
2042010,-107674,32.355347
2047010,-107644,31.311628
2052010,-107613,32.355347
2057010,-107582,32.355347
2062010,-107551,32.355347
2067010,-107520,32.355347
2072010,-107489,32.355347
2077010,-107458,32.355347
2082010,-107427,32.355347
2087010,-107396,32.355347
2092010,-107365,32.355347
2097010,-107334,32.355347
2102010,-107304,31.311628
2107010,-107273,32.355347
2112010,-107242,32.355347
2117010,-107211,32.355347
2122010,-107180,32.355347
2127010,-107149,32.355347
2132010,-107118,32.355347
2137010,-107087,32.355347
2142010,-107056,32.355347
2147010,-107025,32.355347
2152010,-106995,31.311628
2157010,-106964,32.355347
2162010,-106933,32.355347
2167010,-106902,32.355347
2172010,-106871,32.355347
2177010,-106840,32.355347
2182010,-106809,32.355347
2187010,-106778,32.355347
2192010,-106747,32.355347
2197010,-106716,32.355347
2202010,-106686,31.311628
2207010,-106655,32.355347
2212010,-106624,32.355347
2217010,-106593,32.355347
2222010,-106562,32.355347
2227010,-106531,32.355347
2232010,-106500,32.355347
2237010,-106469,32.355347
2242010,-106438,32.355347
2247010,-106407,32.355347
2252010,-106376,32.355347
2257010,-106346,31.311628
2262010,-106315,32.355347
2267010,-106284,32.355347
2272010,-106253,32.355347
2277010,-106222,32.355347
2282010,-106191,32.355347
2287010,-106160,32.355347
2292010,-106129,32.355347
2297010,-106098,32.355347
2302010,-106067,32.355347
2307010,-106036,32.355347
2312010,-106006,31.311628
2317010,-105975,32.355347
2322010,-105944,32.355347
2327010,-105913,32.355347
2332010,-105882,32.355347
2337010,-105851,32.355347
2342010,-105820,32.355347
2347010,-105789,32.355347
2352010,-105758,32.355347
2357010,-105727,32.355347
2362010,-105697,31.311628
2367010,-105666,32.355347
2372010,-105635,32.355347
2377010,-105604,32.355347
2382010,-105573,32.355347
2387010,-105542,32.355347
2392010,-105511,32.355347
2397010,-105480,32.355347
2402010,-105450,31.311628
2407010,-105419,32.355347
2412010,-105388,32.355347
2417010,-105357,32.355347
2422010,-105326,32.355347
2427010,-105295,32.355347
2432010,-105264,32.355347
2437010,-105233,32.355347
2442010,-105202,32.355347
2447010,-105171,32.355347
2452010,-105141,31.311628
2457010,-105110,32.355347
2462010,-105079,32.355347
2467010,-105048,32.355347
2472010,-105017,32.355347
2477010,-104986,32.355347
2482010,-104955,32.355347
2487010,-104924,32.355347
2492010,-104893,32.355347
2497010,-104863,31.311628
2502010,-104832,32.355347
2507010,-104801,32.355347
2512010,-104770,32.355347
2517010,-104739,32.355347
2522010,-104708,32.355347
2527010,-104677,32.355347
2532010,-104646,32.355347
2537010,-104616,31.311628
2542010,-104585,32.355347
2547010,-104554,32.355347
2552010,-104523,32.355347
2557010,-104492,32.355347
2562010,-104461,32.355347
2567010,-104430,32.355347
2572010,-104399,32.355347
2577010,-104369,31.311628
2582010,-104338,32.355347
2587010,-104307,32.355347
2592010,-104276,32.355347
2597010,-104245,32.355347
2602010,-104214,32.355347
2607010,-104183,32.355347
2612010,-104152,32.355347
2617010,-104122,31.311628
2622010,-104091,32.355347
2627010,-104060,32.355347
2632010,-104029,32.355347
2637010,-103998,32.355347
2642010,-103967,32.355347
2647010,-103936,32.355347
2652010,-103905,32.355347
2657010,-103875,31.311628
2662010,-103844,32.355347
2667010,-103813,32.355347
2672010,-103782,32.355347
2677010,-103751,32.355347
2682010,-103720,32.355347
2687010,-103689,32.355347
2692010,-103658,32.355347
2697010,-103628,31.311628
2702010,-103597,32.355347
2707010,-103566,32.355347
2712010,-103535,32.355347
2717010,-103504,32.355347
2722010,-103473,32.355347
2727010,-103442,32.355347
2732010,-103411,32.355347
2737010,-103380,32.355347
2742010,-103350,31.311628
2747010,-103319,32.355347
2752010,-103288,32.355347
2757010,-103257,32.355347
2762010,-103226,32.355347
2767010,-103195,32.355347
2772010,-103164,32.355347
2777010,-103133,32.355347
2782010,-103102,32.355347
2787010,-103072,31.311628
2792010,-103041,32.355347
2797010,-103010,32.355347
2802010,-102979,32.355347
2807010,-102948,32.355347
2812010,-102917,32.355347
2817010,-102886,32.355347
2822010,-102855,32.355347
2827010,-102825,31.311628
2832010,-102794,32.355347
2837010,-102763,32.355347
2842010,-102732,32.355347
2847010,-102701,32.355347
2852010,-102670,32.355347
2857010,-102639,32.355347
2862010,-102608,32.355347
2867010,-102578,31.311628
2872010,-102547,32.355347
2877010,-102516,32.355347
2882010,-102485,32.355347
2887010,-102454,32.355347
2892010,-102423,32.355347
2897010,-102392,32.355347
2902010,-102361,32.355347
2907010,-102331,31.311628
2912010,-102300,32.355347
2917010,-102269,32.355347
2922010,-102238,32.355347
2927010,-102207,32.355347
2932010,-102176,32.355347
2937010,-102145,32.355347
2942010,-102114,32.355347
2947010,-102084,31.311628
2952010,-102053,32.355347
2957010,-102022,32.355347
2962010,-101991,32.355347
2967010,-101960,32.355347
2972010,-101929,32.355347
2977010,-101898,32.355347
2982010,-101868,31.311628
2987010,-101837,32.355347
2992010,-101806,32.355347
2997010,-101775,32.355347
3002010,-101744,32.355347
3007010,-101713,32.355347
3012010,-101682,32.355347
3017010,-101652,31.311628
3022010,-101621,32.355347
3027010,-101590,32.355347
3032010,-101559,32.355347
3037010,-101528,32.355347
3042010,-101497,32.355347
3047010,-101466,32.355347
3052010,-101436,31.311628
3057010,-101405,32.355347
3062010,-101374,32.355347
3067010,-101343,32.355347
3072010,-101312,32.355347
3077010,-101281,32.355347
3082010,-101250,32.355347
3087010,-101220,31.311628
3092010,-101189,32.355347
3097010,-101158,32.355347
3102010,-101127,32.355347
3107010,-101096,32.355347
3112010,-101065,32.355347
3117010,-101034,32.355347
3122010,-101003,32.355347
3127010,-100973,31.311628
3132010,-100942,32.355347
3137010,-100911,32.355347
3142010,-100880,32.355347
3147010,-100849,32.355347
3152010,-100818,32.355347
3157010,-100787,32.355347
3162010,-100756,32.355347
3167010,-100726,31.311628
3172010,-100695,32.355347
3177010,-100664,32.355347
3182010,-100633,32.355347
3187010,-100602,32.355347
3192010,-100571,32.355347
3197010,-100540,32.355347
3202010,-100510,31.311628
3207010,-100479,32.355347
3212010,-100448,32.355347
3217010,-100417,32.355347
3222010,-100386,32.355347
3227010,-100355,32.355347
3232010,-100324,32.355347
3237010,-100294,31.311628
3242010,-100263,32.355347
3247010,-100232,32.355347
3252010,-100201,32.355347
3257010,-100170,32.355347
3262010,-100139,32.355347
3267010,-100108,32.355347
3272010,-100077,32.355347
3277010,-100047,31.311628
3282010,-100016,32.355347
3287010,-99985,32.355347
3292010,-99954,32.355347
3297010,-99923,32.355347
3302010,-99892,32.355347
3307010,-99861,32.355347
3312010,-99830,32.355347
3317010,-99800,31.311628
3322010,-99769,32.355347
3327010,-99738,32.355347
3332010,-99707,32.355347
3337010,-99676,32.355347
3342010,-99645,32.355347
3347010,-99614,32.355347
3352010,-99583,32.355347
3357010,-99553,31.311628
3362010,-99522,32.355347
3367010,-99491,32.355347
3372010,-99460,32.355347
3377010,-99429,32.355347
3382010,-99398,32.355347
3387010,-99367,32.355347
3392010,-99336,32.355347
3397010,-99306,31.311628
3402010,-99275,32.355347
3407010,-99244,32.355347
3412010,-99213,32.355347
3417010,-99182,32.355347
3422010,-99151,32.355347
3427010,-99120,32.355347
3432010,-99089,32.355347
3437010,-99058,32.355347
3442010,-99028,31.311628
3447010,-98997,32.355347
3452010,-98966,32.355347
3457010,-98935,32.355347
3462010,-98904,32.355347
3467010,-98873,32.355347
3472010,-98842,32.355347
3477010,-98811,32.355347
3482010,-98780,32.355347
3487010,-98750,31.311628
3492010,-98719,32.355347
3497010,-98688,32.355347
3502010,-98657,32.355347
3507010,-98626,32.355347
3512010,-98595,32.355347
3517010,-98564,32.355347
3522010,-98533,32.355347
3527010,-98502,32.355347
3532010,-98471,32.355347
3537010,-98441,31.311628
3542010,-98410,32.355347
3547010,-98379,32.355347
3552010,-98348,32.355347
3557010,-98317,32.355347
3562010,-98286,32.355347
3567010,-98255,32.355347
3572010,-98224,32.355347
3577010,-98193,32.355347
3582010,-98163,31.311628
3587010,-98132,32.355347
3592010,-98101,32.355347
3597010,-98070,32.355347
3602010,-98039,32.355347
3607010,-98008,32.355347
3612010,-97977,32.355347
3617010,-97946,32.355347
3622010,-97915,32.355347
3627010,-97884,32.355347
3632010,-97854,31.311628
3637010,-97823,32.355347
3642010,-97792,32.355347
3647010,-97761,32.355347
3652010,-97730,32.355347
3657010,-97699,32.355347
3662010,-97668,32.355347
3667010,-97637,32.355347
3672010,-97607,31.311628
3677010,-97576,32.355347
3682010,-97545,32.355347
3687010,-97514,32.355347
3692010,-97483,32.355347
3697010,-97452,32.355347
3702010,-97421,32.355347
3707010,-97390,32.355347
3712010,-97360,31.311628
3717010,-97329,32.355347
3722010,-97298,32.355347
3727010,-97267,32.355347
3732010,-97236,32.355347
3737010,-97205,32.355347
3742010,-97174,32.355347
3747010,-97143,32.355347
3752010,-97113,31.311628
3757010,-97082,32.355347
3762010,-97051,32.355347
3767010,-97020,32.355347
3772010,-96989,32.355347
3777010,-96958,32.355347
3782010,-96927,32.355347
3787010,-96896,32.355347
3792010,-96866,31.311628
3797010,-96835,32.355347
3802010,-96804,32.355347
3807010,-96773,32.355347
3812010,-96742,32.355347
3817010,-96711,32.355347
3822010,-96680,32.355347
3827010,-96649,32.355347
3832010,-96619,31.311628
3837010,-96588,32.355347
3842010,-96557,32.355347
3847010,-96526,32.355347
3852010,-96495,32.355347
3857010,-96464,32.355347
3862010,-96433,32.355347
3867010,-96402,32.355347
3872010,-96372,31.311628
3877010,-96341,32.355347
3882010,-96310,32.355347
3887010,-96279,32.355347
3892010,-96248,32.355347
3897010,-96217,32.355347
3902010,-96186,32.355347
3907010,-96156,31.311628
3912010,-96125,32.355347
3917010,-96094,32.355347
3922010,-96063,32.355347
3927010,-96032,32.355347
3932010,-96001,32.355347
3937010,-95970,32.355347
3942010,-95939,32.355347
3947010,-95908,32.355347
3952010,-95878,31.311628
3957010,-95847,32.355347
3962010,-95816,32.355347
3967010,-95785,32.355347
3972010,-95754,32.355347
3977010,-95723,32.355347
3982010,-95692,32.355347
3987010,-95661,32.355347
3992010,-95630,32.355347
3997010,-95600,31.311628
4002010,-95569,32.355347
4007010,-95538,32.355347
4012010,-95507,32.355347
4017010,-95476,32.355347
4022010,-95445,32.355347
4027010,-95414,32.355347
4032010,-95383,32.355347
4037010,-95353,31.311628
4042010,-95322,32.355347
4047010,-95291,32.355347
4052010,-95260,32.355347
4057010,-95229,32.355347
4062010,-95198,32.355347
4067010,-95167,32.355347
4072010,-95136,32.355347
4077010,-95106,31.311628
4082010,-95075,32.355347
4087010,-95044,32.355347
4092010,-95013,32.355347
4097010,-94982,32.355347
4102010,-94951,32.355347
4107010,-94920,32.355347
4112010,-94890,31.311628
4117010,-94859,32.355347
4122010,-94828,32.355347
4127010,-94797,32.355347
4132010,-94766,32.355347
4137010,-94735,32.355347
4142010,-94705,31.311628
4147010,-94674,32.355347
4152010,-94643,32.355347
4157010,-94612,32.355347
4162010,-94581,32.355347
4167010,-94551,31.311628
4172010,-94520,32.355347
4177010,-94489,32.355347
4182010,-94458,32.355347
4187010,-94427,32.355347
4192010,-94397,31.311628
4197010,-94366,32.355347
4202010,-94335,32.355347
4207010,-94304,32.355347
4212010,-94273,32.355347
4217010,-94243,31.311628
4222010,-94212,32.355347
4227010,-94181,32.355347
4232010,-94150,32.355347
4237010,-94119,32.355347
4242010,-94089,31.311628
4247010,-94058,32.355347
4252010,-94027,32.355347
4257010,-93996,32.355347
4262010,-93965,32.355347
4267010,-93935,31.311628
4272010,-93904,32.355347
4277010,-93873,32.355347
4282010,-93842,32.355347
4287010,-93811,32.355347
4292010,-93781,31.311628
4297010,-93750,32.355347
4302010,-93719,32.355347
4307010,-93688,32.355347
4312010,-93657,32.355347
4317010,-93627,31.311628
4322010,-93596,32.355347
4327010,-93565,32.355347
4332010,-93534,32.355347
4337010,-93503,32.355347
4342010,-93473,31.311628
4347010,-93442,32.355347
4352010,-93411,32.355347
4357010,-93380,32.355347
4362010,-93349,32.355347
4367010,-93318,32.355347
4372010,-93288,31.311628
4377010,-93257,32.355347
4382010,-93226,32.355347
4387010,-93195,32.355347
4392010,-93164,32.355347
4397010,-93134,31.311628
4402010,-93103,32.355347
4407010,-93072,32.355347
4412010,-93041,32.355347
4417010,-93010,32.355347
4422010,-92979,32.355347
4427010,-92949,31.311628
4432010,-92918,32.355347
4437010,-92887,32.355347
4442010,-92856,32.355347
4447010,-92825,32.355347
4452010,-92794,32.355347
4457010,-92764,31.311628
4462010,-92733,32.355347
4467010,-92702,32.355347
4472010,-92671,32.355347
4477010,-92640,32.355347
4482010,-92610,31.311628
4487010,-92579,32.355347
4492010,-92548,32.355347
4497010,-92517,32.355347
4502010,-92486,32.355347
4507010,-92455,32.355347
4512010,-92424,32.355347
4517010,-92394,31.311628
4522010,-92363,32.355347
4527010,-92332,32.355347
4532010,-92301,32.355347
4537010,-92270,32.355347
4542010,-92239,32.355347
4547010,-92208,32.355347
4552010,-92178,31.311628
4557010,-92147,32.355347
4562010,-92116,32.355347
4567010,-92085,32.355347
4572010,-92054,32.355347
4577010,-92023,32.355347
4582010,-91993,31.311628
4587010,-91962,32.355347
4592010,-91931,32.355347
4597010,-91900,32.355347
4602010,-91869,32.355347
4607010,-91838,32.355347
4612010,-91807,32.355347
4617010,-91776,32.355347
4622010,-91746,31.311628
4627010,-91715,32.355347
4632010,-91684,32.355347
4637010,-91653,32.355347
4642010,-91622,32.355347
4647010,-91591,32.355347
4652010,-91560,32.355347
4657010,-91530,31.311628
4662010,-91499,32.355347
4667010,-91468,32.355347
4672010,-91437,32.355347
4677010,-91406,32.355347
4682010,-91375,32.355347
4687010,-91344,32.355347
4692010,-91314,31.311628
4697010,-91283,32.355347
4702010,-91252,32.355347
4707010,-91221,32.355347
4712010,-91190,32.355347
4717010,-91159,32.355347
4722010,-91128,32.355347
4727010,-91098,31.311628
4732010,-91067,32.355347
4737010,-91036,32.355347
4742010,-91005,32.355347
4747010,-90974,32.355347
4752010,-90943,32.355347
4757010,-90912,32.355347
4762010,-90881,32.355347
4767010,-90851,31.311628
4772010,-90820,32.355347
4777010,-90789,32.355347
4782010,-90758,32.355347
4787010,-90727,32.355347
4792010,-90696,32.355347
4797010,-90665,32.355347
4802010,-90634,32.355347
4807010,-90604,31.311628
4812010,-90573,32.355347
4817010,-90542,32.355347
4822010,-90511,32.355347
4827010,-90480,32.355347
4832010,-90449,32.355347
4837010,-90418,32.355347
4842010,-90387,32.355347
4847010,-90357,31.311628
4852010,-90326,32.355347
4857010,-90295,32.355347
4862010,-90264,32.355347
4867010,-90233,32.355347
4872010,-90202,32.355347
4877010,-90171,32.355347
4882010,-90141,31.311628
4887010,-90110,32.355347
4892010,-90079,32.355347
4897010,-90048,32.355347
4902010,-90017,32.355347
4907010,-89986,32.355347
4912010,-89955,32.355347
4917010,-89924,32.355347
4922010,-89894,31.311628
4927010,-89863,32.355347
4932010,-89832,32.355347
4937010,-89801,32.355347
4942010,-89770,32.355347
4947010,-89739,32.355347
4952010,-89708,32.355347
4957010,-89677,32.355347
4962010,-89646,32.355347
4967010,-89616,31.311628
4972010,-89585,32.355347
4977010,-89554,32.355347
4982010,-89523,32.355347
4987010,-89492,32.355347
4992010,-89461,32.355347
4997010,-89430,32.355347
5002010,-89399,32.355347
5007010,-89368,32.355347
5012010,-89338,31.311628
5017010,-89307,32.355347
5022010,-89276,32.355347
5027010,-89245,32.355347
5032010,-89214,32.355347
5037010,-89183,32.355347
5042010,-89152,32.355347
5047010,-89121,32.355347
5052010,-89091,31.311628
5057010,-89060,32.355347
5062010,-89029,32.355347
5067010,-88998,32.355347
5072010,-88967,32.355347
5077010,-88936,32.355347
5082010,-88905,32.355347
5087010,-88874,32.355347
5092010,-88844,31.311628
5097010,-88813,32.355347
5102010,-88782,32.355347
5107010,-88751,32.355347
5112010,-88720,32.355347
5117010,-88689,32.355347
5122010,-88658,32.355347
5127010,-88627,32.355347
5132010,-88597,31.311628
5137010,-88566,32.355347
5142010,-88535,32.355347
5147010,-88504,32.355347
5152010,-88473,32.355347
5157010,-88442,32.355347
5162010,-88411,32.355347
5167010,-88381,31.311628
5172010,-88350,32.355347
5177010,-88319,32.355347
5182010,-88288,32.355347
5187010,-88257,32.355347
5192010,-88226,32.355347
5197010,-88195,32.355347
5202010,-88165,31.311628
5207010,-88134,32.355347
5212010,-88103,32.355347
5217010,-88072,32.355347
5222010,-88041,32.355347
5227010,-88010,32.355347
5232010,-87980,31.311628
5237010,-87949,32.355347
5242010,-87918,32.355347
5247010,-87887,32.355347
5252010,-87856,32.355347
5257010,-87825,32.355347
5262010,-87795,31.311628
5267010,-87764,32.355347
5272010,-87733,32.355347
5277010,-87702,32.355347
5282010,-87671,32.355347
5287010,-87641,31.311628
5292010,-87610,32.355347
5297010,-87579,32.355347
5302010,-87548,32.355347
5307010,-87517,32.355347
5312010,-87487,31.311628
5317010,-87456,32.355347
5322010,-87425,32.355347
5327010,-87394,32.355347
5332010,-87363,32.355347
5337010,-87333,31.311628
5342010,-87302,32.355347
5347010,-87271,32.355347
5352010,-87240,32.355347
5357010,-87209,32.355347
5362010,-87178,32.355347
5367010,-87148,31.311628
5372010,-87117,32.355347
5377010,-87086,32.355347
5382010,-87055,32.355347
5387010,-87024,32.355347
5392010,-86994,31.311628
5397010,-86963,32.355347
5402010,-86932,32.355347
5407010,-86901,32.355347
5412010,-86870,32.355347
5417010,-86840,31.311628
5422010,-86809,32.355347
5427010,-86778,32.355347
5432010,-86747,32.355347
5437010,-86716,32.355347
5442010,-86686,31.311628
5447010,-86655,32.355347
5452010,-86624,32.355347
5457010,-86593,32.355347
5462010,-86562,32.355347
5467010,-86532,31.311628
5472010,-86501,32.355347
5477010,-86470,32.355347
5482010,-86439,32.355347
5487010,-86408,32.355347
5492010,-86378,31.311628
5497010,-86347,32.355347
5502010,-86316,32.355347
5507010,-86285,32.355347
5512010,-86254,32.355347
5517010,-86224,31.311628
5522010,-86193,32.355347
5527010,-86162,32.355347
5532010,-86131,32.355347
5537010,-86100,32.355347
5542010,-86069,32.355347
5547010,-86039,31.311628
5552010,-86008,32.355347
5557010,-85977,32.355347
5562010,-85946,32.355347
5567010,-85915,32.355347
5572010,-85884,32.355347
5577010,-85854,31.311628
5582010,-85823,32.355347
5587010,-85792,32.355347
5592010,-85761,32.355347
5597010,-85730,32.355347
5602010,-85699,32.355347
5607010,-85668,32.355347
5612010,-85638,31.311628
5617010,-85607,32.355347
5622010,-85576,32.355347
5627010,-85545,32.355347
5632010,-85514,32.355347
5637010,-85483,32.355347
5642010,-85453,31.311628
5647010,-85422,32.355347
5652010,-85391,32.355347
5657010,-85360,32.355347
5662010,-85329,32.355347
5667010,-85298,32.355347
5672010,-85267,32.355347
5677010,-85237,31.311628
5682010,-85206,32.355347
5687010,-85175,32.355347
5692010,-85144,32.355347
5697010,-85113,32.355347
5702010,-85082,32.355347
5707010,-85052,31.311628
5712010,-85021,32.355347
5717010,-84990,32.355347
5722010,-84959,32.355347
5727010,-84928,32.355347
5732010,-84897,32.355347
5737010,-84867,31.311628
5742010,-84836,32.355347
5747010,-84805,32.355347
5752010,-84774,32.355347
5757010,-84743,32.355347
5762010,-84712,32.355347
5767010,-84682,31.311628
5772010,-84651,32.355347
5777010,-84620,32.355347
5782010,-84589,32.355347
5787010,-84558,32.355347
5792010,-84527,32.355347
5797010,-84497,31.311628
5802010,-84466,32.355347
5807010,-84435,32.355347
5812010,-84404,32.355347
5817010,-84373,32.355347
5822010,-84342,32.355347
5827010,-84312,31.311628
5832010,-84281,32.355347
5837010,-84250,32.355347
5842010,-84219,32.355347
5847010,-84188,32.355347
5852010,-84157,32.355347
5857010,-84127,31.311628
5862010,-84096,32.355347
5867010,-84065,32.355347
5872010,-84034,32.355347
5877010,-84003,32.355347
5882010,-83972,32.355347
5887010,-83942,31.311628
5892010,-83911,32.355347
5897010,-83880,32.355347
5902010,-83849,32.355347
5907010,-83818,32.355347
5912010,-83788,31.311628
5917010,-83757,32.355347
5922010,-83726,32.355347
5927010,-83695,32.355347
5932010,-83664,32.355347
5937010,-83633,32.355347
5942010,-83603,31.311628
5947010,-83572,32.355347
5952010,-83541,32.355347
5957010,-83510,32.355347
5962010,-83479,32.355347
5967010,-83449,31.311628
5972010,-83418,32.355347
5977010,-83387,32.355347
5982010,-83356,32.355347
5987010,-83325,32.355347
5992010,-83294,32.355347
5997010,-83264,31.311628
6002010,-83233,32.355347
6007010,-83202,32.355347
6012010,-83171,32.355347
6017010,-83140,32.355347
6022010,-83110,31.311628
6027010,-83079,32.355347
6032010,-83048,32.355347
6037010,-83017,32.355347
6042010,-82986,32.355347
6047010,-82956,31.311628
6052010,-82925,32.355347
6057010,-82894,32.355347
6062010,-82863,32.355347
6067010,-82832,32.355347
6072010,-82802,31.311628
6077010,-82771,32.355347
6082010,-82740,32.355347
6087010,-82709,32.355347
6092010,-82678,32.355347
6097010,-82648,31.311628
6102010,-82617,32.355347
6107010,-82586,32.355347
6112010,-82555,32.355347
6117010,-82525,31.311628
6122010,-82494,32.355347
6127010,-82463,32.355347
6132010,-82432,32.355347
6137010,-82402,31.311628
6142010,-82371,32.355347
6147010,-82340,32.355347
6152010,-82310,31.311628
6157010,-82279,32.355347
6162010,-82248,32.355347
6167010,-82217,32.355347
6172010,-82187,31.311628
6177010,-82156,32.355347
6182010,-82125,32.355347
6187010,-82094,32.355347
6192010,-82064,31.311628
6197010,-82033,32.355347
6202010,-82002,32.355347
6207010,-81971,32.355347
6212010,-81941,31.311628
6217010,-81910,32.355347
6222010,-81879,32.355347
6227010,-81848,32.355347
6232010,-81818,31.311628
6237010,-81787,32.355347
6242010,-81756,32.355347
6247010,-81725,32.355347
6252010,-81694,32.355347
6257010,-81664,31.311628
6262010,-81633,32.355347
6267010,-81602,32.355347
6272010,-81571,32.355347
6277010,-81541,31.311628
6282010,-81510,32.355347
6287010,-81479,32.355347
6292010,-81448,32.355347
6297010,-81418,31.311628
6302010,-81387,32.355347
6307010,-81356,32.355347
6312010,-81325,32.355347
6317010,-81294,32.355347
6322010,-81264,31.311628
6327010,-81233,32.355347
6332010,-81202,32.355347
6337010,-81171,32.355347
6342010,-81141,31.311628
6347010,-81110,32.355347
6352010,-81079,32.355347
6357010,-81048,32.355347
6362010,-81018,31.311628
6367010,-80987,32.355347
6372010,-80956,32.355347
6377010,-80925,32.355347
6382010,-80895,31.311628
6387010,-80864,32.355347
6392010,-80833,32.355347
6397010,-80802,32.355347
6402010,-80772,31.311628
6407010,-80741,32.355347
6412010,-80710,32.355347
6417010,-80679,32.355347
6422010,-80648,32.355347
6427010,-80618,31.311628
6432010,-80587,32.355347
6437010,-80556,32.355347
6442010,-80525,32.355347
6447010,-80495,31.311628
6452010,-80464,32.355347
6457010,-80433,32.355347
6462010,-80402,32.355347
6467010,-80372,31.311628
6472010,-80341,32.355347
6477010,-80310,32.355347
6482010,-80279,32.355347
6487010,-80248,32.355347
6492010,-80218,31.311628
6497010,-80187,32.355347
6502010,-80156,32.355347
6507010,-80125,32.355347
6512010,-80095,31.311628
6517010,-80064,32.355347
6522010,-80033,32.355347
6527010,-80002,32.355347
6532010,-79971,32.355347
6537010,-79941,31.311628
6542010,-79910,32.355347
6547010,-79879,32.355347
6552010,-79848,32.355347
6557010,-79818,31.311628
6562010,-79787,32.355347
6567010,-79756,32.355347
6572010,-79725,32.355347
6577010,-79695,31.311628
6582010,-79664,32.355347
6587010,-79633,32.355347
6592010,-79602,32.355347
6597010,-79572,31.311628
6602010,-79541,32.355347
6607010,-79510,32.355347
6612010,-79479,32.355347
6617010,-79449,31.311628
6622010,-79418,32.355347
6627010,-79387,32.355347
6632010,-79356,32.355347
6637010,-79326,31.311628
6642010,-79295,32.355347
6647010,-79264,32.355347
6652010,-79233,32.355347
6657010,-79203,31.311628
6662010,-79172,32.355347
6667010,-79141,32.355347
6672010,-79110,32.355347
6677010,-79080,31.311628
6682010,-79049,32.355347
6687010,-79018,32.355347
6692010,-78987,32.355347
6697010,-78957,31.311628
6702010,-78926,32.355347
6707010,-78895,32.355347
6712010,-78864,32.355347
6717010,-78834,31.311628
6722010,-78803,32.355347
6727010,-78772,32.355347
6732010,-78741,32.355347
6737010,-78710,32.355347
6742010,-78680,31.311628
6747010,-78649,32.355347
6752010,-78618,32.355347
6757010,-78587,32.355347
6762010,-78557,31.311628
6767010,-78526,32.355347
6772010,-78495,32.355347
6777010,-78464,32.355347
6782010,-78434,31.311628
6787010,-78403,32.355347
6792010,-78372,32.355347
6797010,-78341,32.355347
6802010,-78311,31.311628
6807010,-78280,32.355347
6812010,-78249,32.355347
6817010,-78218,32.355347
6822010,-78188,31.311628
6827010,-78157,32.355347
6832010,-78126,32.355347
6837010,-78095,32.355347
6842010,-78064,32.355347
6847010,-78034,31.311628
6852010,-78003,32.355347
6857010,-77972,32.355347
6862010,-77941,32.355347
6867010,-77911,31.311628
6872010,-77880,32.355347
6877010,-77849,32.355347
6882010,-77818,32.355347
6887010,-77788,31.311628
6892010,-77757,32.355347
6897010,-77726,32.355347
6902010,-77695,32.355347
6907010,-77665,31.311628
6912010,-77634,32.355347
6917010,-77603,32.355347
6922010,-77572,32.355347
6927010,-77541,32.355347
6932010,-77511,31.311628
6937010,-77480,32.355347
6942010,-77449,32.355347
6947010,-77418,32.355347
6952010,-77388,31.311628
6957010,-77357,32.355347
6962010,-77326,32.355347
6967010,-77295,32.355347
6972010,-77265,31.311628
6977010,-77234,32.355347
6982010,-77203,32.355347
6987010,-77172,32.355347
6992010,-77141,32.355347
6997010,-77111,31.311628
7002010,-77080,32.355347
7007010,-77049,32.355347
7012010,-77018,32.355347
7017010,-76987,32.355347
7022010,-76957,31.311628
7027010,-76926,32.355347
7032010,-76895,32.355347
7037010,-76864,32.355347
7042010,-76834,31.311628
7047010,-76803,32.355347
7052010,-76772,32.355347
7057010,-76741,32.355347
7062010,-76710,32.355347
7067010,-76680,31.311628
7072010,-76649,32.355347
7077010,-76618,32.355347
7082010,-76587,32.355347
7087010,-76556,32.355347
7092010,-76526,31.311628
7097010,-76495,32.355347
7102010,-76464,32.355347
7107010,-76433,32.355347
7112010,-76402,32.355347
7117010,-76372,31.311628
7122010,-76341,32.355347
7127010,-76310,32.355347
7132010,-76279,32.355347
7137010,-76248,32.355347
7142010,-76218,31.311628
7147010,-76187,32.355347
7152010,-76156,32.355347
7157010,-76125,32.355347
7162010,-76094,32.355347
7167010,-76064,31.311628
7172010,-76033,32.355347
7177010,-76002,32.355347
7182010,-75971,32.355347
7187010,-75940,32.355347
7192010,-75910,31.311628
7197010,-75879,32.355347
7202010,-75848,32.355347
7207010,-75817,32.355347
7212010,-75786,32.355347
7217010,-75756,31.311628
7222010,-75725,32.355347
7227010,-75694,32.355347
7232010,-75663,32.355347
7237010,-75632,32.355347
7242010,-75601,32.355347
7247010,-75571,31.311628
7252010,-75540,32.355347
7257010,-75509,32.355347
7262010,-75478,32.355347
7267010,-75447,32.355347
7272010,-75416,32.355347
7277010,-75386,31.311628
7282010,-75355,32.355347
7287010,-75324,32.355347
7292010,-75293,32.355347
7297010,-75262,32.355347
7302010,-75231,32.355347
7307010,-75201,31.311628
7312010,-75170,32.355347
7317010,-75139,32.355347
7322010,-75108,32.355347
7327010,-75078,31.311628
7332010,-75047,32.355347
7337010,-75016,32.355347
7342010,-74985,32.355347
7347010,-74954,32.355347
7352010,-74923,32.355347
7357010,-74893,31.311628
7362010,-74862,32.355347
7367010,-74831,32.355347
7372010,-74800,32.355347
7377010,-74769,32.355347
7382010,-74739,31.311628
7387010,-74708,32.355347
7392010,-74677,32.355347
7397010,-74646,32.355347
7402010,-74615,32.355347
7407010,-74585,31.311628
7412010,-74554,32.355347
7417010,-74523,32.355347
7422010,-74492,32.355347
7427010,-74461,32.355347
7432010,-74431,31.311628
7437010,-74400,32.355347
7442010,-74369,32.355347
7447010,-74338,32.355347
7452010,-74308,31.311628
7457010,-74277,32.355347
7462010,-74246,32.355347
7467010,-74215,32.355347
7472010,-74184,32.355347
7477010,-74154,31.311628
7482010,-74123,32.355347
7487010,-74092,32.355347
7492010,-74061,32.355347
7497010,-74030,32.355347
7502010,-73999,32.355347
7507010,-73969,31.311628
7512010,-73938,32.355347
7517010,-73907,32.355347
7522010,-73876,32.355347
7527010,-73845,32.355347
7532010,-73815,31.311628
7537010,-73784,32.355347
7542010,-73753,32.355347
7547010,-73722,32.355347
7552010,-73691,32.355347
7557010,-73661,31.311628
7562010,-73630,32.355347
7567010,-73599,32.355347
7572010,-73568,32.355347
7577010,-73537,32.355347
7582010,-73507,31.311628
7587010,-73476,32.355347
7592010,-73445,32.355347
7597010,-73414,32.355347
7602010,-73384,31.311628
7607010,-73353,32.355347
7612010,-73322,32.355347
7617010,-73291,32.355347
7622010,-73261,31.311628
7627010,-73230,32.355347
7632010,-73199,32.355347
7637010,-73168,32.355347
7642010,-73138,31.311628
7647010,-73107,32.355347
7652010,-73076,32.355347
7657010,-73046,31.311628
7662010,-73015,32.355347
7667010,-72984,32.355347
7672010,-72953,32.355347
7677010,-72922,32.355347
7682010,-72892,31.311628
7687010,-72861,32.355347
7692010,-72830,32.355347
7697010,-72799,32.355347
7702010,-72769,31.311628
7707010,-72738,32.355347
7712010,-72707,32.355347
7717010,-72676,32.355347
7722010,-72645,32.355347
7727010,-72615,31.311628
7732010,-72584,32.355347
7737010,-72553,32.355347
7742010,-72522,32.355347
7747010,-72491,32.355347
7752010,-72460,32.355347
7757010,-72430,31.311628
7762010,-72399,32.355347
7767010,-72368,32.355347
7772010,-72337,32.355347
7777010,-72306,32.355347
7782010,-72276,31.311628
7787010,-72245,32.355347
7792010,-72214,32.355347
7797010,-72183,32.355347
7802010,-72152,32.355347
7807010,-72121,32.355347
7812010,-72091,31.311628
7817010,-72060,32.355347
7822010,-72029,32.355347
7827010,-71998,32.355347
7832010,-71967,32.355347
7837010,-71936,32.355347
7842010,-71906,31.311628
7847010,-71875,32.355347
7852010,-71844,32.355347
7857010,-71813,32.355347
7862010,-71782,32.355347
7867010,-71751,32.355347
7872010,-71721,31.311628
7877010,-71690,32.355347
7882010,-71659,32.355347
7887010,-71628,32.355347
7892010,-71597,32.355347
7897010,-71566,32.355347
7902010,-71535,32.355347
7907010,-71505,31.311628
7912010,-71474,32.355347
7917010,-71443,32.355347
7922010,-71412,32.355347
7927010,-71381,32.355347
7932010,-71350,32.355347
7937010,-71319,32.355347
7942010,-71289,31.311628
7947010,-71258,32.355347
7952010,-71227,32.355347
7957010,-71196,32.355347
7962010,-71165,32.355347
7967010,-71134,32.355347
7972010,-71104,31.311628
7977010,-71073,32.355347
7982010,-71042,32.355347
7987010,-71011,32.355347
7992010,-70980,32.355347
7997010,-70949,32.355347
8002010,-70918,32.355347
8007010,-70888,31.311628
8012010,-70857,32.355347
8017010,-70826,32.355347
8022010,-70795,32.355347
8027010,-70764,32.355347
8032010,-70734,31.311628
8037010,-70703,32.355347
8042010,-70672,32.355347
8047010,-70641,32.355347
8052010,-70610,32.355347
8057010,-70580,31.311628
8062010,-70549,32.355347
8067010,-70518,32.355347
8072010,-70487,32.355347
8077010,-70456,32.355347
8082010,-70425,32.355347
8087010,-70395,31.311628
8092010,-70364,32.355347
8097010,-70333,32.355347
8102010,-70302,32.355347
8107010,-70271,32.355347
8112010,-70241,31.311628
8117010,-70210,32.355347
8122010,-70179,32.355347
8127010,-70148,32.355347
8132010,-70117,32.355347
8137010,-70086,32.355347
8142010,-70056,31.311628
8147010,-70025,32.355347
8152010,-69994,32.355347
8157010,-69963,32.355347
8162010,-69932,32.355347
8167010,-69901,32.355347
8172010,-69871,31.311628
8177010,-69840,32.355347
8182010,-69809,32.355347
8187010,-69778,32.355347
8192010,-69747,32.355347
8197010,-69716,32.355347
8202010,-69685,32.355347
8207010,-69655,31.311628
8212010,-69624,32.355347
8217010,-69593,32.355347
8222010,-69562,32.355347
8227010,-69531,32.355347
8232010,-69500,32.355347
8237010,-69469,32.355347
8242010,-69439,31.311628
8247010,-69408,32.355347
8252010,-69377,32.355347
8257010,-69346,32.355347
8262010,-69315,32.355347
8267010,-69284,32.355347
8272010,-69253,32.355347
8277010,-69223,31.311628
8282010,-69192,32.355347
8287010,-69161,32.355347
8292010,-69130,32.355347
8297010,-69099,32.355347
8302010,-69068,32.355347
8307010,-69037,32.355347
8312010,-69007,31.311628
8317010,-68976,32.355347
8322010,-68945,32.355347
8327010,-68914,32.355347
8332010,-68883,32.355347
8337010,-68852,32.355347
8342010,-68822,31.311628
8347010,-68791,32.355347
8352010,-68760,32.355347
8357010,-68729,32.355347
8362010,-68698,32.355347
8367010,-68668,31.311628
8372010,-68637,32.355347
8377010,-68606,32.355347
8382010,-68575,32.355347
8387010,-68545,31.311628
8392010,-68514,32.355347
8397010,-68483,32.355347
8402010,-68452,32.355347
8407010,-68422,31.311628
8412010,-68391,32.355347
8417010,-68360,32.355347
8422010,-68329,32.355347
8427010,-68298,32.355347
8432010,-68268,31.311628
8437010,-68237,32.355347
8442010,-68206,32.355347
8447010,-68175,32.355347
8452010,-68145,31.311628
8457010,-68114,32.355347
8462010,-68083,32.355347
8467010,-68052,32.355347
8472010,-68022,31.311628
8477010,-67991,32.355347
8482010,-67960,32.355347
8487010,-67929,32.355347
8492010,-67898,32.355347
8497010,-67867,32.355347
8502010,-67837,31.311628
8507010,-67806,32.355347
8512010,-67775,32.355347
8517010,-67744,32.355347
8522010,-67713,32.355347
8527010,-67683,31.311628
8532010,-67652,32.355347
8537010,-67621,32.355347
8542010,-67590,32.355347
8547010,-67559,32.355347
8552010,-67529,31.311628
8557010,-67498,32.355347
8562010,-67467,32.355347
8567010,-67436,32.355347
8572010,-67405,32.355347
8577010,-67375,31.311628
8582010,-67344,32.355347
8587010,-67313,32.355347
8592010,-67282,32.355347
8597010,-67251,32.355347
8602010,-67220,32.355347
8607010,-67190,31.311628
8612010,-67159,32.355347
8617010,-67128,32.355347
8622010,-67097,32.355347
8627010,-67066,32.355347
8632010,-67035,32.355347
8637010,-67005,31.311628
8642010,-66974,32.355347
8647010,-66943,32.355347
8652010,-66912,32.355347
8657010,-66881,32.355347
8662010,-66850,32.355347
8667010,-66820,31.311628
8672010,-66789,32.355347
8677010,-66758,32.355347
8682010,-66727,32.355347
8687010,-66696,32.355347
8692010,-66666,31.311628
8697010,-66635,32.355347
8702010,-66604,32.355347
8707010,-66573,32.355347
8712010,-66542,32.355347
8717010,-66512,31.311628
8722010,-66481,32.355347
8727010,-66450,32.355347
8732010,-66419,32.355347
8737010,-66388,32.355347
8742010,-66358,31.311628
8747010,-66327,32.355347
8752010,-66296,32.355347
8757010,-66265,32.355347
8762010,-66234,32.355347
8767010,-66204,31.311628
8772010,-66173,32.355347
8777010,-66142,32.355347
8782010,-66111,32.355347
8787010,-66081,31.311628
8792010,-66050,32.355347
8797010,-66019,32.355347
8802010,-65988,32.355347
8807010,-65958,31.311628
8812010,-65927,32.355347
8817010,-65896,32.355347
8822010,-65865,32.355347
8827010,-65835,31.311628
8832010,-65804,32.355347
8837010,-65773,32.355347
8842010,-65742,32.355347
8847010,-65712,31.311628
8852010,-65681,32.355347
8857010,-65650,32.355347
8862010,-65620,31.311628
8867010,-65589,32.355347
8872010,-65558,32.355347
8877010,-65528,31.311628
8882010,-65497,32.355347
8887010,-65466,32.355347
8892010,-65436,31.311628
8897010,-65405,32.355347
8902010,-65374,32.355347
8907010,-65343,32.355347
8912010,-65313,31.311628
8917010,-65282,32.355347
8922010,-65251,32.355347
8927010,-65220,32.355347
8932010,-65190,31.311628
8937010,-65159,32.355347
8942010,-65128,32.355347
8947010,-65097,32.355347
8952010,-65067,31.311628
8957010,-65036,32.355347
8962010,-65005,32.355347
8967010,-64974,32.355347
8972010,-64944,31.311628
8977010,-64913,32.355347
8982010,-64882,32.355347
8987010,-64851,32.355347
8992010,-64821,31.311628
8997010,-64790,32.355347
9002010,-64759,32.355347
9007010,-64728,32.355347
9012010,-64698,31.311628
9017010,-64667,32.355347
9022010,-64636,32.355347
9027010,-64605,32.355347
9032010,-64575,31.311628
9037010,-64544,32.355347
9042010,-64513,32.355347
9047010,-64482,32.355347
9052010,-64452,31.311628
9057010,-64421,32.355347
9062010,-64390,32.355347
9067010,-64359,32.355347
9072010,-64328,32.355347
9077010,-64298,31.311628
9082010,-64267,32.355347
9087010,-64236,32.355347
9092010,-64205,32.355347
9097010,-64175,31.311628
9102010,-64144,32.355347
9107010,-64113,32.355347
9112010,-64082,32.355347
9117010,-64051,32.355347
9122010,-64021,31.311628
9127010,-63990,32.355347
9132010,-63959,32.355347
9137010,-63928,32.355347
9142010,-63897,32.355347
9147010,-63867,31.311628
9152010,-63836,32.355347
9157010,-63805,32.355347
9162010,-63774,32.355347
9167010,-63744,31.311628
9172010,-63713,32.355347
9177010,-63682,32.355347
9182010,-63651,32.355347
9187010,-63620,32.355347
9192010,-63589,32.355347
9197010,-63559,31.311628
9202010,-63528,32.355347
9207010,-63497,32.355347
9212010,-63466,32.355347
9217010,-63435,32.355347
9222010,-63405,31.311628
9227010,-63374,32.355347
9232010,-63343,32.355347
9237010,-63312,32.355347
9242010,-63282,31.311628
9247010,-63251,32.355347
9252010,-63220,32.355347
9257010,-63189,32.355347
9262010,-63158,32.355347
9267010,-63128,31.311628
9272010,-63097,32.355347
9277010,-63066,32.355347
9282010,-63035,32.355347
9287010,-63004,32.355347
9292010,-62974,31.311628
9297010,-62943,32.355347
9302010,-62912,32.355347
9307010,-62881,32.355347
9312010,-62850,32.355347
9317010,-62820,31.311628
9322010,-62789,32.355347
9327010,-62758,32.355347
9332010,-62727,32.355347
9337010,-62696,32.355347
9342010,-62666,31.311628
9347010,-62635,32.355347
9352010,-62604,32.355347
9357010,-62573,32.355347
9362010,-62542,32.355347
9367010,-62511,32.355347
9372010,-62481,31.311628
9377010,-62450,32.355347
9382010,-62419,32.355347
9387010,-62388,32.355347
9392010,-62357,32.355347
9397010,-62327,31.311628
9402010,-62296,32.355347
9407010,-62265,32.355347
9412010,-62234,32.355347
9417010,-62203,32.355347
9422010,-62172,32.355347
9427010,-62142,31.311628
9432010,-62111,32.355347
9437010,-62080,32.355347
9442010,-62049,32.355347
9447010,-62018,32.355347
9452010,-61987,32.355347
9457010,-61957,31.311628
9462010,-61926,32.355347
9467010,-61895,32.355347
9472010,-61864,32.355347
9477010,-61833,32.355347
9482010,-61802,32.355347
9487010,-61772,31.311628
9492010,-61741,32.355347
9497010,-61710,32.355347
9502010,-61679,32.355347
9507010,-61648,32.355347
9512010,-61617,32.355347
9517010,-61586,32.355347
9522010,-61556,31.311628
9527010,-61525,32.355347
9532010,-61494,32.355347
9537010,-61463,32.355347
9542010,-61432,32.355347
9547010,-61401,32.355347
9552010,-61371,31.311628
9557010,-61340,32.355347
9562010,-61309,32.355347
9567010,-61278,32.355347
9572010,-61247,32.355347
9577010,-61217,31.311628
9582010,-61186,32.355347
9587010,-61155,32.355347
9592010,-61124,32.355347
9597010,-61093,32.355347
9602010,-61063,31.311628
9607010,-61032,32.355347
9612010,-61001,32.355347
9617010,-60970,32.355347
9622010,-60939,32.355347
9627010,-60908,32.355347
9632010,-60878,31.311628
9637010,-60847,32.355347
9642010,-60816,32.355347
9647010,-60785,32.355347
9652010,-60754,32.355347
9657010,-60723,32.355347
9662010,-60693,31.311628
9667010,-60662,32.355347
9672010,-60631,32.355347
9677010,-60600,32.355347
9682010,-60569,32.355347
9687010,-60538,32.355347
9692010,-60508,31.311628
9697010,-60477,32.355347
9702010,-60446,32.355347
9707010,-60415,32.355347
9712010,-60384,32.355347
9717010,-60354,31.311628
9722010,-60323,32.355347
9727010,-60292,32.355347
9732010,-60261,32.355347
9737010,-60230,32.355347
9742010,-60199,32.355347
9747010,-60169,31.311628
9752010,-60138,32.355347
9757010,-60107,32.355347
9762010,-60076,32.355347
9767010,-60045,32.355347
9772010,-60014,32.355347
9777010,-59984,31.311628
9782010,-59953,32.355347
9787010,-59922,32.355347
9792010,-59891,32.355347
9797010,-59860,32.355347
9802010,-59829,32.355347
9807010,-59799,31.311628
9812010,-59768,32.355347
9817010,-59737,32.355347
9822010,-59706,32.355347
9827010,-59675,32.355347
9832010,-59645,31.311628
9837010,-59614,32.355347
9842010,-59583,32.355347
9847010,-59552,32.355347
9852010,-59521,32.355347
9857010,-59490,32.355347
9862010,-59460,31.311628
9867010,-59429,32.355347
9872010,-59398,32.355347
9877010,-59367,32.355347
9882010,-59336,32.355347
9887010,-59306,31.311628
9892010,-59275,32.355347
9897010,-59244,32.355347
9902010,-59213,32.355347
9907010,-59182,32.355347
9912010,-59151,32.355347
9917010,-59121,31.311628
9922010,-59090,32.355347
9927010,-59059,32.355347
9932010,-59028,32.355347
9937010,-58997,32.355347
9942010,-58967,31.311628
9947010,-58936,32.355347
9952010,-58905,32.355347
9957010,-58874,32.355347
9962010,-58843,32.355347
9967010,-58812,32.355347
9972010,-58782,31.311628
9977010,-58751,32.355347
9982010,-58720,32.355347
9987010,-58689,32.355347
9992010,-58658,32.355347
9997010,-58628,31.311628
10002010,-58597,32.355347
10007010,-58566,32.355347
10012010,-58535,32.355347
10017010,-58504,32.355347
10022010,-58474,31.311628
10027010,-58443,32.355347
10032010,-58412,32.355347
10037010,-58381,32.355347
10042010,-58350,32.355347
10047010,-58320,31.311628
10052010,-58289,32.355347
10057010,-58258,32.355347
10062010,-58227,32.355347
10067010,-58197,31.311628
10072010,-58166,32.355347
10077010,-58135,32.355347
10082010,-58104,32.355347
10087010,-58073,32.355347
10092010,-58043,31.311628
10097010,-58012,32.355347
10102010,-57981,32.355347
10107010,-57950,32.355347
10112010,-57919,32.355347
10117010,-57889,31.311628
10122010,-57858,32.355347
10127010,-57827,32.355347
10132010,-57796,32.355347
10137010,-57765,32.355347
10142010,-57735,31.311628
10147010,-57704,32.355347
10152010,-57673,32.355347
10157010,-57642,32.355347
10162010,-57612,31.311628
10167010,-57581,32.355347
10172010,-57550,32.355347
10177010,-57519,32.355347
10182010,-57488,32.355347
10187010,-57457,32.355347
10192010,-57427,31.311628
10197010,-57396,32.355347
10202010,-57365,32.355347
10207010,-57334,32.355347
10212010,-57303,32.355347
10217010,-57273,31.311628
10222010,-57242,32.355347
10227010,-57211,32.355347
10232010,-57180,32.355347
10237010,-57149,32.355347
10242010,-57118,32.355347
10247010,-57088,31.311628
10252010,-57057,32.355347
10257010,-57026,32.355347
10262010,-56995,32.355347
10267010,-56964,32.355347
10272010,-56934,31.311628
10277010,-56903,32.355347
10282010,-56872,32.355347
10287010,-56841,32.355347
10292010,-56810,32.355347
10297010,-56779,32.355347
10302010,-56749,31.311628
10307010,-56718,32.355347
10312010,-56687,32.355347
