
Time_us,Position,Speed_rad_per_s
1312008,296811,0.000000
1317008,296813,2.087442
1322009,296820,7.304585
1327010,296829,9.391609
1332010,296842,13.568372
1337010,296856,14.612093
1342010,296873,17.743256
1347010,296891,18.786976
1352010,296911,20.874418
1357010,296932,21.918139
1362010,296954,22.961861
1367010,296977,24.005581
1372010,297001,25.049301
1377010,297025,25.049301
1382010,297051,27.136744
1387010,297076,26.093023
1392010,297103,28.180466
1397010,297129,27.136744
1402010,297156,28.180466
1407010,297183,28.180466
1412010,297211,29.224186
1417010,297239,29.224186
1422010,297267,29.224186
1427010,297295,29.224186
1432010,297324,30.267906
1437010,297352,29.224186
1442010,297381,30.267906
1447010,297410,30.267906
1452010,297439,30.267906
1457010,297468,30.267906
1462010,297497,30.267906
1467010,297526,30.267906
1472010,297555,30.267906
1477010,297584,30.267906
1482010,297614,31.311628
1487010,297643,30.267906
1492010,297673,31.311628
1497010,297702,30.267906
1502010,297732,31.311628
1507010,297762,31.311628
1512010,297791,30.267906
1517010,297821,31.311628
1522010,297851,31.311628
1527010,297880,30.267906
1532010,297910,31.311628
1537010,297940,31.311628
1542010,297970,31.311628
1547010,297999,30.267906
1552010,298029,31.311628
1557010,298059,31.311628
1562010,298089,31.311628
1567010,298118,30.267906
1572010,298148,31.311628
1577010,298178,31.311628
1582010,298207,30.267906
1587010,298237,31.311628
1592010,298267,31.311628
1597010,298297,31.311628
1602010,298326,30.267906
1607010,298356,31.311628
1612010,298386,31.311628
1617010,298416,31.311628
1622010,298445,30.267906
1627010,298475,31.311628
1632010,298505,31.311628
1637010,298535,31.311628
1642010,298564,30.267906
1647010,298594,31.311628
1652010,298624,31.311628
1657010,298654,31.311628
1662010,298683,30.267906
1667010,298713,31.311628
1672010,298743,31.311628
1677010,298773,31.311628
1682010,298802,30.267906
1687010,298832,31.311628
1692010,298862,31.311628
1697010,298892,31.311628
1702010,298921,30.267906
1707010,298951,31.311628
1712010,298981,31.311628
1717010,299010,30.267906
1722010,299040,31.311628
1727010,299070,31.311628
1732010,299099,30.267906
1737010,299129,31.311628
1742010,299159,31.311628
1747010,299188,30.267906
1752010,299218,31.311628
1757010,299248,31.311628
1762010,299278,31.311628
1767010,299307,30.267906
1772010,299337,31.311628
1777010,299367,31.311628
1782010,299397,31.311628
1787010,299427,31.311628
1792010,299456,30.267906
1797010,299486,31.311628
1802010,299516,31.311628
1807010,299546,31.311628
1812010,299575,30.267906
1817010,299605,31.311628
1822010,299635,31.311628
1827010,299665,31.311628
1832010,299694,30.267906
1837010,299724,31.311628
1842010,299754,31.311628
1847010,299784,31.311628
1852010,299813,30.267906
1857010,299843,31.311628
1862010,299873,31.311628
1867010,299903,31.311628
1872010,299933,31.311628
1877010,299962,30.267906
1882010,299992,31.311628
1887010,300022,31.311628
1892010,300052,31.311628
1897010,300082,31.311628
1902010,300111,30.267906
1907010,300141,31.311628
1912010,300171,31.311628
1917010,300201,31.311628
1922010,300231,31.311628
1927010,300261,31.311628
1932010,300290,30.267906
1937010,300320,31.311628
1942010,300350,31.311628
1947010,300380,31.311628
1952010,300410,31.311628
1957010,300440,31.311628
1962010,300469,30.267906
1967010,300499,31.311628
1972010,300529,31.311628
1977010,300559,31.311628
1982010,300589,31.311628
1987010,300619,31.311628
1992010,300648,30.267906
1997010,300678,31.311628
2002010,300708,31.311628
2007010,300738,31.311628
2012010,300768,31.311628
2017010,300797,30.267906
2022010,300827,31.311628
2027010,300857,31.311628
2032010,300887,31.311628
2037010,300917,31.311628
2042010,300946,30.267906
2047010,300976,31.311628
2052010,301006,31.311628
2057010,301036,31.311628
2062010,301066,31.311628
2067010,301096,31.311628
2072010,301126,31.311628
2077010,301156,31.311628
2082010,301185,30.267906
2087010,301215,31.311628
2092010,301245,31.311628
2097010,301275,31.311628
2102010,301305,31.311628
2107010,301335,31.311628
2112010,301365,31.311628
2117010,301395,31.311628
2122010,301425,31.311628
2127010,301455,31.311628
2132010,301485,31.311628
2137010,301515,31.311628
2142010,301545,31.311628
2147010,301575,31.311628
2152010,301604,30.267906
2157010,301634,31.311628
2162010,301664,31.311628
2167010,301694,31.311628
2172010,301724,31.311628
2177010,301754,31.311628
2182010,301784,31.311628
2187010,301814,31.311628
2192010,301844,31.311628
2197010,301873,30.267906
2202010,301903,31.311628
2207010,301933,31.311628
2212010,301963,31.311628
2217010,301993,31.311628
2222010,302023,31.311628
2227010,302053,31.311628
2232010,302082,30.267906
2237010,302112,31.311628
2242010,302142,31.311628
2247010,302172,31.311628
2252010,302201,30.267906
2257010,302231,31.311628
2262010,302261,31.311628
2267010,302291,31.311628
2272010,302321,31.311628
2277010,302350,30.267906
2282010,302380,31.311628
2287010,302410,31.311628
2292010,302440,31.311628
2297010,302470,31.311628
2302010,302500,31.311628
2307010,302530,31.311628
2312010,302559,30.267906
2317010,302589,31.311628
2322010,302619,31.311628
2327010,302649,31.311628
2332010,302679,31.311628
2337010,302709,31.311628
2342010,302739,31.311628
2347010,302769,31.311628
2352010,302799,31.311628
2357010,302828,30.267906
2362010,302858,31.311628
2367010,302888,31.311628
2372010,302918,31.311628
2377010,302948,31.311628
2382010,302978,31.311628
2387010,303007,30.267906
2392010,303037,31.311628
2397010,303067,31.311628
2402010,303097,31.311628
2407010,303127,31.311628
2412010,303157,31.311628
2417010,303186,30.267906
2422010,303216,31.311628
2427010,303246,31.311628
2432010,303276,31.311628
2437010,303306,31.311628
2442010,303335,30.267906
2447010,303365,31.311628
2452010,303395,31.311628
2457010,303425,31.311628
2462010,303455,31.311628
2467010,303484,30.267906
2472010,303514,31.311628
2477010,303544,31.311628
2482010,303574,31.311628
2487010,303604,31.311628
2492010,303633,30.267906
2497010,303663,31.311628
2502010,303693,31.311628
2507010,303723,31.311628
2512010,303753,31.311628
2517010,303783,31.311628
2522010,303813,31.311628
2527010,303843,31.311628
2532010,303873,31.311628
2537010,303903,31.311628
2542010,303932,30.267906
2547010,303962,31.311628
2552010,303992,31.311628
2557010,304022,31.311628
2562010,304052,31.311628
2567010,304082,31.311628
2572010,304112,31.311628
2577010,304142,31.311628
2582010,304172,31.311628
2587010,304201,30.267906
2592010,304231,31.311628
2597010,304261,31.311628
2602010,304291,31.311628
2607010,304321,31.311628
2612010,304351,31.311628
2617010,304381,31.311628
2622010,304410,30.267906
2627010,304440,31.311628
2632010,304470,31.311628
2637010,304500,31.311628
2642010,304529,30.267906
2647010,304559,31.311628
2652010,304589,31.311628
2657010,304619,31.311628
2662010,304648,30.267906
2667010,304678,31.311628
2672010,304708,31.311628
2677010,304738,31.311628
2682010,304768,31.311628
2687010,304797,30.267906
2692010,304827,31.311628
2697010,304857,31.311628
2702010,304887,31.311628
2707010,304917,31.311628
2712010,304947,31.311628
2717010,304977,31.311628
2722010,305007,31.311628
2727010,305036,30.267906
2732010,305066,31.311628
2737010,305096,31.311628
2742010,305126,31.311628
2747010,305156,31.311628
2752010,305186,31.311628
2757010,305216,31.311628
2762010,305245,30.267906
2767010,305275,31.311628
2772010,305305,31.311628
2777010,305335,31.311628
2782010,305365,31.311628
2787010,305395,31.311628
2792010,305424,30.267906
2797010,305454,31.311628
2802010,305484,31.311628
2807010,305514,31.311628
2812010,305543,30.267906
2817010,305573,31.311628
2822010,305603,31.311628
2827010,305633,31.311628
2832010,305663,31.311628
2837010,305692,30.267906
2842010,305722,31.311628
2847010,305752,31.311628
2852010,305782,31.311628
2857010,305812,31.311628
2862010,305842,31.311628
2867010,305872,31.311628
2872010,305901,30.267906
2877010,305931,31.311628
2882010,305961,31.311628
2887010,305991,31.311628
2892010,306021,31.311628
2897010,306051,31.311628
2902010,306081,31.311628
2907010,306111,31.311628
2912010,306141,31.311628
2917010,306171,31.311628
2922010,306201,31.311628
2927010,306231,31.311628
2932010,306261,31.311628
2937010,306291,31.311628
2942010,306320,30.267906
2947010,306350,31.311628
2952010,306380,31.311628
2957010,306410,31.311628
2962010,306440,31.311628
2967010,306470,31.311628
2972010,306500,31.311628
2977010,306530,31.311628
2982010,306560,31.311628
2987010,306590,31.311628
2992010,306620,31.311628
2997010,306649,30.267906
3002010,306679,31.311628
3007010,306709,31.311628
3012010,306739,31.311628
3017010,306769,31.311628
3022010,306799,31.311628
3027010,306829,31.311628
3032010,306858,30.267906
3037010,306888,31.311628
3042010,306918,31.311628
3047010,306948,31.311628
3052010,306977,30.267906
3057010,307007,31.311628
3062010,307037,31.311628
3067010,307067,31.311628
3072010,307097,31.311628
3077010,307126,30.267906
3082010,307156,31.311628
3087010,307186,31.311628
3092010,307216,31.311628
3097010,307246,31.311628
3102010,307276,31.311628
3107010,307305,30.267906
3112010,307335,31.311628
3117010,307365,31.311628
3122010,307395,31.311628
3127010,307425,31.311628
3132010,307455,31.311628
3137010,307485,31.311628
3142010,307515,31.311628
3147010,307545,31.311628
3152010,307575,31.311628
3157010,307605,31.311628
3162010,307635,31.311628
3167010,307664,30.267906
3172010,307694,31.311628
3177010,307724,31.311628
3182010,307754,31.311628
3187010,307784,31.311628
3192010,307814,31.311628
3197010,307844,31.311628
3202010,307874,31.311628
3207010,307904,31.311628
3212010,307934,31.311628
3217010,307963,30.267906
3222010,307993,31.311628
3227010,308023,31.311628
3232010,308053,31.311628
3237010,308083,31.311628
3242010,308113,31.311628
3247010,308143,31.311628
3252010,308172,30.267906
3257010,308202,31.311628
3262010,308232,31.311628
3267010,308262,31.311628
3272010,308291,30.267906
3277010,308321,31.311628
3282010,308351,31.311628
3287010,308381,31.311628
3292010,308411,31.311628
3297010,308440,30.267906
3302010,308470,31.311628
3307010,308500,31.311628
3312010,308530,31.311628
3317010,308560,31.311628
3322010,308590,31.311628
3327010,308619,30.267906
3332010,308649,31.311628
3337010,308679,31.311628
3342010,308709,31.311628
3347010,308739,31.311628
3352010,308769,31.311628
3357010,308799,31.311628
3362010,308829,31.311628
3367010,308859,31.311628
3372010,308888,30.267906
3377010,308918,31.311628
3382010,308948,31.311628
3387010,308978,31.311628
3392010,309008,31.311628
3397010,309038,31.311628
3402010,309068,31.311628
3407010,309098,31.311628
3412010,309128,31.311628
3417010,309158,31.311628
3422010,309187,30.267906
3427010,309217,31.311628
3432010,309247,31.311628
3437010,309277,31.311628
3442010,309307,31.311628
3447010,309337,31.311628
3452010,309367,31.311628
3457010,309396,30.267906
3462010,309426,31.311628
3467010,309456,31.311628
3472010,309486,31.311628
3477010,309515,30.267906
3482010,309545,31.311628
3487010,309575,31.311628
3492010,309605,31.311628
3497010,309634,30.267906
3502010,309664,31.311628
3507010,309694,31.311628
3512010,309724,31.311628
3517010,309754,31.311628
3522010,309783,30.267906
3527010,309813,31.311628
3532010,309843,31.311628
3537010,309873,31.311628
3542010,309903,31.311628
3547010,309933,31.311628
3552010,309963,31.311628
3557010,309992,30.267906
3562010,310022,31.311628
3567010,310052,31.311628
3572010,310082,31.311628
3577010,310112,31.311628
3582010,310142,31.311628
3587010,310171,30.267906
3592010,310201,31.311628
3597010,310231,31.311628
3602010,310261,31.311628
3607010,310291,31.311628
3612010,310321,31.311628
3617010,310350,30.267906
3622010,310380,31.311628
3627010,310410,31.311628
3632010,310440,31.311628
3637010,310470,31.311628
3642010,310499,30.267906
3647010,310529,31.311628
3652010,310559,31.311628
3657010,310589,31.311628
3662010,310619,31.311628
3667010,310649,31.311628
3672010,310678,30.267906
3677010,310708,31.311628
3682010,310738,31.311628
3687010,310768,31.311628
3692010,310798,31.311628
3697010,310828,31.311628
3702010,310858,31.311628
3707010,310887,30.267906
3712010,310917,31.311628
3717010,310947,31.311628
3722010,310977,31.311628
3727010,311007,31.311628
3732010,311037,31.311628
3737010,311067,31.311628
3742010,311097,31.311628
3747010,311127,31.311628
3752010,311156,30.267906
3757010,311186,31.311628
3762010,311216,31.311628
3767010,311246,31.311628
3772010,311276,31.311628
3777010,311306,31.311628
3782010,311336,31.311628
3787010,311366,31.311628
3792010,311395,30.267906
3797010,311425,31.311628
3802010,311455,31.311628
3807010,311485,31.311628
3812010,311515,31.311628
3817010,311545,31.311628
3822010,311574,30.267906
3827010,311604,31.311628
3832010,311634,31.311628
3837010,311664,31.311628
3842010,311694,31.311628
3847010,311723,30.267906
3852010,311753,31.311628
3857010,311783,31.311628
3862010,311813,31.311628
3867010,311843,31.311628
3872010,311872,30.267906
3877010,311902,31.311628
3882010,311932,31.311628
3887010,311962,31.311628
3892010,311991,30.267906
3897010,312021,31.311628
3902010,312051,31.311628
3907010,312081,31.311628
3912010,312111,31.311628
3917010,312141,31.311628
3922010,312171,31.311628
3927010,312200,30.267906
3932010,312230,31.311628
3937010,312260,31.311628
3942010,312290,31.311628
3947010,312320,31.311628
3952010,312350,31.311628
3957010,312380,31.311628
3962010,312409,30.267906
3967010,312439,31.311628
3972010,312469,31.311628
3977010,312499,31.311628
3982010,312529,31.311628
3987010,312559,31.311628
3992010,312588,30.267906
3997010,312618,31.311628
4002010,312648,31.311628
4007010,312678,31.311628
4012010,312707,30.267906
4017010,312737,31.311628
4022010,312767,31.311628
4027010,312797,31.311628
4032010,312827,31.311628
4037010,312856,30.267906
4042010,312886,31.311628
4047010,312916,31.311628
4052010,312946,31.311628
4057010,312976,31.311628
4062010,313005,30.267906
4067010,313035,31.311628
4072010,313065,31.311628
4077010,313095,31.311628
4082010,313125,31.311628
4087010,313155,31.311628
4092010,313185,31.311628
4097010,313215,31.311628
4102010,313245,31.311628
4107010,313274,30.267906
4112010,313304,31.311628
4117010,313334,31.311628
4122010,313364,31.311628
4127010,313394,31.311628
4132010,313424,31.311628
4137010,313454,31.311628
4142010,313484,31.311628
4147010,313513,30.267906
4152010,313543,31.311628
4157010,313573,31.311628
4162010,313603,31.311628
4167010,313633,31.311628
4172010,313663,31.311628
4177010,313692,30.267906
4182010,313722,31.311628
4187010,313752,31.311628
4192010,313782,31.311628
4197010,313812,31.311628
4202010,313841,30.267906
4207010,313871,31.311628
4212010,313901,31.311628
4217010,313931,31.311628
4222010,313961,31.311628
4227010,313991,31.311628
4232010,314020,30.267906
4237010,314050,31.311628
4242010,314080,31.311628
4247010,314110,31.311628
4252010,314140,31.311628
4257010,314170,31.311628
4262010,314200,31.311628
4267010,314229,30.267906
4272010,314259,31.311628
4277010,314289,31.311628
4282010,314319,31.311628
4287010,314349,31.311628
4292010,314379,31.311628
4297010,314409,31.311628
4302010,314438,30.267906
4307010,314468,31.311628
4312010,314498,31.311628
4317010,314528,31.311628
4322010,314558,31.311628
4327010,314588,31.311628
4332010,314617,30.267906
4337010,314647,31.311628
4342010,314677,31.311628
4347010,314707,31.311628
4352010,314737,31.311628
4357010,314766,30.267906
4362010,314796,31.311628
4367010,314826,31.311628
4372010,314856,31.311628
4377010,314885,30.267906
4382010,314915,31.311628
4387010,314945,31.311628
4392010,314974,30.267906
4397010,315004,31.311628
4402010,315034,31.311628
4407010,315064,31.311628
4412010,315093,30.267906
4417010,315123,31.311628
4422010,315153,31.311628
4427010,315183,31.311628
4432010,315212,30.267906
4437010,315242,31.311628
4442010,315272,31.311628
4447010,315302,31.311628
4452010,315331,30.267906
4457010,315361,31.311628
4462010,315391,31.311628
4467010,315421,31.311628
4472010,315450,30.267906
4477010,315480,31.311628
4482010,315510,31.311628
4487010,315540,31.311628
4492010,315570,31.311628
4497010,315599,30.267906
4502010,315629,31.311628
4507010,315659,31.311628
4512010,315689,31.311628
4517010,315719,31.311628
4522010,315749,31.311628
4527010,315779,31.311628
4532010,315808,30.267906
4537010,315838,31.311628
4542010,315868,31.311628
4547010,315898,31.311628
4552010,315928,31.311628
4557010,315958,31.311628
4562010,315988,31.311628
4567010,316018,31.311628
4572010,316048,31.311628
4577010,316078,31.311628
4582010,316108,31.311628
4587010,316138,31.311628
4592010,316167,30.267906
4597010,316197,31.311628
4602010,316227,31.311628
4607010,316257,31.311628
4612010,316287,31.311628
4617010,316317,31.311628
4622010,316347,31.311628
4627010,316377,31.311628
4632010,316407,31.311628
4637010,316437,31.311628
4642010,316467,31.311628
4647010,316497,31.311628
4652010,316527,31.311628
4657010,316557,31.311628
4662010,316587,31.311628
4667010,316617,31.311628
4672010,316647,31.311628
4677010,316677,31.311628
4682010,316707,31.311628
4687010,316736,30.267906
4692010,316766,31.311628
4697010,316796,31.311628
4702010,316826,31.311628
4707010,316856,31.311628
4712010,316886,31.311628
4717010,316916,31.311628
4722010,316946,31.311628
4727010,316976,31.311628
4732010,317006,31.311628
4737010,317036,31.311628
4742010,317065,30.267906
4747010,317095,31.311628
4752010,317125,31.311628
4757010,317155,31.311628
4762010,317185,31.311628
4767010,317215,31.311628
4772010,317245,31.311628
4777010,317274,30.267906
4782010,317304,31.311628
4787010,317334,31.311628
4792010,317364,31.311628
4797010,317394,31.311628
4802010,317424,31.311628
4807010,317453,30.267906
4812010,317483,31.311628
4817010,317513,31.311628
4822010,317543,31.311628
4827010,317573,31.311628
4832010,317603,31.311628
4837010,317633,31.311628
4842010,317663,31.311628
4847010,317693,31.311628
4852010,317722,30.267906
4857010,317752,31.311628
4862010,317782,31.311628
4867010,317812,31.311628
4872010,317842,31.311628
4877010,317872,31.311628
4882010,317902,31.311628
4887010,317932,31.311628
4892010,317962,31.311628
4897010,317992,31.311628
4902010,318022,31.311628
4907010,318052,31.311628
4912010,318082,31.311628
4917010,318112,31.311628
4922010,318142,31.311628
4927010,318172,31.311628
4932010,318202,31.311628
4937010,318232,31.311628
4942010,318262,31.311628
4947010,318292,31.311628
4952010,318322,31.311628
4957010,318352,31.311628
4962010,318382,31.311628
4967010,318412,31.311628
4972010,318442,31.311628
4977010,318472,31.311628
4982010,318502,31.311628
4987010,318532,31.311628
4992010,318562,31.311628
4997010,318592,31.311628
5002010,318622,31.311628
5007010,318652,31.311628
5012010,318682,31.311628
5017010,318712,31.311628
5022010,318742,31.311628
5027010,318772,31.311628
5032010,318802,31.311628
5037010,318832,31.311628
5042010,318862,31.311628
5047010,318892,31.311628
5052010,318922,31.311628
5057010,318952,31.311628
5062010,318982,31.311628
5067010,319012,31.311628
5072010,319042,31.311628
5077010,319072,31.311628
5082010,319102,31.311628
5087010,319132,31.311628
5092010,319162,31.311628
5097010,319192,31.311628
5102010,319222,31.311628
5107010,319252,31.311628
5112010,319282,31.311628
5117010,319312,31.311628
5122010,319342,31.311628
5127010,319372,31.311628
5132010,319402,31.311628
5137010,319433,32.355347
5142010,319463,31.311628
5147010,319493,31.311628
5152010,319523,31.311628
5157010,319553,31.311628
5162010,319583,31.311628
5167010,319613,31.311628
5172010,319643,31.311628
5177010,319673,31.311628
5182010,319703,31.311628
5187010,319733,31.311628
5192010,319763,31.311628
5197010,319792,30.267906
5202010,319822,31.311628
5207010,319852,31.311628
5212010,319882,31.311628
5217010,319912,31.311628
5222010,319942,31.311628
5227010,319972,31.311628
5232010,320002,31.311628
5237010,320032,31.311628
5242010,320062,31.311628
5247010,320092,31.311628
5252010,320122,31.311628
5257010,320152,31.311628
5262010,320182,31.311628
5267010,320212,31.311628
5272010,320242,31.311628
5277010,320272,31.311628
5282010,320302,31.311628
5287010,320332,31.311628
5292010,320362,31.311628
5297010,320392,31.311628
5302010,320422,31.311628
5307010,320452,31.311628
5312010,320482,31.311628
5317010,320512,31.311628
5322010,320542,31.311628
5327010,320572,31.311628
5332010,320602,31.311628
5337010,320632,31.311628
5342010,320662,31.311628
5347010,320692,31.311628
5352010,320722,31.311628
5357010,320752,31.311628
5362010,320782,31.311628
5367010,320812,31.311628
5372010,320842,31.311628
5377010,320872,31.311628
5382010,320902,31.311628
5387010,320932,31.311628
5392010,320962,31.311628
5397010,320992,31.311628
5402010,321022,31.311628
5407010,321052,31.311628
5412010,321082,31.311628
5417010,321112,31.311628
5422010,321142,31.311628
5427010,321172,31.311628
5432010,321202,31.311628
5437010,321232,31.311628
5442010,321262,31.311628
5447010,321292,31.311628
5452010,321322,31.311628
5457010,321352,31.311628
5462010,321382,31.311628
5467010,321412,31.311628
5472010,321442,31.311628
5477010,321472,31.311628
5482010,321502,31.311628
5487010,321532,31.311628
5492010,321562,31.311628
5497010,321592,31.311628
5502010,321622,31.311628
5507010,321652,31.311628
5512010,321682,31.311628
5517010,321712,31.311628
5522010,321742,31.311628
5527010,321772,31.311628
5532010,321802,31.311628
5537010,321832,31.311628
5542010,321862,31.311628
5547010,321892,31.311628
5552010,321922,31.311628
5557010,321952,31.311628
5562010,321983,32.355347
5567010,322013,31.311628
5572010,322043,31.311628
5577010,322073,31.311628
5582010,322103,31.311628
5587010,322133,31.311628
5592010,322163,31.311628
5597010,322193,31.311628
5602010,322222,30.267906
5607010,322252,31.311628
5612010,322282,31.311628
5617010,322312,31.311628
5622010,322342,31.311628
5627010,322372,31.311628
5632010,322402,31.311628
5637010,322432,31.311628
5642010,322462,31.311628
5647010,322492,31.311628
5652010,322522,31.311628
5657010,322552,31.311628
5662010,322582,31.311628
5667010,322612,31.311628
5672010,322642,31.311628
5677010,322672,31.311628
5682010,322702,31.311628
5687010,322732,31.311628
5692010,322762,31.311628
5697010,322792,31.311628
5702010,322822,31.311628
5707010,322852,31.311628
5712010,322882,31.311628
5717010,322912,31.311628
5722010,322942,31.311628
5727010,322972,31.311628
5732010,323002,31.311628
5737010,323032,31.311628
5742010,323062,31.311628
5747010,323092,31.311628
5752010,323122,31.311628
5757010,323152,31.311628
5762010,323182,31.311628
5767010,323212,31.311628
5772010,323242,31.311628
5777010,323272,31.311628
5782010,323302,31.311628
5787010,323332,31.311628
5792010,323362,31.311628
5797010,323392,31.311628
5802010,323423,32.355347
5807010,323453,31.311628
5812010,323483,31.311628
5817010,323513,31.311628
5822010,323543,31.311628
5827010,323573,31.311628
5832010,323603,31.311628
5837010,323633,31.311628
5842010,323663,31.311628
5847010,323693,31.311628
5852010,323723,31.311628
5857010,323753,31.311628
5862010,323783,31.311628
5867010,323813,31.311628
5872010,323843,31.311628
5877010,323873,31.311628
5882010,323903,31.311628
5887010,323933,31.311628
5892010,323963,31.311628
5897010,323993,31.311628
5902010,324023,31.311628
5907010,324053,31.311628
5912010,324083,31.311628
5917010,324113,31.311628
5922010,324143,31.311628
5927010,324173,31.311628
5932010,324202,30.267906
5937010,324232,31.311628
5942010,324262,31.311628
5947010,324293,32.355347
5952010,324323,31.311628
5957010,324353,31.311628
5962010,324383,31.311628
5967010,324413,31.311628
5972010,324443,31.311628
5977010,324473,31.311628
5982010,324503,31.311628
5987010,324533,31.311628
5992010,324563,31.311628
5997010,324593,31.311628
6002010,324623,31.311628
6007010,324653,31.311628
6012010,324683,31.311628
6017010,324713,31.311628
6022010,324743,31.311628
6027010,324773,31.311628
6032010,324803,31.311628
6037010,324833,31.311628
6042010,324863,31.311628
6047010,324893,31.311628
6052010,324923,31.311628
6057010,324953,31.311628
6062010,324983,31.311628
6067010,325013,31.311628
6072010,325043,31.311628
6077010,325073,31.311628
6082010,325103,31.311628
6087010,325133,31.311628
6092010,325163,31.311628
6097010,325193,31.311628
6102010,325223,31.311628
6107010,325253,31.311628
6112010,325283,31.311628
6117010,325313,31.311628
6122010,325343,31.311628
6127010,325373,31.311628
6132010,325403,31.311628
6137010,325433,31.311628
6142010,325463,31.311628
6147010,325493,31.311628
6152010,325523,31.311628
6157010,325553,31.311628
6162010,325583,31.311628
6167010,325613,31.311628
6172010,325643,31.311628
6177010,325673,31.311628
6182010,325703,31.311628
6187010,325733,31.311628
6192010,325763,31.311628
6197010,325793,31.311628
6202010,325823,31.311628
6207010,325853,31.311628
6212010,325883,31.311628
6217010,325913,31.311628
6222010,325943,31.311628
6227010,325973,31.311628
6232010,326003,31.311628
6237010,326033,31.311628
6242010,326063,31.311628
6247010,326093,31.311628
6252010,326123,31.311628
6257010,326153,31.311628
6262010,326183,31.311628
6267010,326213,31.311628
6272010,326243,31.311628
6277010,326273,31.311628
6282010,326303,31.311628
6287010,326333,31.311628
6292010,326363,31.311628
6297010,326393,31.311628
6302010,326423,31.311628
6307010,326453,31.311628
6312010,326483,31.311628
6317010,326513,31.311628
6322010,326543,31.311628
6327010,326573,31.311628
6332010,326603,31.311628
6337010,326633,31.311628
6342010,326663,31.311628
6347010,326693,31.311628
6352010,326723,31.311628
6357010,326753,31.311628
6362010,326783,31.311628
6367010,326813,31.311628
6372010,326843,31.311628
6377010,326873,31.311628
6382010,326903,31.311628
6387010,326933,31.311628
6392010,326963,31.311628
6397010,326993,31.311628
6402010,327023,31.311628
6407010,327053,31.311628
6412010,327083,31.311628
6417010,327113,31.311628
6422010,327143,31.311628
6427010,327173,31.311628
6432010,327203,31.311628
6437010,327233,31.311628
6442010,327263,31.311628
6447010,327293,31.311628
6452010,327323,31.311628
6457010,327353,31.311628
6462010,327383,31.311628
6467010,327413,31.311628
6472010,327443,31.311628
6477010,327473,31.311628
6482010,327503,31.311628
6487010,327533,31.311628
6492010,327563,31.311628
6497010,327593,31.311628
6502010,327623,31.311628
6507010,327653,31.311628
6512010,327683,31.311628
6517010,327713,31.311628
6522010,327743,31.311628
6527010,327773,31.311628
6532010,327803,31.311628
6537010,327833,31.311628
6542010,327863,31.311628
6547010,327893,31.311628
6552010,327923,31.311628
6557010,327953,31.311628
6562010,327983,31.311628
6567010,328013,31.311628
6572010,328043,31.311628
6577010,328073,31.311628
6582010,328103,31.311628
6587010,328133,31.311628
6592010,328163,31.311628
6597010,328193,31.311628
6602010,328223,31.311628
6607010,328253,31.311628
6612010,328283,31.311628
6617010,328313,31.311628
6622010,328343,31.311628
6627010,328373,31.311628
6632010,328403,31.311628
6637010,328433,31.311628
6642010,328463,31.311628
6647010,328493,31.311628
6652010,328523,31.311628
6657010,328553,31.311628
6662010,328583,31.311628
6667010,328613,31.311628
6672010,328643,31.311628
6677010,328673,31.311628
6682010,328703,31.311628
6687010,328733,31.311628
6692010,328763,31.311628
6697010,328793,31.311628
6702010,328823,31.311628
6707010,328853,31.311628
6712010,328883,31.311628
6717010,328913,31.311628
6722010,328943,31.311628
6727010,328973,31.311628
6732010,329003,31.311628
6737010,329033,31.311628
6742010,329063,31.311628
6747010,329093,31.311628
6752010,329122,30.267906
6757010,329152,31.311628
6762010,329182,31.311628
6767010,329212,31.311628
6772010,329242,31.311628
6777010,329272,31.311628
6782010,329302,31.311628
6787010,329332,31.311628
6792010,329362,31.311628
6797010,329392,31.311628
6802010,329422,31.311628
6807010,329452,31.311628
6812010,329482,31.311628
6817010,329512,31.311628
6822010,329542,31.311628
6827010,329572,31.311628
6832010,329602,31.311628
6837010,329632,31.311628
6842010,329662,31.311628
6847010,329692,31.311628
6852010,329722,31.311628
6857010,329752,31.311628
6862010,329782,31.311628
6867010,329812,31.311628
6872010,329842,31.311628
6877010,329872,31.311628
6882010,329902,31.311628
6887010,329932,31.311628
6892010,329962,31.311628
6897010,329992,31.311628
6902010,330022,31.311628
6907010,330052,31.311628
6912010,330082,31.311628
6917010,330112,31.311628
6922010,330142,31.311628
6927010,330172,31.311628
6932010,330202,31.311628
6937010,330232,31.311628
6942010,330262,31.311628
6947010,330292,31.311628
6952010,330322,31.311628
6957010,330352,31.311628
6962010,330382,31.311628
6967010,330412,31.311628
6972010,330442,31.311628
6977010,330473,32.355347
6982010,330503,31.311628
6987010,330533,31.311628
6992010,330563,31.311628
6997010,330593,31.311628
7002010,330623,31.311628
7007010,330653,31.311628
7012010,330683,31.311628
7017010,330713,31.311628
7022010,330743,31.311628
7027010,330773,31.311628
7032010,330803,31.311628
7037010,330833,31.311628
7042010,330863,31.311628
7047010,330893,31.311628
7052010,330923,31.311628
7057010,330953,31.311628
7062010,330983,31.311628
7067010,331013,31.311628
7072010,331043,31.311628
7077010,331073,31.311628
7082010,331103,31.311628
7087010,331133,31.311628
7092010,331163,31.311628
7097010,331193,31.311628
7102010,331223,31.311628
7107010,331253,31.311628
7112010,331282,30.267906
7117010,331312,31.311628
7122010,331342,31.311628
7127010,331372,31.311628
7132010,331402,31.311628
7137010,331432,31.311628
7142010,331462,31.311628
7147010,331492,31.311628
7152010,331522,31.311628
7157010,331552,31.311628
7162010,331582,31.311628
7167010,331612,31.311628
7172010,331642,31.311628
7177010,331672,31.311628
7182010,331702,31.311628
7187010,331732,31.311628
7192010,331762,31.311628
7197010,331792,31.311628
7202010,331822,31.311628
7207010,331852,31.311628
7212010,331882,31.311628
7217010,331912,31.311628
7222010,331942,31.311628
7227010,331972,31.311628
7232010,332002,31.311628
7237010,332033,32.355347
7242010,332063,31.311628
7247010,332093,31.311628
7252010,332123,31.311628
7257010,332153,31.311628
7262010,332183,31.311628
7267010,332213,31.311628
7272010,332243,31.311628
7277010,332273,31.311628
7282010,332303,31.311628
7287010,332333,31.311628
7292010,332363,31.311628
7297010,332393,31.311628
7302010,332423,31.311628
7307010,332453,31.311628
7312010,332483,31.311628
7317010,332513,31.311628
7322010,332543,31.311628
7327010,332573,31.311628
7332010,332603,31.311628
7337010,332633,31.311628
7342010,332663,31.311628
7347010,332693,31.311628
7352010,332723,31.311628
7357010,332753,31.311628
7362010,332783,31.311628
7367010,332813,31.311628
7372010,332843,31.311628
7377010,332873,31.311628
7382010,332903,31.311628
7387010,332933,31.311628
7392010,332963,31.311628
7397010,332993,31.311628
7402010,333023,31.311628
7407010,333053,31.311628
7412010,333083,31.311628
7417010,333113,31.311628
7422010,333143,31.311628
7427010,333173,31.311628
7432010,333203,31.311628
7437010,333233,31.311628
7442010,333263,31.311628
7447010,333293,31.311628
7452010,333323,31.311628
7457010,333353,31.311628
7462010,333383,31.311628
7467010,333413,31.311628
7472010,333443,31.311628
7477010,333473,31.311628
7482010,333503,31.311628
7487010,333533,31.311628
7492010,333563,31.311628
7497010,333593,31.311628
7502010,333623,31.311628
7507010,333653,31.311628
7512010,333683,31.311628
7517010,333713,31.311628
7522010,333743,31.311628
7527010,333773,31.311628
7532010,333803,31.311628
7537010,333833,31.311628
7542010,333863,31.311628
7547010,333893,31.311628
7552010,333923,31.311628
7557010,333953,31.311628
7562010,333983,31.311628
7567010,334013,31.311628
7572010,334043,31.311628
7577010,334073,31.311628
7582010,334103,31.311628
7587010,334133,31.311628
7592010,334163,31.311628
7597010,334193,31.311628
7602010,334223,31.311628
7607010,334253,31.311628
7612010,334283,31.311628
7617010,334313,31.311628
7622010,334343,31.311628
7627010,334373,31.311628
7632010,334403,31.311628
7637010,334433,31.311628
7642010,334463,31.311628
7647010,334493,31.311628
7652010,334523,31.311628
7657010,334553,31.311628
7662010,334583,31.311628
7667010,334613,31.311628
7672010,334643,31.311628
7677010,334673,31.311628
7682010,334703,31.311628
7687010,334733,31.311628
7692010,334763,31.311628
7697010,334793,31.311628
7702010,334823,31.311628
7707010,334853,31.311628
7712010,334883,31.311628
7717010,334913,31.311628
7722010,334943,31.311628
7727010,334973,31.311628
7732010,335003,31.311628
7737010,335033,31.311628
7742010,335063,31.311628
7747010,335093,31.311628
7752010,335123,31.311628
7757010,335153,31.311628
7762010,335183,31.311628
7767010,335213,31.311628
7772010,335243,31.311628
7777010,335273,31.311628
7782010,335303,31.311628
7787010,335333,31.311628
7792010,335363,31.311628
7797010,335393,31.311628
7802010,335423,31.311628
7807010,335453,31.311628
7812010,335483,31.311628
7817010,335513,31.311628
7822010,335543,31.311628
7827010,335573,31.311628
7832010,335603,31.311628
7837010,335633,31.311628
7842010,335663,31.311628
7847010,335693,31.311628
7852010,335723,31.311628
7857010,335753,31.311628
7862010,335783,31.311628
7867010,335813,31.311628
7872010,335843,31.311628
7877010,335873,31.311628
7882010,335903,31.311628
7887010,335933,31.311628
7892010,335963,31.311628
7897010,335993,31.311628
7902010,336023,31.311628
7907010,336053,31.311628
7912010,336083,31.311628
7917010,336113,31.311628
7922010,336143,31.311628
7927010,336173,31.311628
7932010,336203,31.311628
7937010,336233,31.311628
7942010,336263,31.311628
7947010,336293,31.311628
7952010,336323,31.311628
7957010,336353,31.311628
7962010,336383,31.311628
7967010,336413,31.311628
7972010,336443,31.311628
7977010,336473,31.311628
7982010,336503,31.311628
7987010,336533,31.311628
7992010,336563,31.311628
7997010,336593,31.311628
8002010,336623,31.311628
8007010,336653,31.311628
8012010,336683,31.311628
8017010,336713,31.311628
8022010,336743,31.311628
8027010,336773,31.311628
8032010,336803,31.311628
8037010,336833,31.311628
8042010,336863,31.311628
8047010,336893,31.311628
8052010,336923,31.311628
8057010,336953,31.311628
8062010,336983,31.311628
8067010,337013,31.311628
8072010,337043,31.311628
8077010,337073,31.311628
8082010,337103,31.311628
8087010,337133,31.311628
8092010,337163,31.311628
8097010,337193,31.311628
8102010,337223,31.311628
8107010,337253,31.311628
8112010,337283,31.311628
8117010,337313,31.311628
8122010,337343,31.311628
8127010,337373,31.311628
8132010,337403,31.311628
8137010,337433,31.311628
8142010,337463,31.311628
8147010,337493,31.311628
8152010,337523,31.311628
8157010,337553,31.311628
8162010,337583,31.311628
8167010,337613,31.311628
8172010,337643,31.311628
8177010,337673,31.311628
8182010,337703,31.311628
8187010,337733,31.311628
8192010,337763,31.311628
8197010,337793,31.311628
8202010,337823,31.311628
8207010,337853,31.311628
8212010,337883,31.311628
8217010,337913,31.311628
8222010,337944,32.355347
8227010,337974,31.311628
8232010,338004,31.311628
8237010,338034,31.311628
8242010,338064,31.311628
8247010,338094,31.311628
8252010,338124,31.311628
8257010,338154,31.311628
8262010,338184,31.311628
8267010,338214,31.311628
8272010,338244,31.311628
8277010,338274,31.311628
8282010,338305,32.355347
8287010,338335,31.311628
8292010,338365,31.311628
8297010,338395,31.311628
8302010,338425,31.311628
8307010,338455,31.311628
8312010,338485,31.311628
8317010,338515,31.311628
8322010,338545,31.311628
8327010,338575,31.311628
8332010,338605,31.311628
8337010,338635,31.311628
8342010,338665,31.311628
8347010,338695,31.311628
8352010,338725,31.311628
8357010,338755,31.311628
8362010,338785,31.311628
8367010,338815,31.311628
8372010,338845,31.311628
8377010,338875,31.311628
8382010,338905,31.311628
8387010,338934,30.267906
8392010,338965,32.355347
8397010,338994,30.267906
8402010,339024,31.311628
8407010,339054,31.311628
8412010,339084,31.311628
8417010,339114,31.311628
8422010,339145,32.355347
8427010,339174,30.267906
8432010,339205,32.355347
8437010,339234,30.267906
8442010,339265,32.355347
8447010,339294,30.267906
8452010,339324,31.311628
8457010,339354,31.311628
8462010,339384,31.311628
8467010,339414,31.311628
8472010,339444,31.311628
8477010,339474,31.311628
8482010,339504,31.311628
8487010,339534,31.311628
8492010,339564,31.311628
8497010,339594,31.311628
8502010,339624,31.311628
8507010,339654,31.311628
8512010,339684,31.311628
8517010,339714,31.311628
8522010,339744,31.311628
8527010,339774,31.311628
8532010,339804,31.311628
8537010,339834,31.311628
8542010,339864,31.311628
8547010,339894,31.311628
8552010,339925,32.355347
8557010,339954,30.267906
8562010,339985,32.355347
8567010,340014,30.267906
8572010,340045,32.355347
8577010,340075,31.311628
8582010,340105,31.311628
8587010,340135,31.311628
8592010,340165,31.311628
8597010,340195,31.311628
8602010,340225,31.311628
8607010,340255,31.311628
8612010,340285,31.311628
8617010,340315,31.311628
8622010,340345,31.311628
8627010,340375,31.311628
8632010,340405,31.311628
8637010,340435,31.311628
8642010,340465,31.311628
8647010,340495,31.311628
8652010,340525,31.311628
8657010,340555,31.311628
8662010,340585,31.311628
8667010,340615,31.311628
8672010,340645,31.311628
8677010,340675,31.311628
8682010,340705,31.311628
8687010,340735,31.311628
8692010,340765,31.311628
8697010,340795,31.311628
8702010,340825,31.311628
8707010,340855,31.311628
8712010,340885,31.311628
8717010,340915,31.311628
8722010,340945,31.311628
8727010,340975,31.311628
8732010,341005,31.311628
8737010,341035,31.311628
8742010,341065,31.311628
8747010,341095,31.311628
8752010,341125,31.311628
8757010,341155,31.311628
8762010,341185,31.311628
8767010,341215,31.311628
8772010,341245,31.311628
8777010,341275,31.311628
8782010,341305,31.311628
8787010,341335,31.311628
8792010,341365,31.311628
8797010,341395,31.311628
8802010,341425,31.311628
8807010,341455,31.311628
8812010,341485,31.311628
8817010,341515,31.311628
8822010,341545,31.311628
8827010,341575,31.311628
8832010,341605,31.311628
8837010,341635,31.311628
8842010,341665,31.311628
8847010,341695,31.311628
8852010,341725,31.311628
8857010,341755,31.311628
8862010,341785,31.311628
8867010,341815,31.311628
8872010,341845,31.311628
8877010,341875,31.311628
8882010,341905,31.311628
8887010,341935,31.311628
8892010,341965,31.311628
8897010,341995,31.311628
8902010,342025,31.311628
8907010,342055,31.311628
8912010,342085,31.311628
8917010,342115,31.311628
8922010,342145,31.311628
8927010,342175,31.311628
8932010,342205,31.311628
8937010,342235,31.311628
8942010,342265,31.311628
8947010,342295,31.311628
8952010,342325,31.311628
8957010,342355,31.311628
8962010,342385,31.311628
8967010,342415,31.311628
8972010,342445,31.311628
8977010,342474,30.267906
8982010,342505,32.355347
8987010,342534,30.267906
8992010,342564,31.311628
8997010,342594,31.311628
9002010,342624,31.311628
9007010,342654,31.311628
9012010,342685,32.355347
9017010,342715,31.311628
9022010,342745,31.311628
9027010,342775,31.311628
9032010,342805,31.311628
9037010,342835,31.311628
9042010,342865,31.311628
9047010,342895,31.311628
9052010,342925,31.311628
9057010,342955,31.311628
9062010,342985,31.311628
9067010,343015,31.311628
9072010,343045,31.311628
9077010,343075,31.311628
9082010,343105,31.311628
9087010,343135,31.311628
9092010,343165,31.311628
9097010,343195,31.311628
9102010,343225,31.311628
9107010,343255,31.311628
9112010,343285,31.311628
9117010,343315,31.311628
9122010,343345,31.311628
9127010,343375,31.311628
9132010,343405,31.311628
9137010,343435,31.311628
9142010,343465,31.311628
9147010,343495,31.311628
9152010,343525,31.311628
9157010,343555,31.311628
9162010,343585,31.311628
9167010,343615,31.311628
9172010,343645,31.311628
9177010,343675,31.311628
9182010,343705,31.311628
9187010,343735,31.311628
9192010,343765,31.311628
9197010,343795,31.311628
9202010,343825,31.311628
9207010,343855,31.311628
9212010,343885,31.311628
9217010,343915,31.311628
9222010,343945,31.311628
9227010,343975,31.311628
9232010,344005,31.311628
9237010,344035,31.311628
9242010,344065,31.311628
9247010,344095,31.311628
9252010,344125,31.311628
9257010,344155,31.311628
9262010,344185,31.311628
9267010,344215,31.311628
9272010,344245,31.311628
9277010,344275,31.311628
9282010,344305,31.311628
9287010,344335,31.311628
9292010,344365,31.311628
9297010,344395,31.311628
9302010,344425,31.311628
9307010,344455,31.311628
9312010,344485,31.311628
9317010,344515,31.311628
9322010,344545,31.311628
9327010,344575,31.311628
9332010,344605,31.311628
9337010,344635,31.311628
9342010,344665,31.311628
9347010,344695,31.311628
9352010,344725,31.311628
9357010,344755,31.311628
9362010,344785,31.311628
9367010,344815,31.311628
9372010,344845,31.311628
9377010,344875,31.311628
9382010,344905,31.311628
9387010,344935,31.311628
9392010,344965,31.311628
9397010,344995,31.311628
9402010,345025,31.311628
9407010,345055,31.311628
9412010,345085,31.311628
9417010,345115,31.311628
9422010,345145,31.311628
9427010,345175,31.311628
9432010,345205,31.311628
9437010,345235,31.311628
9442010,345265,31.311628
9447010,345295,31.311628
9452010,345325,31.311628
9457010,345355,31.311628
9462010,345385,31.311628
9467010,345415,31.311628
9472010,345445,31.311628
9477010,345475,31.311628
9482010,345505,31.311628
9487010,345535,31.311628
9492010,345565,31.311628
9497010,345595,31.311628
9502010,345625,31.311628
9507010,345655,31.311628
9512010,345685,31.311628
9517010,345715,31.311628
9522010,345745,31.311628
9527010,345774,30.267906
9532010,345805,32.355347
9537010,345834,30.267906
9542010,345864,31.311628
9547010,345894,31.311628
9552010,345925,32.355347
9557010,345955,31.311628
9562010,345985,31.311628
9567010,346015,31.311628
9572010,346045,31.311628
9577010,346075,31.311628
9582010,346105,31.311628
9587010,346135,31.311628
9592010,346165,31.311628
9597010,346195,31.311628
9602010,346225,31.311628
9607010,346255,31.311628
9612010,346285,31.311628
9617010,346315,31.311628
9622010,346345,31.311628
9627010,346375,31.311628
9632010,346405,31.311628
9637010,346435,31.311628
9642010,346465,31.311628
9647010,346495,31.311628
9652010,346525,31.311628
9657010,346555,31.311628
9662010,346585,31.311628
9667010,346615,31.311628
9672010,346645,31.311628
9677010,346675,31.311628
9682010,346705,31.311628
9687010,346735,31.311628
9692010,346765,31.311628
9697010,346795,31.311628
9702010,346825,31.311628
9707010,346855,31.311628
9712010,346885,31.311628
9717010,346915,31.311628
9722010,346945,31.311628
9727010,346975,31.311628
9732010,347005,31.311628
9737010,347035,31.311628
9742010,347065,31.311628
9747010,347095,31.311628
9752010,347125,31.311628
9757010,347155,31.311628
9762010,347185,31.311628
9767010,347215,31.311628
9772010,347245,31.311628
9777010,347275,31.311628
9782010,347305,31.311628
9787010,347335,31.311628
9792010,347365,31.311628
9797010,347395,31.311628
9802010,347425,31.311628
9807010,347455,31.311628
9812010,347485,31.311628
9817010,347515,31.311628
9822010,347545,31.311628
9827010,347575,31.311628
9832010,347605,31.311628
9837010,347635,31.311628
9842010,347665,31.311628
9847010,347695,31.311628
9852010,347725,31.311628
9857010,347755,31.311628
9862010,347785,31.311628
9867010,347815,31.311628
9872010,347845,31.311628
9877010,347874,30.267906
9882010,347905,32.355347
9887010,347934,30.267906
9892010,347964,31.311628
9897010,347994,31.311628
9902010,348025,32.355347
9907010,348055,31.311628
9912010,348085,31.311628
9917010,348115,31.311628
9922010,348145,31.311628
9927010,348175,31.311628
9932010,348205,31.311628
9937010,348235,31.311628
9942010,348265,31.311628
9947010,348295,31.311628
9952010,348325,31.311628
9957010,348355,31.311628
9962010,348385,31.311628
9967010,348415,31.311628
9972010,348445,31.311628
9977010,348475,31.311628
9982010,348505,31.311628
9987010,348535,31.311628
9992010,348565,31.311628
9997010,348595,31.311628
10002010,348625,31.311628
10007010,348655,31.311628
10012010,348685,31.311628
10017010,348715,31.311628
10022010,348745,31.311628
10027010,348775,31.311628
10032010,348805,31.311628
10037010,348835,31.311628
10042010,348865,31.311628
10047010,348895,31.311628
10052010,348925,31.311628
10057010,348954,30.267906
10062010,348984,31.311628
10067010,349014,31.311628
10072010,349044,31.311628
10077010,349074,31.311628
10082010,349104,31.311628
10087010,349134,31.311628
10092010,349165,32.355347
10097010,349194,30.267906
10102010,349225,32.355347
10107010,349255,31.311628
10112010,349285,31.311628
10117010,349315,31.311628
10122010,349345,31.311628
10127010,349375,31.311628
10132010,349405,31.311628
10137010,349435,31.311628
10142010,349465,31.311628
10147010,349495,31.311628
10152010,349525,31.311628
10157010,349555,31.311628
10162010,349585,31.311628
10167010,349615,31.311628
10172010,349645,31.311628
10177010,349675,31.311628
10182010,349705,31.311628
10187010,349735,31.311628
10192010,349765,31.311628
10197010,349795,31.311628
10202010,349825,31.311628
10207010,349855,31.311628
10212010,349885,31.311628
10217010,349915,31.311628
10222010,349945,31.311628
10227010,349975,31.311628
10232010,350005,31.311628
10237010,350035,31.311628
10242010,350065,31.311628
10247010,350095,31.311628
10252010,350125,31.311628
10257010,350155,31.311628
10262010,350185,31.311628
10267010,350215,31.311628
10272010,350245,31.311628
10277010,350275,31.311628
10282010,350305,31.311628
10287010,350335,31.311628
10292010,350365,31.311628
10297010,350395,31.311628
10302010,350425,31.311628
10307010,350455,31.311628
10312010,350485,31.311628
