Time_us,Position,Speed_rad_per_s
1312008,-192772,0.000000
1317008,-192770,2.087442
1322009,-192762,8.348098
1327010,-192751,11.478634
1332010,-192736,15.655814
1337010,-192719,17.743256
1342010,-192699,20.874418
1347010,-192678,21.918139
1352010,-192655,24.005581
1357010,-192631,25.049301
1362010,-192606,26.093023
1367010,-192580,27.136744
1372010,-192553,28.180466
1377010,-192525,29.224186
1382010,-192497,29.224186
1387010,-192469,29.224186
1392010,-192440,30.267906
1397010,-192410,31.311628
1402010,-192381,30.267906
1407010,-192351,31.311628
1412010,-192321,31.311628
1417010,-192291,31.311628
1422010,-192260,32.355347
1427010,-192229,32.355347
1432010,-192198,32.355347
1437010,-192168,31.311628
1442010,-192136,33.399071
1447010,-192105,32.355347
1452010,-192074,32.355347
1457010,-192042,33.399071
1462010,-192011,32.355347
1467010,-191979,33.399071
1472010,-191948,32.355347
1477010,-191916,33.399071
1482010,-191885,32.355347
1487010,-191853,33.399071
1492010,-191821,33.399071
1497010,-191789,33.399071
1502010,-191758,32.355347
1507010,-191726,33.399071
1512010,-191694,33.399071
1517010,-191662,33.399071
1522010,-191631,32.355347
1527010,-191599,33.399071
1532010,-191567,33.399071
1537010,-191535,33.399071
1542010,-191503,33.399071
1547010,-191472,32.355347
1552010,-191440,33.399071
1557010,-191408,33.399071
1562010,-191376,33.399071
1567010,-191344,33.399071
1572010,-191313,32.355347
1577010,-191281,33.399071
1582010,-191249,33.399071
1587010,-191217,33.399071
1592010,-191185,33.399071
1597010,-191154,32.355347
1602010,-191122,33.399071
1607010,-191090,33.399071
1612010,-191058,33.399071
1617010,-191026,33.399071
1622010,-190995,32.355347
1627010,-190963,33.399071
1632010,-190931,33.399071
1637010,-190899,33.399071
1642010,-190867,33.399071
1647010,-190835,33.399071
1652010,-190804,32.355347
1657010,-190772,33.399071
1662010,-190740,33.399071
1667010,-190708,33.399071
1672010,-190676,33.399071
1677010,-190645,32.355347
1682010,-190613,33.399071
1687010,-190581,33.399071
1692010,-190549,33.399071
1697010,-190517,33.399071
1702010,-190486,32.355347
1707010,-190454,33.399071
1712010,-190422,33.399071
1717010,-190390,33.399071
1722010,-190358,33.399071
1727010,-190327,32.355347
1732010,-190295,33.399071
1737010,-190263,33.399071
1742010,-190231,33.399071
1747010,-190199,33.399071
1752010,-190168,32.355347
1757010,-190136,33.399071
1762010,-190104,33.399071
1767010,-190072,33.399071
1772010,-190040,33.399071
1777010,-190009,32.355347
1782010,-189977,33.399071
1787010,-189945,33.399071
1792010,-189913,33.399071
1797010,-189881,33.399071
1802010,-189850,32.355347
1807010,-189818,33.399071
1812010,-189786,33.399071
1817010,-189754,33.399071
1822010,-189722,33.399071
1827010,-189691,32.355347
1832010,-189659,33.399071
1837010,-189627,33.399071
1842010,-189595,33.399071
1847010,-189563,33.399071
1852010,-189532,32.355347
1857010,-189500,33.399071
1862010,-189468,33.399071
1867010,-189436,33.399071
1872010,-189404,33.399071
1877010,-189373,32.355347
1882010,-189341,33.399071
1887010,-189309,33.399071
1892010,-189277,33.399071
1897010,-189245,33.399071
1902010,-189213,33.399071
1907010,-189182,32.355347
1912010,-189150,33.399071
1917010,-189118,33.399071
1922010,-189086,33.399071
1927010,-189054,33.399071
1932010,-189023,32.355347
1937010,-188991,33.399071
1942010,-188959,33.399071
1947010,-188927,33.399071
1952010,-188895,33.399071
1957010,-188864,32.355347
1962010,-188832,33.399071
1967010,-188800,33.399071
1972010,-188768,33.399071
1977010,-188737,32.355347
1982010,-188705,33.399071
1987010,-188673,33.399071
1992010,-188641,33.399071
1997010,-188609,33.399071
2002010,-188577,33.399071
2007010,-188546,32.355347
2012010,-188514,33.399071
2017010,-188482,33.399071
2022010,-188450,33.399071
2027010,-188418,33.399071
2032010,-188387,32.355347
2037010,-188355,33.399071
2042010,-188323,33.399071
2047010,-188291,33.399071
2052010,-188259,33.399071
2057010,-188228,32.355347
2062010,-188196,33.399071
2067010,-188164,33.399071
2072010,-188132,33.399071
2077010,-188100,33.399071
2082010,-188068,33.399071
2087010,-188037,32.355347
2092010,-188005,33.399071
2097010,-187973,33.399071
2102010,-187941,33.399071
2107010,-187909,33.399071
2112010,-187878,32.355347
2117010,-187846,33.399071
2122010,-187814,33.399071
2127010,-187782,33.399071
2132010,-187750,33.399071
2137010,-187718,33.399071
2142010,-187687,32.355347
2147010,-187655,33.399071
2152010,-187623,33.399071
2157010,-187591,33.399071
2162010,-187559,33.399071
2167010,-187528,32.355347
2172010,-187496,33.399071
2177010,-187464,33.399071
2182010,-187432,33.399071
2187010,-187400,33.399071
2192010,-187368,33.399071
2197010,-187337,32.355347
2202010,-187305,33.399071
2207010,-187273,33.399071
2212010,-187241,33.399071
2217010,-187209,33.399071
2222010,-187178,32.355347
2227010,-187146,33.399071
2232010,-187114,33.399071
2237010,-187082,33.399071
2242010,-187051,32.355347
2247010,-187019,33.399071
2252010,-186987,33.399071
2257010,-186955,33.399071
2262010,-186923,33.399071
2267010,-186892,32.355347
2272010,-186860,33.399071
2277010,-186828,33.399071
2282010,-186796,33.399071
2287010,-186764,33.399071
2292010,-186733,32.355347
2297010,-186701,33.399071
2302010,-186669,33.399071
2307010,-186637,33.399071
2312010,-186605,33.399071
2317010,-186574,32.355347
2322010,-186542,33.399071
2327010,-186510,33.399071
2332010,-186478,33.399071
2337010,-186446,33.399071
2342010,-186415,32.355347
2347010,-186383,33.399071
2352010,-186351,33.399071
2357010,-186319,33.399071
2362010,-186287,33.399071
2367010,-186255,33.399071
2372010,-186224,32.355347
2377010,-186192,33.399071
2382010,-186160,33.399071
2387010,-186128,33.399071
2392010,-186096,33.399071
2397010,-186065,32.355347
2402010,-186033,33.399071
2407010,-186001,33.399071
2412010,-185969,33.399071
2417010,-185937,33.399071
2422010,-185906,32.355347
2427010,-185874,33.399071
2432010,-185842,33.399071
2437010,-185810,33.399071
2442010,-185778,33.399071
2447010,-185747,32.355347
2452010,-185715,33.399071
2457010,-185683,33.399071
2462010,-185651,33.399071
2467010,-185619,33.399071
2472010,-185588,32.355347
2477010,-185556,33.399071
2482010,-185524,33.399071
2487010,-185492,33.399071
2492010,-185460,33.399071
2497010,-185428,33.399071
2502010,-185397,32.355347
2507010,-185365,33.399071
2512010,-185333,33.399071
2517010,-185301,33.399071
2522010,-185269,33.399071
2527010,-185238,32.355347
2532010,-185206,33.399071
2537010,-185174,33.399071
2542010,-185142,33.399071
2547010,-185110,33.399071
2552010,-185078,33.399071
2557010,-185047,32.355347
2562010,-185015,33.399071
2567010,-184983,33.399071
2572010,-184951,33.399071
2577010,-184920,32.355347
2582010,-184888,33.399071
2587010,-184856,33.399071
2592010,-184824,33.399071
2597010,-184792,33.399071
2602010,-184761,32.355347
2607010,-184729,33.399071
2612010,-184697,33.399071
2617010,-184665,33.399071
2622010,-184634,32.355347
2627010,-184602,33.399071
2632010,-184570,33.399071
2637010,-184538,33.399071
2642010,-184507,32.355347
2647010,-184475,33.399071
2652010,-184443,33.399071
2657010,-184411,33.399071
2662010,-184380,32.355347
2667010,-184348,33.399071
2672010,-184316,33.399071
2677010,-184284,33.399071
2682010,-184253,32.355347
2687010,-184221,33.399071
2692010,-184189,33.399071
2697010,-184157,33.399071
2702010,-184126,32.355347
2707010,-184094,33.399071
2712010,-184062,33.399071
2717010,-184030,33.399071
2722010,-183999,32.355347
2727010,-183967,33.399071
2732010,-183935,33.399071
2737010,-183903,33.399071
2742010,-183872,32.355347
2747010,-183840,33.399071
2752010,-183808,33.399071
2757010,-183776,33.399071
2762010,-183745,32.355347
2767010,-183713,33.399071
2772010,-183681,33.399071
2777010,-183649,33.399071
2782010,-183618,32.355347
2787010,-183586,33.399071
2792010,-183554,33.399071
2797010,-183522,33.399071
2802010,-183491,32.355347
2807010,-183459,33.399071
2812010,-183427,33.399071
2817010,-183395,33.399071
2822010,-183364,32.355347
2827010,-183332,33.399071
2832010,-183300,33.399071
2837010,-183268,33.399071
2842010,-183237,32.355347
2847010,-183205,33.399071
2852010,-183173,33.399071
2857010,-183142,32.355347
2862010,-183110,33.399071
2867010,-183078,33.399071
2872010,-183046,33.399071
2877010,-183015,32.355347
2882010,-182983,33.399071
2887010,-182951,33.399071
2892010,-182919,33.399071
2897010,-182888,32.355347
2902010,-182856,33.399071
2907010,-182824,33.399071
2912010,-182792,33.399071
2917010,-182761,32.355347
2922010,-182729,33.399071
2927010,-182697,33.399071
2932010,-182665,33.399071
2937010,-182634,32.355347
2942010,-182602,33.399071
2947010,-182570,33.399071
2952010,-182538,33.399071
2957010,-182506,33.399071
2962010,-182475,32.355347
2967010,-182443,33.399071
2972010,-182411,33.399071
2977010,-182379,33.399071
2982010,-182348,32.355347
2987010,-182316,33.399071
2992010,-182284,33.399071
2997010,-182253,32.355347
3002010,-182221,33.399071
3007010,-182189,33.399071
3012010,-182157,33.399071
3017010,-182125,33.399071
3022010,-182094,32.355347
3027010,-182062,33.399071
3032010,-182030,33.399071
3037010,-181998,33.399071
3042010,-181967,32.355347
3047010,-181935,33.399071
3052010,-181903,33.399071
3057010,-181872,32.355347
3062010,-181840,33.399071
3067010,-181808,33.399071
3072010,-181776,33.399071
3077010,-181744,33.399071
3082010,-181713,32.355347
3087010,-181681,33.399071
3092010,-181649,33.399071
3097010,-181618,32.355347
3102010,-181586,33.399071
3107010,-181554,33.399071
3112010,-181522,33.399071
3117010,-181490,33.399071
3122010,-181459,32.355347
3127010,-181427,33.399071
3132010,-181395,33.399071
3137010,-181363,33.399071
3142010,-181332,32.355347
3147010,-181300,33.399071
3152010,-181268,33.399071
3157010,-181236,33.399071
3162010,-181205,32.355347
3167010,-181173,33.399071
3172010,-181141,33.399071
3177010,-181109,33.399071
3182010,-181078,32.355347
3187010,-181046,33.399071
3192010,-181014,33.399071
3197010,-180982,33.399071
3202010,-180951,32.355347
3207010,-180919,33.399071
3212010,-180887,33.399071
3217010,-180855,33.399071
3222010,-180823,33.399071
3227010,-180792,32.355347
3232010,-180760,33.399071
3237010,-180728,33.399071
3242010,-180696,33.399071
3247010,-180664,33.399071
3252010,-180633,32.355347
3257010,-180601,33.399071
3262010,-180569,33.399071
3267010,-180537,33.399071
3272010,-180506,32.355347
3277010,-180474,33.399071
3282010,-180442,33.399071
3287010,-180410,33.399071
3292010,-180379,32.355347
3297010,-180347,33.399071
3302010,-180315,33.399071
3307010,-180283,33.399071
3312010,-180252,32.355347
3317010,-180220,33.399071
3322010,-180188,33.399071
3327010,-180156,33.399071
3332010,-180125,32.355347
3337010,-180093,33.399071
3342010,-180061,33.399071
3347010,-180029,33.399071
3352010,-179997,33.399071
3357010,-179966,32.355347
3362010,-179934,33.399071
3367010,-179902,33.399071
3372010,-179871,32.355347
3377010,-179839,33.399071
3382010,-179807,33.399071
3387010,-179775,33.399071
3392010,-179744,32.355347
3397010,-179712,33.399071
3402010,-179680,33.399071
3407010,-179648,33.399071
3412010,-179617,32.355347
3417010,-179585,33.399071
3422010,-179553,33.399071
3427010,-179521,33.399071
3432010,-179490,32.355347
3437010,-179458,33.399071
3442010,-179426,33.399071
3447010,-179394,33.399071
3452010,-179363,32.355347
3457010,-179331,33.399071
3462010,-179299,33.399071
3467010,-179267,33.399071
3472010,-179236,32.355347
3477010,-179204,33.399071
3482010,-179172,33.399071
3487010,-179140,33.399071
3492010,-179109,32.355347
3497010,-179077,33.399071
3502010,-179045,33.399071
3507010,-179013,33.399071
3512010,-178982,32.355347
3517010,-178950,33.399071
3522010,-178918,33.399071
3527010,-178886,33.399071
3532010,-178855,32.355347
3537010,-178823,33.399071
3542010,-178791,33.399071
3547010,-178759,33.399071
3552010,-178728,32.355347
3557010,-178696,33.399071
3562010,-178664,33.399071
3567010,-178632,33.399071
3572010,-178601,32.355347
3577010,-178569,33.399071
3582010,-178537,33.399071
3587010,-178505,33.399071
3592010,-178473,33.399071
3597010,-178442,32.355347
3602010,-178410,33.399071
3607010,-178378,33.399071
3612010,-178346,33.399071
3617010,-178315,32.355347
3622010,-178283,33.399071
3627010,-178251,33.399071
3632010,-178219,33.399071
3637010,-178188,32.355347
3642010,-178156,33.399071
3647010,-178124,33.399071
3652010,-178092,33.399071
3657010,-178061,32.355347
3662010,-178029,33.399071
3667010,-177997,33.399071
3672010,-177966,32.355347
3677010,-177934,33.399071
3682010,-177902,33.399071
3687010,-177870,33.399071
3692010,-177839,32.355347
3697010,-177807,33.399071
3702010,-177775,33.399071
3707010,-177743,33.399071
3712010,-177712,32.355347
3717010,-177680,33.399071
3722010,-177648,33.399071
3727010,-177617,32.355347
3732010,-177585,33.399071
3737010,-177553,33.399071
3742010,-177521,33.399071
3747010,-177490,32.355347
3752010,-177458,33.399071
3757010,-177426,33.399071
3762010,-177395,32.355347
3767010,-177363,33.399071
3772010,-177331,33.399071
3777010,-177299,33.399071
3782010,-177268,32.355347
3787010,-177236,33.399071
3792010,-177204,33.399071
3797010,-177172,33.399071
3802010,-177141,32.355347
3807010,-177109,33.399071
3812010,-177077,33.399071
3817010,-177045,33.399071
3822010,-177014,32.355347
3827010,-176982,33.399071
3832010,-176950,33.399071
3837010,-176918,33.399071
3842010,-176887,32.355347
3847010,-176855,33.399071
3852010,-176823,33.399071
3857010,-176791,33.399071
3862010,-176760,32.355347
3867010,-176728,33.399071
3872010,-176696,33.399071
3877010,-176664,33.399071
3882010,-176633,32.355347
3887010,-176601,33.399071
3892010,-176569,33.399071
3897010,-176537,33.399071
3902010,-176505,33.399071
3907010,-176474,32.355347
3912010,-176442,33.399071
3917010,-176410,33.399071
3922010,-176378,33.399071
3927010,-176346,33.399071
3932010,-176315,32.355347
3937010,-176283,33.399071
3942010,-176251,33.399071
3947010,-176219,33.399071
3952010,-176188,32.355347
3957010,-176156,33.399071
3962010,-176124,33.399071
3967010,-176092,33.399071
3972010,-176060,33.399071
3977010,-176029,32.355347
3982010,-175997,33.399071
3987010,-175965,33.399071
3992010,-175933,33.399071
3997010,-175901,33.399071
4002010,-175870,32.355347
4007010,-175838,33.399071
4012010,-175806,33.399071
4017010,-175774,33.399071
4022010,-175742,33.399071
4027010,-175711,32.355347
4032010,-175679,33.399071
4037010,-175647,33.399071
4042010,-175615,33.399071
4047010,-175583,33.399071
4052010,-175552,32.355347
4057010,-175520,33.399071
4062010,-175488,33.399071
4067010,-175456,33.399071
4072010,-175425,32.355347
4077010,-175393,33.399071
4082010,-175361,33.399071
4087010,-175329,33.399071
4092010,-175298,32.355347
4097010,-175266,33.399071
4102010,-175234,33.399071
4107010,-175202,33.399071
4112010,-175170,33.399071
4117010,-175139,32.355347
4122010,-175107,33.399071
4127010,-175075,33.399071
4132010,-175044,32.355347
4137010,-175012,33.399071
4142010,-174980,33.399071
4147010,-174948,33.399071
4152010,-174917,32.355347
4157010,-174885,33.399071
4162010,-174853,33.399071
4167010,-174821,33.399071
4172010,-174790,32.355347
4177010,-174758,33.399071
4182010,-174726,33.399071
4187010,-174694,33.399071
4192010,-174663,32.355347
4197010,-174631,33.399071
4202010,-174599,33.399071
4207010,-174567,33.399071
4212010,-174535,33.399071
4217010,-174504,32.355347
4222010,-174472,33.399071
4227010,-174440,33.399071
4232010,-174408,33.399071
4237010,-174377,32.355347
4242010,-174345,33.399071
4247010,-174313,33.399071
4252010,-174281,33.399071
4257010,-174249,33.399071
4262010,-174218,32.355347
4267010,-174186,33.399071
4272010,-174154,33.399071
4277010,-174122,33.399071
4282010,-174091,32.355347
4287010,-174059,33.399071
4292010,-174027,33.399071
4297010,-173995,33.399071
4302010,-173964,32.355347
4307010,-173932,33.399071
4312010,-173900,33.399071
4317010,-173868,33.399071
4322010,-173837,32.355347
4327010,-173805,33.399071
4332010,-173773,33.399071
4337010,-173741,33.399071
4342010,-173710,32.355347
4347010,-173678,33.399071
4352010,-173646,33.399071
4357010,-173614,33.399071
4362010,-173583,32.355347
4367010,-173551,33.399071
4372010,-173519,33.399071
4377010,-173487,33.399071
4382010,-173455,33.399071
4387010,-173424,32.355347
4392010,-173392,33.399071
4397010,-173360,33.399071
4402010,-173329,32.355347
4407010,-173297,33.399071
4412010,-173265,33.399071
4417010,-173233,33.399071
4422010,-173202,32.355347
4427010,-173170,33.399071
4432010,-173138,33.399071
4437010,-173107,32.355347
4442010,-173075,33.399071
4447010,-173043,33.399071
4452010,-173011,33.399071
4457010,-172980,32.355347
4462010,-172948,33.399071
4467010,-172916,33.399071
4472010,-172884,33.399071
4477010,-172853,32.355347
4482010,-172821,33.399071
4487010,-172789,33.399071
4492010,-172757,33.399071
4497010,-172725,33.399071
4502010,-172694,32.355347
4507010,-172662,33.399071
4512010,-172630,33.399071
4517010,-172598,33.399071
4522010,-172567,32.355347
4527010,-172535,33.399071
4532010,-172503,33.399071
4537010,-172471,33.399071
4542010,-172440,32.355347
4547010,-172408,33.399071
4552010,-172376,33.399071
4557010,-172344,33.399071
4562010,-172313,32.355347
4567010,-172281,33.399071
4572010,-172249,33.399071
4577010,-172217,33.399071
4582010,-172185,33.399071
4587010,-172154,32.355347
4592010,-172122,33.399071
4597010,-172090,33.399071
4602010,-172058,33.399071
4607010,-172027,32.355347
4612010,-171995,33.399071
4617010,-171963,33.399071
4622010,-171931,33.399071
4627010,-171899,33.399071
4632010,-171868,32.355347
4637010,-171836,33.399071
4642010,-171804,33.399071
4647010,-171772,33.399071
4652010,-171741,32.355347
4657010,-171709,33.399071
4662010,-171677,33.399071
4667010,-171645,33.399071
4672010,-171614,32.355347
4677010,-171582,33.399071
4682010,-171550,33.399071
4687010,-171518,33.399071
4692010,-171487,32.355347
4697010,-171455,33.399071
4702010,-171423,33.399071
4707010,-171391,33.399071
4712010,-171359,33.399071
4717010,-171328,32.355347
4722010,-171296,33.399071
4727010,-171264,33.399071
4732010,-171232,33.399071
4737010,-171201,32.355347
4742010,-171169,33.399071
4747010,-171137,33.399071
4752010,-171105,33.399071
4757010,-171074,32.355347
4762010,-171042,33.399071
4767010,-171010,33.399071
4772010,-170978,33.399071
4777010,-170946,33.399071
4782010,-170915,32.355347
4787010,-170883,33.399071
4792010,-170851,33.399071
4797010,-170819,33.399071
4802010,-170788,32.355347
4807010,-170756,33.399071
4812010,-170724,33.399071
4817010,-170692,33.399071
4822010,-170660,33.399071
4827010,-170629,32.355347
4832010,-170597,33.399071
4837010,-170565,33.399071
4842010,-170533,33.399071
4847010,-170502,32.355347
4852010,-170470,33.399071
4857010,-170438,33.399071
4862010,-170406,33.399071
4867010,-170374,33.399071
4872010,-170343,32.355347
4877010,-170311,33.399071
4882010,-170279,33.399071
4887010,-170247,33.399071
4892010,-170215,33.399071
4897010,-170184,32.355347
4902010,-170152,33.399071
4907010,-170120,33.399071
4912010,-170088,33.399071
4917010,-170057,32.355347
4922010,-170025,33.399071
4927010,-169993,33.399071
4932010,-169961,33.399071
4937010,-169930,32.355347
4942010,-169898,33.399071
4947010,-169866,33.399071
4952010,-169834,33.399071
4957010,-169802,33.399071
4962010,-169771,32.355347
4967010,-169739,33.399071
4972010,-169707,33.399071
4977010,-169675,33.399071
4982010,-169644,32.355347
4987010,-169612,33.399071
4992010,-169580,33.399071
4997010,-169548,33.399071
5002010,-169517,32.355347
5007010,-169485,33.399071
5012010,-169453,33.399071
5017010,-169421,33.399071
5022010,-169389,33.399071
5027010,-169358,32.355347
5032010,-169326,33.399071
5037010,-169294,33.399071
5042010,-169262,33.399071
5047010,-169231,32.355347
5052010,-169199,33.399071
5057010,-169167,33.399071
5062010,-169135,33.399071
5067010,-169104,32.355347
5072010,-169072,33.399071
5077010,-169040,33.399071
5082010,-169008,33.399071
5087010,-168977,32.355347
5092010,-168945,33.399071
5097010,-168913,33.399071
5102010,-168881,33.399071
5107010,-168849,33.399071
5112010,-168818,32.355347
5117010,-168786,33.399071
5122010,-168754,33.399071
5127010,-168722,33.399071
5132010,-168691,32.355347
5137010,-168659,33.399071
5142010,-168627,33.399071
5147010,-168595,33.399071
5152010,-168563,33.399071
5157010,-168532,32.355347
5162010,-168500,33.399071
5167010,-168468,33.399071
5172010,-168436,33.399071
5177010,-168405,32.355347
5182010,-168373,33.399071
5187010,-168341,33.399071
5192010,-168309,33.399071
5197010,-168277,33.399071
5202010,-168246,32.355347
5207010,-168214,33.399071
5212010,-168182,33.399071
5217010,-168150,33.399071
5222010,-168118,33.399071
5227010,-168087,32.355347
5232010,-168055,33.399071
5237010,-168023,33.399071
5242010,-167991,33.399071
5247010,-167960,32.355347
5252010,-167928,33.399071
5257010,-167896,33.399071
5262010,-167864,33.399071
5267010,-167832,33.399071
5272010,-167801,32.355347
5277010,-167769,33.399071
5282010,-167737,33.399071
5287010,-167705,33.399071
5292010,-167674,32.355347
5297010,-167642,33.399071
5302010,-167610,33.399071
5307010,-167578,33.399071
5312010,-167547,32.355347
5317010,-167515,33.399071
5322010,-167483,33.399071
5327010,-167451,33.399071
5332010,-167419,33.399071
5337010,-167388,32.355347
5342010,-167356,33.399071
5347010,-167324,33.399071
5352010,-167292,33.399071
5357010,-167261,32.355347
5362010,-167229,33.399071
5367010,-167197,33.399071
5372010,-167166,32.355347
5377010,-167134,33.399071
5382010,-167102,33.399071
5387010,-167070,33.399071
5392010,-167039,32.355347
5397010,-167007,33.399071
5402010,-166975,33.399071
5407010,-166944,32.355347
5412010,-166912,33.399071
5417010,-166880,33.399071
5422010,-166848,33.399071
5427010,-166817,32.355347
5432010,-166785,33.399071
5437010,-166753,33.399071
5442010,-166721,33.399071
5447010,-166690,32.355347
5452010,-166658,33.399071
5457010,-166626,33.399071
5462010,-166594,33.399071
5467010,-166563,32.355347
5472010,-166531,33.399071
5477010,-166499,33.399071
5482010,-166467,33.399071
5487010,-166436,32.355347
5492010,-166404,33.399071
5497010,-166372,33.399071
5502010,-166340,33.399071
5507010,-166308,33.399071
5512010,-166277,32.355347
5517010,-166245,33.399071
5522010,-166213,33.399071
5527010,-166181,33.399071
5532010,-166150,32.355347
5537010,-166118,33.399071
5542010,-166086,33.399071
5547010,-166054,33.399071
5552010,-166023,32.355347
5557010,-165991,33.399071
5562010,-165959,33.399071
5567010,-165928,32.355347
5572010,-165896,33.399071
5577010,-165864,33.399071
5582010,-165832,33.399071
5587010,-165801,32.355347
5592010,-165769,33.399071
5597010,-165737,33.399071
5602010,-165705,33.399071
5607010,-165674,32.355347
5612010,-165642,33.399071
5617010,-165610,33.399071
5622010,-165578,33.399071
5627010,-165547,32.355347
5632010,-165515,33.399071
5637010,-165483,33.399071
5642010,-165451,33.399071
5647010,-165420,32.355347
5652010,-165388,33.399071
5657010,-165356,33.399071
5662010,-165325,32.355347
5667010,-165293,33.399071
5672010,-165261,33.399071
5677010,-165229,33.399071
5682010,-165198,32.355347
5687010,-165166,33.399071
5692010,-165134,33.399071
5697010,-165102,33.399071
5702010,-165071,32.355347
5707010,-165039,33.399071
5712010,-165007,33.399071
5717010,-164976,32.355347
5722010,-164944,33.399071
5727010,-164912,33.399071
5732010,-164880,33.399071
5737010,-164849,32.355347
5742010,-164817,33.399071
5747010,-164785,33.399071
5752010,-164754,32.355347
5757010,-164722,33.399071
5762010,-164690,33.399071
5767010,-164658,33.399071
5772010,-164627,32.355347
5777010,-164595,33.399071
5782010,-164563,33.399071
5787010,-164532,32.355347
5792010,-164500,33.399071
5797010,-164468,33.399071
5802010,-164437,32.355347
5807010,-164405,33.399071
5812010,-164373,33.399071
5817010,-164342,32.355347
5822010,-164310,33.399071
5827010,-164278,33.399071
5832010,-164247,32.355347
5837010,-164215,33.399071
5842010,-164183,33.399071
5847010,-164151,33.399071
5852010,-164120,32.355347
5857010,-164088,33.399071
5862010,-164056,33.399071
5867010,-164025,32.355347
5872010,-163993,33.399071
5877010,-163961,33.399071
5882010,-163929,33.399071
5887010,-163898,32.355347
5892010,-163866,33.399071
5897010,-163834,33.399071
5902010,-163803,32.355347
5907010,-163771,33.399071
5912010,-163739,33.399071
5917010,-163707,33.399071
5922010,-163675,33.399071
5927010,-163644,32.355347
5932010,-163612,33.399071
5937010,-163580,33.399071
5942010,-163549,32.355347
5947010,-163517,33.399071
5952010,-163485,33.399071
5957010,-163453,33.399071
5962010,-163422,32.355347
5967010,-163390,33.399071
5972010,-163358,33.399071
5977010,-163327,32.355347
5982010,-163295,33.399071
5987010,-163263,33.399071
5992010,-163231,33.399071
5997010,-163200,32.355347
6002010,-163168,33.399071
6007010,-163136,33.399071
6012010,-163105,32.355347
6017010,-163073,33.399071
6022010,-163041,33.399071
6027010,-163009,33.399071
6032010,-162978,32.355347
6037010,-162946,33.399071
6042010,-162914,33.399071
6047010,-162883,32.355347
6052010,-162851,33.399071
6057010,-162819,33.399071
6062010,-162788,32.355347
6067010,-162756,33.399071
6072010,-162724,33.399071
6077010,-162693,32.355347
6082010,-162661,33.399071
6087010,-162629,33.399071
6092010,-162598,32.355347
6097010,-162566,33.399071
6102010,-162534,33.399071
6107010,-162503,32.355347
6112010,-162471,33.399071
6117010,-162439,33.399071
6122010,-162408,32.355347
6127010,-162376,33.399071
6132010,-162345,32.355347
6137010,-162313,33.399071
6142010,-162281,33.399071
6147010,-162250,32.355347
6152010,-162218,33.399071
6157010,-162186,33.399071
6162010,-162155,32.355347
6167010,-162123,33.399071
6172010,-162091,33.399071
6177010,-162060,32.355347
6182010,-162028,33.399071
6187010,-161996,33.399071
6192010,-161965,32.355347
6197010,-161933,33.399071
6202010,-161901,33.399071
6207010,-161870,32.355347
6212010,-161838,33.399071
6217010,-161806,33.399071
6222010,-161775,32.355347
6227010,-161743,33.399071
6232010,-161711,33.399071
6237010,-161680,32.355347
6242010,-161648,33.399071
6247010,-161616,33.399071
6252010,-161585,32.355347
6257010,-161553,33.399071
6262010,-161521,33.399071
6267010,-161489,33.399071
6272010,-161458,32.355347
6277010,-161426,33.399071
6282010,-161394,33.399071
6287010,-161362,33.399071
6292010,-161331,32.355347
6297010,-161299,33.399071
6302010,-161267,33.399071
6307010,-161236,32.355347
6312010,-161204,33.399071
6317010,-161172,33.399071
6322010,-161140,33.399071
6327010,-161109,32.355347
6332010,-161077,33.399071
6337010,-161045,33.399071
6342010,-161013,33.399071
6347010,-160982,32.355347
6352010,-160950,33.399071
6357010,-160918,33.399071
6362010,-160887,32.355347
6367010,-160855,33.399071
6372010,-160823,33.399071
6377010,-160792,32.355347
6382010,-160760,33.399071
6387010,-160728,33.399071
6392010,-160696,33.399071
6397010,-160665,32.355347
6402010,-160633,33.399071
6407010,-160601,33.399071
6412010,-160570,32.355347
6417010,-160538,33.399071
6422010,-160506,33.399071
6427010,-160474,33.399071
6432010,-160443,32.355347
6437010,-160411,33.399071
6442010,-160379,33.399071
6447010,-160347,33.399071
6452010,-160316,32.355347
6457010,-160284,33.399071
6462010,-160252,33.399071
6467010,-160221,32.355347
6472010,-160189,33.399071
6477010,-160157,33.399071
6482010,-160125,33.399071
6487010,-160094,32.355347
6492010,-160062,33.399071
6497010,-160030,33.399071
6502010,-159998,33.399071
6507010,-159967,32.355347
6512010,-159935,33.399071
6517010,-159903,33.399071
6522010,-159871,33.399071
6527010,-159840,32.355347
6532010,-159808,33.399071
6537010,-159776,33.399071
6542010,-159744,33.399071
6547010,-159713,32.355347
6552010,-159681,33.399071
6557010,-159649,33.399071
6562010,-159617,33.399071
6567010,-159586,32.355347
6572010,-159554,33.399071
6577010,-159522,33.399071
6582010,-159490,33.399071
6587010,-159459,32.355347
6592010,-159427,33.399071
6597010,-159395,33.399071
6602010,-159364,32.355347
6607010,-159332,33.399071
6612010,-159300,33.399071
6617010,-159269,32.355347
6622010,-159237,33.399071
6627010,-159205,33.399071
6632010,-159173,33.399071
6637010,-159142,32.355347
6642010,-159110,33.399071
6647010,-159078,33.399071
6652010,-159046,33.399071
6657010,-159015,32.355347
6662010,-158983,33.399071
6667010,-158951,33.399071
6672010,-158920,32.355347
6677010,-158888,33.399071
6682010,-158856,33.399071
6687010,-158825,32.355347
6692010,-158793,33.399071
6697010,-158761,33.399071
6702010,-158729,33.399071
6707010,-158698,32.355347
6712010,-158666,33.399071
6717010,-158634,33.399071
6722010,-158603,32.355347
6727010,-158571,33.399071
6732010,-158539,33.399071
6737010,-158508,32.355347
6742010,-158476,33.399071
6747010,-158444,33.399071
6752010,-158412,33.399071
6757010,-158381,32.355347
6762010,-158349,33.399071
6767010,-158317,33.399071
6772010,-158286,32.355347
6777010,-158254,33.399071
6782010,-158222,33.399071
6787010,-158191,32.355347
6792010,-158159,33.399071
6797010,-158127,33.399071
6802010,-158095,33.399071
6807010,-158064,32.355347
6812010,-158032,33.399071
6817010,-158000,33.399071
6822010,-157969,32.355347
6827010,-157937,33.399071
6832010,-157905,33.399071
6837010,-157874,32.355347
6842010,-157842,33.399071
6847010,-157810,33.399071
6852010,-157778,33.399071
6857010,-157747,32.355347
6862010,-157715,33.399071
6867010,-157683,33.399071
6872010,-157652,32.355347
6877010,-157620,33.399071
6882010,-157588,33.399071
6887010,-157556,33.399071
6892010,-157525,32.355347
6897010,-157493,33.399071
6902010,-157461,33.399071
6907010,-157429,33.399071
6912010,-157398,32.355347
6917010,-157366,33.399071
6922010,-157334,33.399071
6927010,-157302,33.399071
6932010,-157271,32.355347
6937010,-157239,33.399071
6942010,-157207,33.399071
6947010,-157176,32.355347
6952010,-157144,33.399071
6957010,-157112,33.399071
6962010,-157080,33.399071
6967010,-157048,33.399071
6972010,-157017,32.355347
6977010,-156985,33.399071
6982010,-156953,33.399071
6987010,-156922,32.355347
6992010,-156890,33.399071
6997010,-156858,33.399071
7002010,-156826,33.399071
7007010,-156795,32.355347
7012010,-156763,33.399071
7017010,-156731,33.399071
7022010,-156699,33.399071
7027010,-156667,33.399071
7032010,-156636,32.355347
7037010,-156604,33.399071
7042010,-156572,33.399071
7047010,-156540,33.399071
7052010,-156509,32.355347
7057010,-156477,33.399071
7062010,-156445,33.399071
7067010,-156413,33.399071
7072010,-156382,32.355347
7077010,-156350,33.399071
7082010,-156318,33.399071
7087010,-156286,33.399071
7092010,-156255,32.355347
7097010,-156223,33.399071
7102010,-156191,33.399071
7107010,-156159,33.399071
7112010,-156128,32.355347
7117010,-156096,33.399071
7122010,-156064,33.399071
7127010,-156032,33.399071
7132010,-156001,32.355347
7137010,-155969,33.399071
7142010,-155937,33.399071
7147010,-155905,33.399071
7152010,-155874,32.355347
7157010,-155842,33.399071
7162010,-155810,33.399071
7167010,-155778,33.399071
7172010,-155747,32.355347
7177010,-155715,33.399071
7182010,-155683,33.399071
7187010,-155651,33.399071
7192010,-155620,32.355347
7197010,-155588,33.399071
7202010,-155556,33.399071
7207010,-155524,33.399071
7212010,-155493,32.355347
7217010,-155461,33.399071
7222010,-155429,33.399071
7227010,-155397,33.399071
7232010,-155365,33.399071
7237010,-155334,32.355347
7242010,-155302,33.399071
7247010,-155270,33.399071
7252010,-155238,33.399071
7257010,-155207,32.355347
7262010,-155175,33.399071
7267010,-155143,33.399071
7272010,-155111,33.399071
7277010,-155079,33.399071
7282010,-155048,32.355347
7287010,-155016,33.399071
7292010,-154984,33.399071
7297010,-154952,33.399071
7302010,-154920,33.399071
7307010,-154889,32.355347
7312010,-154857,33.399071
7317010,-154825,33.399071
7322010,-154793,33.399071
7327010,-154762,32.355347
7332010,-154730,33.399071
7337010,-154698,33.399071
7342010,-154666,33.399071
7347010,-154634,33.399071
7352010,-154603,32.355347
7357010,-154571,33.399071
7362010,-154539,33.399071
7367010,-154507,33.399071
7372010,-154476,32.355347
7377010,-154444,33.399071
7382010,-154412,33.399071
7387010,-154380,33.399071
7392010,-154348,33.399071
7397010,-154317,32.355347
7402010,-154285,33.399071
7407010,-154253,33.399071
7412010,-154221,33.399071
7417010,-154189,33.399071
7422010,-154158,32.355347
7427010,-154126,33.399071
7432010,-154094,33.399071
7437010,-154062,33.399071
7442010,-154030,33.399071
7447010,-153999,32.355347
7452010,-153967,33.399071
7457010,-153935,33.399071
7462010,-153903,33.399071
7467010,-153872,32.355347
7472010,-153840,33.399071
7477010,-153808,33.399071
7482010,-153776,33.399071
7487010,-153744,33.399071
7492010,-153713,32.355347
7497010,-153681,33.399071
7502010,-153649,33.399071
7507010,-153617,33.399071
7512010,-153586,32.355347
7517010,-153554,33.399071
7522010,-153522,33.399071
7527010,-153490,33.399071
7532010,-153459,32.355347
7537010,-153427,33.399071
7542010,-153395,33.399071
7547010,-153363,33.399071
7552010,-153332,32.355347
7557010,-153300,33.399071
7562010,-153268,33.399071
7567010,-153236,33.399071
7572010,-153205,32.355347
7577010,-153173,33.399071
7582010,-153141,33.399071
7587010,-153109,33.399071
7592010,-153078,32.355347
7597010,-153046,33.399071
7602010,-153014,33.399071
7607010,-152982,33.399071
7612010,-152950,33.399071
7617010,-152919,32.355347
7622010,-152887,33.399071
7627010,-152855,33.399071
7632010,-152823,33.399071
7637010,-152792,32.355347
7642010,-152760,33.399071
7647010,-152728,33.399071
7652010,-152696,33.399071
7657010,-152665,32.355347
7662010,-152633,33.399071
7667010,-152601,33.399071
7672010,-152569,33.399071
7677010,-152538,32.355347
7682010,-152506,33.399071
7687010,-152474,33.399071
7692010,-152442,33.399071
7697010,-152410,33.399071
7702010,-152379,32.355347
7707010,-152347,33.399071
7712010,-152315,33.399071
7717010,-152284,32.355347
7722010,-152252,33.399071
7727010,-152220,33.399071
7732010,-152188,33.399071
7737010,-152156,33.399071
7742010,-152125,32.355347
7747010,-152093,33.399071
7752010,-152061,33.399071
7757010,-152029,33.399071
7762010,-151998,32.355347
7767010,-151966,33.399071
7772010,-151934,33.399071
7777010,-151902,33.399071
7782010,-151870,33.399071
7787010,-151839,32.355347
7792010,-151807,33.399071
7797010,-151775,33.399071
7802010,-151743,33.399071
7807010,-151712,32.355347
7812010,-151680,33.399071
7817010,-151648,33.399071
7822010,-151617,32.355347
7827010,-151585,33.399071
7832010,-151553,33.399071
7837010,-151521,33.399071
7842010,-151490,32.355347
7847010,-151458,33.399071
7852010,-151426,33.399071
7857010,-151394,33.399071
7862010,-151363,32.355347
7867010,-151331,33.399071
7872010,-151299,33.399071
7877010,-151268,32.355347
7882010,-151236,33.399071
7887010,-151204,33.399071
7892010,-151172,33.399071
7897010,-151141,32.355347
7902010,-151109,33.399071
7907010,-151077,33.399071
7912010,-151045,33.399071
7917010,-151014,32.355347
7922010,-150982,33.399071
7927010,-150950,33.399071
7932010,-150918,33.399071
7937010,-150887,32.355347
7942010,-150855,33.399071
7947010,-150823,33.399071
7952010,-150791,33.399071
7957010,-150760,32.355347
7962010,-150728,33.399071
7967010,-150696,33.399071
7972010,-150664,33.399071
7977010,-150633,32.355347
7982010,-150601,33.399071
7987010,-150569,33.399071
7992010,-150538,32.355347
7997010,-150506,33.399071
8002010,-150474,33.399071
8007010,-150443,32.355347
8012010,-150411,33.399071
8017010,-150379,33.399071
8022010,-150347,33.399071
8027010,-150316,32.355347
8032010,-150284,33.399071
8037010,-150252,33.399071
8042010,-150221,32.355347
8047010,-150189,33.399071
8052010,-150157,33.399071
8057010,-150126,32.355347
8062010,-150094,33.399071
8067010,-150062,33.399071
8072010,-150031,32.355347
8077010,-149999,33.399071
8082010,-149967,33.399071
8087010,-149936,32.355347
8092010,-149904,33.399071
8097010,-149872,33.399071
8102010,-149841,32.355347
8107010,-149809,33.399071
8112010,-149777,33.399071
8117010,-149746,32.355347
8122010,-149714,33.399071
8127010,-149682,33.399071
8132010,-149651,32.355347
8137010,-149619,33.399071
8142010,-149587,33.399071
8147010,-149556,32.355347
8152010,-149524,33.399071
8157010,-149492,33.399071
8162010,-149461,32.355347
8167010,-149429,33.399071
8172010,-149398,32.355347
8177010,-149366,33.399071
8182010,-149334,33.399071
8187010,-149303,32.355347
8192010,-149271,33.399071
8197010,-149239,33.399071
8202010,-149208,32.355347
8207010,-149176,33.399071
8212010,-149144,33.399071
8217010,-149113,32.355347
8222010,-149081,33.399071
8227010,-149049,33.399071
8232010,-149018,32.355347
8237010,-148986,33.399071
8242010,-148954,33.399071
8247010,-148923,32.355347
8252010,-148891,33.399071
8257010,-148859,33.399071
8262010,-148828,32.355347
8267010,-148796,33.399071
8272010,-148764,33.399071
8277010,-148733,32.355347
8282010,-148701,33.399071
8287010,-148669,33.399071
8292010,-148638,32.355347
8297010,-148606,33.399071
8302010,-148574,33.399071
8307010,-148543,32.355347
8312010,-148511,33.399071
8317010,-148479,33.399071
8322010,-148447,33.399071
8327010,-148416,32.355347
8332010,-148384,33.399071
8337010,-148352,33.399071
8342010,-148321,32.355347
8347010,-148289,33.399071
8352010,-148257,33.399071
8357010,-148226,32.355347
8362010,-148194,33.399071
8367010,-148162,33.399071
8372010,-148130,33.399071
8377010,-148099,32.355347
8382010,-148067,33.399071
8387010,-148035,33.399071
8392010,-148004,32.355347
8397010,-147972,33.399071
8402010,-147940,33.399071
8407010,-147909,32.355347
8412010,-147877,33.399071
8417010,-147845,33.399071
8422010,-147813,33.399071
8427010,-147782,32.355347
8432010,-147750,33.399071
8437010,-147718,33.399071
8442010,-147686,33.399071
8447010,-147655,32.355347
8452010,-147623,33.399071
8457010,-147591,33.399071
8462010,-147559,33.399071
8467010,-147528,32.355347
8472010,-147496,33.399071
8477010,-147464,33.399071
8482010,-147432,33.399071
8487010,-147400,33.399071
8492010,-147369,32.355347
8497010,-147337,33.399071
8502010,-147305,33.399071
8507010,-147273,33.399071
8512010,-147242,32.355347
8517010,-147210,33.399071
8522010,-147178,33.399071
8527010,-147146,33.399071
8532010,-147115,32.355347
8537010,-147083,33.399071
8542010,-147051,33.399071
8547010,-147019,33.399071
8552010,-146988,32.355347
8557010,-146956,33.399071
8562010,-146924,33.399071
8567010,-146892,33.399071
8572010,-146860,33.399071
8577010,-146829,32.355347
8582010,-146797,33.399071
8587010,-146765,33.399071
8592010,-146733,33.399071
8597010,-146702,32.355347
8602010,-146670,33.399071
8607010,-146638,33.399071
8612010,-146606,33.399071
8617010,-146574,33.399071
8622010,-146543,32.355347
8627010,-146511,33.399071
8632010,-146479,33.399071
8637010,-146447,33.399071
8642010,-146416,32.355347
8647010,-146384,33.399071
8652010,-146352,33.399071
8657010,-146320,33.399071
8662010,-146289,32.355347
8667010,-146257,33.399071
8672010,-146225,33.399071
8677010,-146193,33.399071
8682010,-146161,33.399071
8687010,-146130,32.355347
8692010,-146098,33.399071
8697010,-146066,33.399071
8702010,-146034,33.399071
8707010,-146003,32.355347
8712010,-145971,33.399071
8717010,-145939,33.399071
8722010,-145907,33.399071
8727010,-145876,32.355347
8732010,-145844,33.399071
8737010,-145812,33.399071
8742010,-145780,33.399071
8747010,-145749,32.355347
8752010,-145717,33.399071
8757010,-145685,33.399071
8762010,-145653,33.399071
8767010,-145622,32.355347
8772010,-145590,33.399071
8777010,-145558,33.399071
8782010,-145527,32.355347
8787010,-145495,33.399071
8792010,-145463,33.399071
8797010,-145431,33.399071
8802010,-145400,32.355347
8807010,-145368,33.399071
8812010,-145336,33.399071
8817010,-145304,33.399071
8822010,-145273,32.355347
8827010,-145241,33.399071
8832010,-145209,33.399071
8837010,-145177,33.399071
8842010,-145146,32.355347
8847010,-145114,33.399071
8852010,-145082,33.399071
8857010,-145050,33.399071
8862010,-145019,32.355347
8867010,-144987,33.399071
8872010,-144955,33.399071
8877010,-144924,32.355347
8882010,-144892,33.399071
8887010,-144860,33.399071
8892010,-144828,33.399071
8897010,-144797,32.355347
8902010,-144765,33.399071
8907010,-144733,33.399071
8912010,-144702,32.355347
8917010,-144670,33.399071
8922010,-144638,33.399071
8927010,-144606,33.399071
8932010,-144575,32.355347
8937010,-144543,33.399071
8942010,-144511,33.399071
8947010,-144480,32.355347
8952010,-144448,33.399071
8957010,-144416,33.399071
8962010,-144384,33.399071
8967010,-144353,32.355347
8972010,-144321,33.399071
8977010,-144289,33.399071
8982010,-144258,32.355347
8987010,-144226,33.399071
8992010,-144194,33.399071
8997010,-144162,33.399071
9002010,-144131,32.355347
9007010,-144099,33.399071
9012010,-144067,33.399071
9017010,-144036,32.355347
9022010,-144004,33.399071
9027010,-143972,33.399071
9032010,-143940,33.399071
9037010,-143909,32.355347
9042010,-143877,33.399071
9047010,-143845,33.399071
9052010,-143814,32.355347
9057010,-143782,33.399071
9062010,-143750,33.399071
9067010,-143718,33.399071
9072010,-143687,32.355347
9077010,-143655,33.399071
9082010,-143623,33.399071
9087010,-143592,32.355347
9092010,-143560,33.399071
9097010,-143528,33.399071
9102010,-143496,33.399071
9107010,-143465,32.355347
9112010,-143433,33.399071
9117010,-143401,33.399071
9122010,-143369,33.399071
9127010,-143338,32.355347
9132010,-143306,33.399071
9137010,-143274,33.399071
9142010,-143242,33.399071
9147010,-143210,33.399071
9152010,-143179,32.355347
9157010,-143147,33.399071
9162010,-143115,33.399071
9167010,-143083,33.399071
9172010,-143052,32.355347
9177010,-143020,33.399071
9182010,-142988,33.399071
9187010,-142956,33.399071
9192010,-142925,32.355347
9197010,-142893,33.399071
9202010,-142861,33.399071
9207010,-142829,33.399071
9212010,-142798,32.355347
9217010,-142766,33.399071
9222010,-142734,33.399071
9227010,-142702,33.399071
9232010,-142671,32.355347
9237010,-142639,33.399071
9242010,-142607,33.399071
9247010,-142575,33.399071
9252010,-142544,32.355347
9257010,-142512,33.399071
9262010,-142480,33.399071
9267010,-142448,33.399071
9272010,-142417,32.355347
9277010,-142385,33.399071
9282010,-142353,33.399071
9287010,-142321,33.399071
9292010,-142290,32.355347
9297010,-142258,33.399071
9302010,-142226,33.399071
9307010,-142194,33.399071
9312010,-142163,32.355347
9317010,-142131,33.399071
9322010,-142099,33.399071
9327010,-142067,33.399071
9332010,-142036,32.355347
9337010,-142004,33.399071
9342010,-141972,33.399071
9347010,-141940,33.399071
9352010,-141909,32.355347
9357010,-141877,33.399071
9362010,-141845,33.399071
9367010,-141813,33.399071
9372010,-141782,32.355347
9377010,-141750,33.399071
9382010,-141718,33.399071
9387010,-141686,33.399071
9392010,-141655,32.355347
9397010,-141623,33.399071
9402010,-141591,33.399071
9407010,-141560,32.355347
9412010,-141528,33.399071
9417010,-141496,33.399071
9422010,-141464,33.399071
9427010,-141433,32.355347
9432010,-141401,33.399071
9437010,-141369,33.399071
9442010,-141337,33.399071
9447010,-141306,32.355347
9452010,-141274,33.399071
9457010,-141242,33.399071
9462010,-141210,33.399071
9467010,-141179,32.355347
9472010,-141147,33.399071
9477010,-141115,33.399071
9482010,-141083,33.399071
9487010,-141052,32.355347
9492010,-141020,33.399071
9497010,-140988,33.399071
9502010,-140956,33.399071
9507010,-140925,32.355347
9512010,-140893,33.399071
9517010,-140861,33.399071
9522010,-140829,33.399071
9527010,-140798,32.355347
9532010,-140766,33.399071
9537010,-140734,33.399071
9542010,-140702,33.399071
9547010,-140670,33.399071
9552010,-140639,32.355347
9557010,-140607,33.399071
9562010,-140575,33.399071
9567010,-140544,32.355347
9572010,-140512,33.399071
9577010,-140480,33.399071
9582010,-140448,33.399071
9587010,-140417,32.355347
9592010,-140385,33.399071
9597010,-140353,33.399071
9602010,-140322,32.355347
9607010,-140290,33.399071
9612010,-140258,33.399071
9617010,-140227,32.355347
9622010,-140195,33.399071
9627010,-140163,33.399071
9632010,-140131,33.399071
9637010,-140100,32.355347
9642010,-140068,33.399071
9647010,-140036,33.399071
9652010,-140004,33.399071
9657010,-139973,32.355347
9662010,-139941,33.399071
9667010,-139909,33.399071
9672010,-139877,33.399071
9677010,-139845,33.399071
9682010,-139814,32.355347
9687010,-139782,33.399071
9692010,-139750,33.399071
9697010,-139718,33.399071
9702010,-139687,32.355347
9707010,-139655,33.399071
9712010,-139623,33.399071
9717010,-139591,33.399071
9722010,-139560,32.355347
9727010,-139528,33.399071
9732010,-139496,33.399071
9737010,-139464,33.399071
9742010,-139433,32.355347
9747010,-139401,33.399071
9752010,-139369,33.399071
9757010,-139337,33.399071
9762010,-139306,32.355347
9767010,-139274,33.399071
9772010,-139242,33.399071
9777010,-139210,33.399071
9782010,-139179,32.355347
9787010,-139147,33.399071
9792010,-139115,33.399071
9797010,-139083,33.399071
9802010,-139052,32.355347
9807010,-139020,33.399071
9812010,-138988,33.399071
9817010,-138957,32.355347
9822010,-138925,33.399071
9827010,-138893,33.399071
9832010,-138862,32.355347
9837010,-138830,33.399071
9842010,-138798,33.399071
9847010,-138766,33.399071
9852010,-138735,32.355347
9857010,-138703,33.399071
9862010,-138671,33.399071
9867010,-138639,33.399071
9872010,-138607,33.399071
9877010,-138576,32.355347
9882010,-138544,33.399071
9887010,-138512,33.399071
9892010,-138480,33.399071
9897010,-138449,32.355347
9902010,-138417,33.399071
9907010,-138385,33.399071
9912010,-138353,33.399071
9917010,-138321,33.399071
9922010,-138290,32.355347
9927010,-138258,33.399071
9932010,-138226,33.399071
9937010,-138194,33.399071
9942010,-138163,32.355347
9947010,-138131,33.399071
9952010,-138099,33.399071
9957010,-138067,33.399071
9962010,-138036,32.355347
9967010,-138004,33.399071
9972010,-137972,33.399071
9977010,-137940,33.399071
9982010,-137909,32.355347
9987010,-137877,33.399071
9992010,-137845,33.399071
9997010,-137813,33.399071
10002010,-137782,32.355347
10007010,-137750,33.399071
10012010,-137718,33.399071
10017010,-137686,33.399071
10022010,-137655,32.355347
10027010,-137623,33.399071
10032010,-137591,33.399071
10037010,-137560,32.355347
10042010,-137528,33.399071
10047010,-137496,33.399071
10052010,-137464,33.399071
10057010,-137433,32.355347
10062010,-137401,33.399071
10067010,-137369,33.399071
10072010,-137337,33.399071
10077010,-137306,32.355347
10082010,-137274,33.399071
10087010,-137242,33.399071
10092010,-137210,33.399071
10097010,-137179,32.355347
10102010,-137147,33.399071
10107010,-137115,33.399071
10112010,-137083,33.399071
10117010,-137052,32.355347
10122010,-137020,33.399071
10127010,-136988,33.399071
10132010,-136957,32.355347
10137010,-136925,33.399071
10142010,-136893,33.399071
10147010,-136861,33.399071
10152010,-136830,32.355347
10157010,-136798,33.399071
10162010,-136766,33.399071
10167010,-136735,32.355347
10172010,-136703,33.399071
10177010,-136671,33.399071
10182010,-136639,33.399071
10187010,-136608,32.355347
10192010,-136576,33.399071
10197010,-136544,33.399071
10202010,-136512,33.399071
10207010,-136481,32.355347
10212010,-136449,33.399071
10217010,-136417,33.399071
10222010,-136385,33.399071
10227010,-136354,32.355347
10232010,-136322,33.399071
10237010,-136290,33.399071
10242010,-136258,33.399071
10247010,-136227,32.355347
10252010,-136195,33.399071
10257010,-136163,33.399071
10262010,-136132,32.355347
10267010,-136100,33.399071
10272010,-136068,33.399071
10277010,-136036,33.399071
10282010,-136005,32.355347
10287010,-135973,33.399071
10292010,-135941,33.399071
10297010,-135909,33.399071
10302010,-135878,32.355347
10307010,-135846,33.399071
10312010,-135814,33.399071
