
Time_us,Position,Speed_rad_per_s
1312008,353414,0.000000
1317008,353417,3.131163
1322009,353424,7.304585
1327010,353435,11.478634
1332010,353450,15.655814
1337010,353468,18.786976
1342010,353487,19.830698
1347010,353509,22.961861
1352010,353532,24.005581
1357010,353556,25.049301
1362010,353582,27.136744
1367010,353608,27.136744
1372010,353635,28.180466
1377010,353662,28.180466
1382010,353690,29.224186
1387010,353719,30.267906
1392010,353748,30.267906
1397010,353777,30.267906
1402010,353806,30.267906
1407010,353836,31.311628
1412010,353866,31.311628
1417010,353896,31.311628
1422010,353926,31.311628
1427010,353956,31.311628
1432010,353986,31.311628
1437010,354017,32.355347
1442010,354047,31.311628
1447010,354078,32.355347
1452010,354108,31.311628
1457010,354139,32.355347
1462010,354170,32.355347
1467010,354200,31.311628
1472010,354231,32.355347
1477010,354262,32.355347
1482010,354292,31.311628
1487010,354323,32.355347
1492010,354354,32.355347
1497010,354384,31.311628
1502010,354415,32.355347
1507010,354446,32.355347
1512010,354477,32.355347
1517010,354507,31.311628
1522010,354538,32.355347
1527010,354569,32.355347
1532010,354600,32.355347
1537010,354631,32.355347
1542010,354661,31.311628
1547010,354692,32.355347
1552010,354723,32.355347
1557010,354754,32.355347
1562010,354785,32.355347
1567010,354816,32.355347
1572010,354846,31.311628
1577010,354877,32.355347
1582010,354908,32.355347
1587010,354939,32.355347
1592010,354970,32.355347
1597010,355001,32.355347
1602010,355032,32.355347
1607010,355062,31.311628
1612010,355093,32.355347
1617010,355124,32.355347
1622010,355155,32.355347
1627010,355186,32.355347
1632010,355217,32.355347
1637010,355248,32.355347
1642010,355279,32.355347
1647010,355309,31.311628
1652010,355340,32.355347
1657010,355371,32.355347
1662010,355402,32.355347
1667010,355433,32.355347
1672010,355464,32.355347
1677010,355495,32.355347
1682010,355526,32.355347
1687010,355556,31.311628
1692010,355587,32.355347
1697010,355618,32.355347
1702010,355649,32.355347
1707010,355680,32.355347
1712010,355711,32.355347
1717010,355742,32.355347
1722010,355773,32.355347
1727010,355803,31.311628
1732010,355834,32.355347
1737010,355865,32.355347
1742010,355896,32.355347
1747010,355927,32.355347
1752010,355958,32.355347
1757010,355989,32.355347
1762010,356019,31.311628
1767010,356050,32.355347
1772010,356081,32.355347
1777010,356112,32.355347
1782010,356143,32.355347
1787010,356174,32.355347
1792010,356205,32.355347
1797010,356236,32.355347
1802010,356267,32.355347
1807010,356297,31.311628
1812010,356328,32.355347
1817010,356359,32.355347
1822010,356390,32.355347
1827010,356421,32.355347
1832010,356452,32.355347
1837010,356483,32.355347
1842010,356513,31.311628
1847010,356544,32.355347
1852010,356575,32.355347
1857010,356606,32.355347
1862010,356637,32.355347
1867010,356667,31.311628
1872010,356698,32.355347
1877010,356729,32.355347
1882010,356760,32.355347
1887010,356791,32.355347
1892010,356822,32.355347
1897010,356852,31.311628
1902010,356883,32.355347
1907010,356914,32.355347
1912010,356945,32.355347
1917010,356976,32.355347
1922010,357006,31.311628
1927010,357037,32.355347
1932010,357068,32.355347
1937010,357099,32.355347
1942010,357130,32.355347
1947010,357160,31.311628
1952010,357191,32.355347
1957010,357222,32.355347
1962010,357253,32.355347
1967010,357284,32.355347
1972010,357315,32.355347
1977010,357345,31.311628
1982010,357376,32.355347
1987010,357407,32.355347
1992010,357438,32.355347
1997010,357469,32.355347
2002010,357499,31.311628
2007010,357530,32.355347
2012010,357561,32.355347
2017010,357592,32.355347
2022010,357623,32.355347
2027010,357653,31.311628
2032010,357684,32.355347
2037010,357715,32.355347
2042010,357746,32.355347
2047010,357777,32.355347
2052010,357807,31.311628
2057010,357838,32.355347
2062010,357869,32.355347
2067010,357900,32.355347
2072010,357931,32.355347
2077010,357961,31.311628
2082010,357992,32.355347
2087010,358023,32.355347
2092010,358054,32.355347
2097010,358084,31.311628
2102010,358115,32.355347
2107010,358146,32.355347
2112010,358177,32.355347
2117010,358207,31.311628
2122010,358238,32.355347
2127010,358269,32.355347
2132010,358300,32.355347
2137010,358331,32.355347
2142010,358361,31.311628
2147010,358392,32.355347
2152010,358423,32.355347
2157010,358454,32.355347
2162010,358485,32.355347
2167010,358515,31.311628
2172010,358546,32.355347
2177010,358577,32.355347
2182010,358608,32.355347
2187010,358639,32.355347
2192010,358669,31.311628
2197010,358700,32.355347
2202010,358731,32.355347
2207010,358762,32.355347
2212010,358793,32.355347
2217010,358823,31.311628
2222010,358854,32.355347
2227010,358885,32.355347
2232010,358916,32.355347
2237010,358947,32.355347
2242010,358978,32.355347
2247010,359008,31.311628
2252010,359039,32.355347
2257010,359070,32.355347
2262010,359101,32.355347
2267010,359132,32.355347
2272010,359163,32.355347
2277010,359193,31.311628
2282010,359224,32.355347
2287010,359255,32.355347
2292010,359286,32.355347
2297010,359317,32.355347
2302010,359348,32.355347
2307010,359378,31.311628
2312010,359409,32.355347
2317010,359440,32.355347
2322010,359471,32.355347
2327010,359502,32.355347
2332010,359533,32.355347
2337010,359563,31.311628
2342010,359594,32.355347
2347010,359625,32.355347
2352010,359656,32.355347
2357010,359687,32.355347
2362010,359718,32.355347
2367010,359749,32.355347
2372010,359779,31.311628
2377010,359810,32.355347
2382010,359841,32.355347
2387010,359872,32.355347
2392010,359903,32.355347
2397010,359934,32.355347
2402010,359965,32.355347
2407010,359995,31.311628
2412010,360026,32.355347
2417010,360057,32.355347
2422010,360088,32.355347
2427010,360119,32.355347
2432010,360150,32.355347
2437010,360181,32.355347
2442010,360212,32.355347
2447010,360243,32.355347
2452010,360273,31.311628
2457010,360304,32.355347
2462010,360335,32.355347
2467010,360366,32.355347
2472010,360397,32.355347
2477010,360428,32.355347
2482010,360459,32.355347
2487010,360490,32.355347
2492010,360520,31.311628
2497010,360551,32.355347
2502010,360582,32.355347
2507010,360613,32.355347
2512010,360644,32.355347
2517010,360675,32.355347
2522010,360706,32.355347
2527010,360736,31.311628
2532010,360767,32.355347
2537010,360798,32.355347
2542010,360829,32.355347
2547010,360860,32.355347
2552010,360891,32.355347
2557010,360922,32.355347
2562010,360952,31.311628
2567010,360983,32.355347
2572010,361014,32.355347
2577010,361045,32.355347
2582010,361076,32.355347
2587010,361107,32.355347
2592010,361137,31.311628
2597010,361168,32.355347
2602010,361199,32.355347
2607010,361230,32.355347
2612010,361261,32.355347
2617010,361292,32.355347
2622010,361323,32.355347
2627010,361354,32.355347
2632010,361384,31.311628
2637010,361415,32.355347
2642010,361446,32.355347
2647010,361477,32.355347
2652010,361508,32.355347
2657010,361539,32.355347
2662010,361570,32.355347
2667010,361601,32.355347
2672010,361631,31.311628
2677010,361662,32.355347
2682010,361693,32.355347
2687010,361724,32.355347
2692010,361755,32.355347
2697010,361786,32.355347
2702010,361817,32.355347
2707010,361848,32.355347
2712010,361879,32.355347
2717010,361910,32.355347
2722010,361941,32.355347
2727010,361971,31.311628
2732010,362002,32.355347
2737010,362033,32.355347
2742010,362064,32.355347
2747010,362095,32.355347
2752010,362126,32.355347
2757010,362157,32.355347
2762010,362188,32.355347
2767010,362219,32.355347
2772010,362249,31.311628
2777010,362281,33.399071
2782010,362311,31.311628
2787010,362342,32.355347
2792010,362373,32.355347
2797010,362404,32.355347
2802010,362435,32.355347
2807010,362466,32.355347
2812010,362497,32.355347
2817010,362528,32.355347
2822010,362559,32.355347
2827010,362590,32.355347
2832010,362620,31.311628
2837010,362651,32.355347
2842010,362682,32.355347
2847010,362713,32.355347
2852010,362744,32.355347
2857010,362775,32.355347
2862010,362806,32.355347
2867010,362837,32.355347
2872010,362867,31.311628
2877010,362898,32.355347
2882010,362929,32.355347
2887010,362960,32.355347
2892010,362991,32.355347
2897010,363022,32.355347
2902010,363053,32.355347
2907010,363083,31.311628
2912010,363114,32.355347
2917010,363145,32.355347
2922010,363176,32.355347
2927010,363207,32.355347
2932010,363238,32.355347
2937010,363268,31.311628
2942010,363299,32.355347
2947010,363330,32.355347
2952010,363361,32.355347
2957010,363392,32.355347
2962010,363423,32.355347
2967010,363453,31.311628
2972010,363484,32.355347
2977010,363515,32.355347
2982010,363546,32.355347
2987010,363577,32.355347
2992010,363607,31.311628
2997010,363638,32.355347
3002010,363669,32.355347
3007010,363700,32.355347
3012010,363731,32.355347
3017010,363761,31.311628
3022010,363792,32.355347
3027010,363823,32.355347
3032010,363854,32.355347
3037010,363885,32.355347
3042010,363916,32.355347
3047010,363946,31.311628
3052010,363977,32.355347
3057010,364008,32.355347
3062010,364039,32.355347
3067010,364070,32.355347
3072010,364101,32.355347
3077010,364132,32.355347
3082010,364162,31.311628
3087010,364193,32.355347
3092010,364224,32.355347
3097010,364255,32.355347
3102010,364286,32.355347
3107010,364317,32.355347
3112010,364348,32.355347
3117010,364378,31.311628
3122010,364409,32.355347
3127010,364440,32.355347
3132010,364471,32.355347
3137010,364502,32.355347
3142010,364533,32.355347
3147010,364563,31.311628
3152010,364594,32.355347
3157010,364625,32.355347
3162010,364656,32.355347
3167010,364687,32.355347
3172010,364717,31.311628
3177010,364748,32.355347
3182010,364779,32.355347
3187010,364810,32.355347
3192010,364841,32.355347
3197010,364871,31.311628
3202010,364902,32.355347
3207010,364933,32.355347
3212010,364964,32.355347
3217010,364994,31.311628
3222010,365025,32.355347
3227010,365056,32.355347
3232010,365087,32.355347
3237010,365117,31.311628
3242010,365148,32.355347
3247010,365179,32.355347
3252010,365210,32.355347
3257010,365241,32.355347
3262010,365271,31.311628
3267010,365302,32.355347
3272010,365333,32.355347
3277010,365364,32.355347
3282010,365394,31.311628
3287010,365425,32.355347
3292010,365456,32.355347
3297010,365487,32.355347
3302010,365517,31.311628
3307010,365548,32.355347
3312010,365579,32.355347
3317010,365610,32.355347
3322010,365641,32.355347
3327010,365671,31.311628
3332010,365702,32.355347
3337010,365733,32.355347
3342010,365763,31.311628
3347010,365794,32.355347
3352010,365825,32.355347
3357010,365856,32.355347
3362010,365887,32.355347
3367010,365917,31.311628
3372010,365948,32.355347
3377010,365979,32.355347
3382010,366010,32.355347
3387010,366040,31.311628
3392010,366071,32.355347
3397010,366102,32.355347
3402010,366133,32.355347
3407010,366163,31.311628
3412010,366194,32.355347
3417010,366225,32.355347
3422010,366256,32.355347
3427010,366287,32.355347
3432010,366318,32.355347
3437010,366349,32.355347
3442010,366379,31.311628
3447010,366410,32.355347
3452010,366441,32.355347
3457010,366472,32.355347
3462010,366503,32.355347
3467010,366534,32.355347
3472010,366564,31.311628
3477010,366595,32.355347
3482010,366626,32.355347
3487010,366657,32.355347
3492010,366688,32.355347
3497010,366719,32.355347
3502010,366750,32.355347
3507010,366781,32.355347
3512010,366811,31.311628
3517010,366842,32.355347
3522010,366873,32.355347
3527010,366904,32.355347
3532010,366935,32.355347
3537010,366965,31.311628
3542010,366996,32.355347
3547010,367027,32.355347
3552010,367058,32.355347
3557010,367089,32.355347
3562010,367120,32.355347
3567010,367150,31.311628
3572010,367181,32.355347
3577010,367212,32.355347
3582010,367243,32.355347
3587010,367274,32.355347
3592010,367304,31.311628
3597010,367335,32.355347
3602010,367366,32.355347
3607010,367397,32.355347
3612010,367428,32.355347
3617010,367458,31.311628
3622010,367489,32.355347
3627010,367520,32.355347
3632010,367551,32.355347
3637010,367582,32.355347
3642010,367613,32.355347
3647010,367643,31.311628
3652010,367674,32.355347
3657010,367705,32.355347
3662010,367736,32.355347
3667010,367767,32.355347
3672010,367798,32.355347
3677010,367828,31.311628
3682010,367859,32.355347
3687010,367890,32.355347
3692010,367921,32.355347
3697010,367952,32.355347
3702010,367983,32.355347
3707010,368013,31.311628
3712010,368044,32.355347
3717010,368075,32.355347
3722010,368106,32.355347
3727010,368137,32.355347
3732010,368168,32.355347
3737010,368198,31.311628
3742010,368229,32.355347
3747010,368260,32.355347
3752010,368291,32.355347
3757010,368322,32.355347
3762010,368353,32.355347
3767010,368383,31.311628
3772010,368414,32.355347
3777010,368445,32.355347
3782010,368476,32.355347
3787010,368507,32.355347
3792010,368538,32.355347
3797010,368569,32.355347
3802010,368600,32.355347
3807010,368631,32.355347
3812010,368662,32.355347
3817010,368693,32.355347
3822010,368723,31.311628
3827010,368754,32.355347
3832010,368785,32.355347
3837010,368816,32.355347
3842010,368847,32.355347
3847010,368878,32.355347
3852010,368909,32.355347
3857010,368940,32.355347
3862010,368971,32.355347
3867010,369002,32.355347
3872010,369033,32.355347
3877010,369063,31.311628
3882010,369094,32.355347
3887010,369125,32.355347
3892010,369156,32.355347
3897010,369187,32.355347
3902010,369218,32.355347
3907010,369249,32.355347
3912010,369280,32.355347
3917010,369311,32.355347
3922010,369342,32.355347
3927010,369373,32.355347
3932010,369404,32.355347
3937010,369434,31.311628
3942010,369465,32.355347
3947010,369496,32.355347
3952010,369527,32.355347
3957010,369558,32.355347
3962010,369589,32.355347
3967010,369619,31.311628
3972010,369650,32.355347
3977010,369681,32.355347
3982010,369712,32.355347
3987010,369743,32.355347
3992010,369774,32.355347
3997010,369804,31.311628
4002010,369835,32.355347
4007010,369866,32.355347
4012010,369897,32.355347
4017010,369928,32.355347
4022010,369959,32.355347
4027010,369989,31.311628
4032010,370020,32.355347
4037010,370051,32.355347
4042010,370082,32.355347
4047010,370113,32.355347
4052010,370144,32.355347
4057010,370174,31.311628
4062010,370205,32.355347
4067010,370236,32.355347
4072010,370267,32.355347
4077010,370298,32.355347
4082010,370329,32.355347
4087010,370359,31.311628
4092010,370390,32.355347
4097010,370421,32.355347
4102010,370452,32.355347
4107010,370483,32.355347
4112010,370513,31.311628
4117010,370544,32.355347
4122010,370575,32.355347
4127010,370606,32.355347
4132010,370636,31.311628
4137010,370667,32.355347
4142010,370698,32.355347
4147010,370729,32.355347
4152010,370760,32.355347
4157010,370790,31.311628
4162010,370821,32.355347
4167010,370852,32.355347
4172010,370883,32.355347
4177010,370914,32.355347
4182010,370944,31.311628
4187010,370975,32.355347
4192010,371006,32.355347
4197010,371037,32.355347
4202010,371068,32.355347
4207010,371098,31.311628
4212010,371129,32.355347
4217010,371160,32.355347
4222010,371191,32.355347
4227010,371222,32.355347
4232010,371253,32.355347
4237010,371284,32.355347
4242010,371314,31.311628
4247010,371345,32.355347
4252010,371376,32.355347
4257010,371407,32.355347
4262010,371438,32.355347
4267010,371469,32.355347
4272010,371500,32.355347
4277010,371531,32.355347
4282010,371561,31.311628
4287010,371592,32.355347
4292010,371623,32.355347
4297010,371654,32.355347
4302010,371685,32.355347
4307010,371716,32.355347
4312010,371747,32.355347
4317010,371778,32.355347
4322010,371809,32.355347
4327010,371840,32.355347
4332010,371871,32.355347
4337010,371902,32.355347
4342010,371933,32.355347
4347010,371963,31.311628
4352010,371994,32.355347
4357010,372025,32.355347
4362010,372056,32.355347
4367010,372087,32.355347
4372010,372118,32.355347
4377010,372149,32.355347
4382010,372180,32.355347
4387010,372211,32.355347
4392010,372242,32.355347
4397010,372273,32.355347
4402010,372304,32.355347
4407010,372335,32.355347
4412010,372366,32.355347
4417010,372397,32.355347
4422010,372428,32.355347
4427010,372459,32.355347
4432010,372490,32.355347
4437010,372521,32.355347
4442010,372551,31.311628
4447010,372582,32.355347
4452010,372613,32.355347
4457010,372644,32.355347
4462010,372675,32.355347
4467010,372706,32.355347
4472010,372737,32.355347
4477010,372768,32.355347
4482010,372799,32.355347
4487010,372830,32.355347
4492010,372861,32.355347
4497010,372891,31.311628
4502010,372922,32.355347
4507010,372953,32.355347
4512010,372984,32.355347
4517010,373015,32.355347
4522010,373046,32.355347
4527010,373077,32.355347
4532010,373108,32.355347
4537010,373139,32.355347
4542010,373169,31.311628
4547010,373200,32.355347
4552010,373231,32.355347
4557010,373262,32.355347
4562010,373293,32.355347
4567010,373324,32.355347
4572010,373354,31.311628
4577010,373385,32.355347
4582010,373416,32.355347
4587010,373447,32.355347
4592010,373478,32.355347
4597010,373509,32.355347
4602010,373539,31.311628
4607010,373570,32.355347
4612010,373601,32.355347
4617010,373632,32.355347
4622010,373663,32.355347
4627010,373694,32.355347
4632010,373725,32.355347
4637010,373755,31.311628
4642010,373786,32.355347
4647010,373817,32.355347
4652010,373848,32.355347
4657010,373878,31.311628
4662010,373909,32.355347
4667010,373940,32.355347
4672010,373971,32.355347
4677010,374001,31.311628
4682010,374032,32.355347
4687010,374063,32.355347
4692010,374093,31.311628
4697010,374124,32.355347
4702010,374155,32.355347
4707010,374186,32.355347
4712010,374216,31.311628
4717010,374247,32.355347
4722010,374278,32.355347
4727010,374309,32.355347
4732010,374339,31.311628
4737010,374370,32.355347
4742010,374401,32.355347
4747010,374431,31.311628
4752010,374462,32.355347
4757010,374493,32.355347
4762010,374524,32.355347
4767010,374554,31.311628
4772010,374585,32.355347
4777010,374616,32.355347
4782010,374647,32.355347
4787010,374677,31.311628
4792010,374708,32.355347
4797010,374739,32.355347
4802010,374769,31.311628
4807010,374800,32.355347
4812010,374831,32.355347
4817010,374861,31.311628
4822010,374892,32.355347
4827010,374923,32.355347
4832010,374954,32.355347
4837010,374984,31.311628
4842010,375015,32.355347
4847010,375046,32.355347
4852010,375076,31.311628
4857010,375107,32.355347
4862010,375138,32.355347
4867010,375169,32.355347
4872010,375199,31.311628
4877010,375230,32.355347
4882010,375261,32.355347
4887010,375292,32.355347
4892010,375322,31.311628
4897010,375353,32.355347
4902010,375384,32.355347
4907010,375415,32.355347
4912010,375445,31.311628
4917010,375476,32.355347
4922010,375507,32.355347
4927010,375538,32.355347
4932010,375569,32.355347
4937010,375599,31.311628
4942010,375630,32.355347
4947010,375661,32.355347
4952010,375692,32.355347
4957010,375723,32.355347
4962010,375753,31.311628
4967010,375784,32.355347
4972010,375815,32.355347
4977010,375846,32.355347
4982010,375877,32.355347
4987010,375907,31.311628
4992010,375938,32.355347
4997010,375969,32.355347
5002010,375999,31.311628
5007010,376030,32.355347
5012010,376061,32.355347
5017010,376092,32.355347
5022010,376123,32.355347
5027010,376153,31.311628
5032010,376184,32.355347
5037010,376215,32.355347
5042010,376245,31.311628
5047010,376276,32.355347
5052010,376307,32.355347
5057010,376338,32.355347
5062010,376368,31.311628
5067010,376399,32.355347
5072010,376430,32.355347
5077010,376461,32.355347
5082010,376491,31.311628
5087010,376522,32.355347
5092010,376553,32.355347
5097010,376583,31.311628
5102010,376614,32.355347
5107010,376645,32.355347
5112010,376676,32.355347
5117010,376706,31.311628
5122010,376737,32.355347
5127010,376768,32.355347
5132010,376799,32.355347
5137010,376829,31.311628
5142010,376860,32.355347
5147010,376891,32.355347
5152010,376921,31.311628
5157010,376952,32.355347
5162010,376983,32.355347
5167010,377013,31.311628
5172010,377044,32.355347
5177010,377075,32.355347
5182010,377105,31.311628
5187010,377136,32.355347
5192010,377167,32.355347
5197010,377198,32.355347
5202010,377228,31.311628
5207010,377259,32.355347
5212010,377290,32.355347
5217010,377320,31.311628
5222010,377351,32.355347
5227010,377382,32.355347
5232010,377412,31.311628
5237010,377443,32.355347
5242010,377474,32.355347
5247010,377504,31.311628
5252010,377535,32.355347
5257010,377566,32.355347
5262010,377596,31.311628
5267010,377627,32.355347
5272010,377658,32.355347
5277010,377688,31.311628
5282010,377719,32.355347
5287010,377750,32.355347
5292010,377781,32.355347
5297010,377811,31.311628
5302010,377842,32.355347
5307010,377873,32.355347
5312010,377903,31.311628
5317010,377934,32.355347
5322010,377965,32.355347
5327010,377995,31.311628
5332010,378026,32.355347
5337010,378057,32.355347
5342010,378088,32.355347
5347010,378118,31.311628
5352010,378149,32.355347
5357010,378180,32.355347
5362010,378211,32.355347
5367010,378241,31.311628
5372010,378272,32.355347
5377010,378303,32.355347
5382010,378333,31.311628
5387010,378364,32.355347
5392010,378395,32.355347
5397010,378426,32.355347
5402010,378456,31.311628
5407010,378487,32.355347
5412010,378518,32.355347
5417010,378548,31.311628
5422010,378579,32.355347
5427010,378610,32.355347
5432010,378641,32.355347
5437010,378671,31.311628
5442010,378702,32.355347
5447010,378733,32.355347
5452010,378763,31.311628
5457010,378794,32.355347
5462010,378825,32.355347
5467010,378856,32.355347
5472010,378886,31.311628
5477010,378917,32.355347
5482010,378948,32.355347
5487010,378979,32.355347
5492010,379009,31.311628
5497010,379040,32.355347
5502010,379071,32.355347
5507010,379102,32.355347
5512010,379133,32.355347
5517010,379164,32.355347
5522010,379195,32.355347
5527010,379225,31.311628
5532010,379256,32.355347
5537010,379287,32.355347
5542010,379318,32.355347
5547010,379349,32.355347
5552010,379380,32.355347
5557010,379411,32.355347
5562010,379442,32.355347
5567010,379473,32.355347
5572010,379503,31.311628
5577010,379534,32.355347
5582010,379565,32.355347
5587010,379596,32.355347
5592010,379627,32.355347
5597010,379658,32.355347
5602010,379689,32.355347
5607010,379720,32.355347
5612010,379750,31.311628
5617010,379781,32.355347
5622010,379812,32.355347
5627010,379843,32.355347
5632010,379874,32.355347
5637010,379905,32.355347
5642010,379935,31.311628
5647010,379966,32.355347
5652010,379997,32.355347
5657010,380028,32.355347
5662010,380058,31.311628
5667010,380089,32.355347
5672010,380120,32.355347
5677010,380151,32.355347
5682010,380181,31.311628
5687010,380212,32.355347
5692010,380243,32.355347
5697010,380274,32.355347
5702010,380304,31.311628
5707010,380335,32.355347
5712010,380366,32.355347
5717010,380397,32.355347
5722010,380427,31.311628
5727010,380458,32.355347
5732010,380489,32.355347
5737010,380519,31.311628
5742010,380550,32.355347
5747010,380581,32.355347
5752010,380612,32.355347
5757010,380642,31.311628
5762010,380673,32.355347
5767010,380704,32.355347
5772010,380734,31.311628
5777010,380765,32.355347
5782010,380796,32.355347
5787010,380827,32.355347
5792010,380857,31.311628
5797010,380888,32.355347
5802010,380919,32.355347
5807010,380949,31.311628
5812010,380980,32.355347
5817010,381011,32.355347
5822010,381042,32.355347
5827010,381072,31.311628
5832010,381103,32.355347
5837010,381134,32.355347
5842010,381165,32.355347
5847010,381195,31.311628
5852010,381226,32.355347
5857010,381257,32.355347
5862010,381287,31.311628
5867010,381318,32.355347
5872010,381349,32.355347
5877010,381379,31.311628
5882010,381410,32.355347
5887010,381441,32.355347
5892010,381472,32.355347
5897010,381503,32.355347
5902010,381533,31.311628
5907010,381564,32.355347
5912010,381595,32.355347
5917010,381625,31.311628
5922010,381656,32.355347
5927010,381687,32.355347
5932010,381718,32.355347
5937010,381748,31.311628
5942010,381779,32.355347
5947010,381810,32.355347
5952010,381841,32.355347
5957010,381871,31.311628
5962010,381902,32.355347
5967010,381933,32.355347
5972010,381964,32.355347
5977010,381994,31.311628
5982010,382025,32.355347
5987010,382056,32.355347
5992010,382087,32.355347
5997010,382117,31.311628
6002010,382148,32.355347
6007010,382179,32.355347
6012010,382210,32.355347
6017010,382240,31.311628
6022010,382271,32.355347
6027010,382302,32.355347
6032010,382333,32.355347
6037010,382363,31.311628
6042010,382394,32.355347
6047010,382425,32.355347
6052010,382456,32.355347
6057010,382486,31.311628
6062010,382517,32.355347
6067010,382548,32.355347
6072010,382579,32.355347
6077010,382609,31.311628
6082010,382640,32.355347
6087010,382671,32.355347
6092010,382702,32.355347
6097010,382733,32.355347
6102010,382763,31.311628
6107010,382794,32.355347
6112010,382825,32.355347
6117010,382856,32.355347
6122010,382887,32.355347
6127010,382917,31.311628
6132010,382948,32.355347
6137010,382979,32.355347
6142010,383010,32.355347
6147010,383041,32.355347
6152010,383071,31.311628
6157010,383102,32.355347
6162010,383133,32.355347
6167010,383164,32.355347
6172010,383194,31.311628
6177010,383225,32.355347
6182010,383256,32.355347
6187010,383287,32.355347
6192010,383317,31.311628
6197010,383348,32.355347
6202010,383379,32.355347
6207010,383410,32.355347
6212010,383441,32.355347
6217010,383471,31.311628
6222010,383502,32.355347
6227010,383533,32.355347
6232010,383563,31.311628
6237010,383594,32.355347
6242010,383625,32.355347
6247010,383656,32.355347
6252010,383687,32.355347
6257010,383717,31.311628
6262010,383748,32.355347
6267010,383779,32.355347
6272010,383809,31.311628
6277010,383840,32.355347
6282010,383871,32.355347
6287010,383902,32.355347
6292010,383933,32.355347
6297010,383963,31.311628
6302010,383994,32.355347
6307010,384025,32.355347
6312010,384056,32.355347
6317010,384086,31.311628
6322010,384117,32.355347
6327010,384148,32.355347
6332010,384179,32.355347
6337010,384209,31.311628
6342010,384240,32.355347
6347010,384271,32.355347
6352010,384302,32.355347
6357010,384333,32.355347
6362010,384363,31.311628
6367010,384394,32.355347
6372010,384425,32.355347
6377010,384456,32.355347
6382010,384487,32.355347
6387010,384517,31.311628
6392010,384548,32.355347
6397010,384579,32.355347
6402010,384610,32.355347
6407010,384641,32.355347
6412010,384671,31.311628
6417010,384702,32.355347
6422010,384733,32.355347
6427010,384764,32.355347
6432010,384795,32.355347
6437010,384825,31.311628
6442010,384856,32.355347
6447010,384887,32.355347
6452010,384918,32.355347
6457010,384949,32.355347
6462010,384979,31.311628
6467010,385010,32.355347
6472010,385041,32.355347
6477010,385071,31.311628
6482010,385102,32.355347
6487010,385133,32.355347
6492010,385164,32.355347
6497010,385194,31.311628
6502010,385225,32.355347
6507010,385256,32.355347
6512010,385287,32.355347
6517010,385317,31.311628
6522010,385348,32.355347
6527010,385379,32.355347
6532010,385409,31.311628
6537010,385440,32.355347
6542010,385471,32.355347
6547010,385502,32.355347
6552010,385533,32.355347
6557010,385563,31.311628
6562010,385594,32.355347
6567010,385625,32.355347
6572010,385656,32.355347
6577010,385687,32.355347
6582010,385717,31.311628
6587010,385748,32.355347
6592010,385779,32.355347
6597010,385810,32.355347
6602010,385840,31.311628
6607010,385871,32.355347
6612010,385902,32.355347
6617010,385933,32.355347
6622010,385963,31.311628
6627010,385994,32.355347
6632010,386025,32.355347
6637010,386056,32.355347
6642010,386086,31.311628
6647010,386117,32.355347
6652010,386148,32.355347
6657010,386179,32.355347
6662010,386209,31.311628
6667010,386240,32.355347
6672010,386271,32.355347
6677010,386302,32.355347
6682010,386333,32.355347
6687010,386363,31.311628
6692010,386394,32.355347
6697010,386425,32.355347
6702010,386456,32.355347
6707010,386486,31.311628
6712010,386517,32.355347
6717010,386548,32.355347
6722010,386579,32.355347
6727010,386609,31.311628
6732010,386640,32.355347
6737010,386671,32.355347
6742010,386702,32.355347
6747010,386733,32.355347
6752010,386763,31.311628
6757010,386794,32.355347
6762010,386825,32.355347
6767010,386856,32.355347
6772010,386887,32.355347
6777010,386918,32.355347
6782010,386949,32.355347
6787010,386980,32.355347
6792010,387010,31.311628
6797010,387041,32.355347
6802010,387072,32.355347
6807010,387103,32.355347
6812010,387134,32.355347
6817010,387165,32.355347
6822010,387196,32.355347
6827010,387227,32.355347
6832010,387258,32.355347
6837010,387289,32.355347
6842010,387319,31.311628
6847010,387350,32.355347
6852010,387381,32.355347
6857010,387412,32.355347
6862010,387443,32.355347
6867010,387474,32.355347
6872010,387505,32.355347
6877010,387536,32.355347
6882010,387567,32.355347
6887010,387598,32.355347
6892010,387629,32.355347
6897010,387659,31.311628
6902010,387690,32.355347
6907010,387721,32.355347
6912010,387752,32.355347
6917010,387783,32.355347
6922010,387814,32.355347
6927010,387845,32.355347
6932010,387876,32.355347
6937010,387907,32.355347
6942010,387938,32.355347
6947010,387969,32.355347
6952010,388000,32.355347
6957010,388030,31.311628
6962010,388061,32.355347
6967010,388092,32.355347
6972010,388123,32.355347
6977010,388154,32.355347
6982010,388185,32.355347
6987010,388216,32.355347
6992010,388247,32.355347
6997010,388278,32.355347
7002010,388309,32.355347
7007010,388340,32.355347
7012010,388371,32.355347
7017010,388401,31.311628
7022010,388432,32.355347
7027010,388463,32.355347
7032010,388494,32.355347
7037010,388525,32.355347
7042010,388556,32.355347
7047010,388587,32.355347
7052010,388618,32.355347
7057010,388649,32.355347
7062010,388680,32.355347
7067010,388711,32.355347
7072010,388741,31.311628
7077010,388772,32.355347
7082010,388803,32.355347
7087010,388834,32.355347
7092010,388865,32.355347
7097010,388896,32.355347
7102010,388927,32.355347
7107010,388958,32.355347
7112010,388989,32.355347
7117010,389020,32.355347
7122010,389051,32.355347
7127010,389082,32.355347
7132010,389113,32.355347
7137010,389143,31.311628
7142010,389174,32.355347
7147010,389205,32.355347
7152010,389236,32.355347
7157010,389267,32.355347
7162010,389298,32.355347
7167010,389329,32.355347
7172010,389360,32.355347
7177010,389391,32.355347
7182010,389422,32.355347
7187010,389452,31.311628
7192010,389483,32.355347
7197010,389514,32.355347
7202010,389545,32.355347
7207010,389576,32.355347
7212010,389607,32.355347
7217010,389637,31.311628
7222010,389668,32.355347
7227010,389699,32.355347
7232010,389730,32.355347
7237010,389760,31.311628
7242010,389791,32.355347
7247010,389822,32.355347
7252010,389853,32.355347
7257010,389883,31.311628
7262010,389914,32.355347
7267010,389945,32.355347
7272010,389976,32.355347
7277010,390006,31.311628
7282010,390037,32.355347
7287010,390068,32.355347
7292010,390099,32.355347
7297010,390129,31.311628
7302010,390160,32.355347
7307010,390191,32.355347
7312010,390222,32.355347
7317010,390252,31.311628
7322010,390283,32.355347
7327010,390314,32.355347
7332010,390345,32.355347
7337010,390375,31.311628
7342010,390406,32.355347
7347010,390437,32.355347
7352010,390468,32.355347
7357010,390498,31.311628
7362010,390529,32.355347
7367010,390560,32.355347
7372010,390591,32.355347
7377010,390621,31.311628
7382010,390652,32.355347
7387010,390683,32.355347
7392010,390713,31.311628
7397010,390744,32.355347
7402010,390775,32.355347
7407010,390806,32.355347
7412010,390837,32.355347
7417010,390867,31.311628
7422010,390898,32.355347
7427010,390929,32.355347
7432010,390960,32.355347
7437010,390990,31.311628
7442010,391021,32.355347
7447010,391052,32.355347
7452010,391083,32.355347
7457010,391113,31.311628
7462010,391144,32.355347
7467010,391175,32.355347
7472010,391206,32.355347
7477010,391237,32.355347
7482010,391267,31.311628
7487010,391298,32.355347
7492010,391329,32.355347
7497010,391359,31.311628
7502010,391390,32.355347
7507010,391421,32.355347
7512010,391452,32.355347
7517010,391483,32.355347
7522010,391513,31.311628
7527010,391544,32.355347
7532010,391575,32.355347
7537010,391606,32.355347
7542010,391637,32.355347
7547010,391668,32.355347
7552010,391699,32.355347
7557010,391730,32.355347
7562010,391761,32.355347
7567010,391791,31.311628
7572010,391822,32.355347
7577010,391853,32.355347
7582010,391884,32.355347
7587010,391915,32.355347
7592010,391946,32.355347
7597010,391977,32.355347
7602010,392008,32.355347
7607010,392038,31.311628
7612010,392069,32.355347
7617010,392100,32.355347
7622010,392131,32.355347
7627010,392162,32.355347
7632010,392193,32.355347
7637010,392223,31.311628
7642010,392254,32.355347
7647010,392285,32.355347
7652010,392316,32.355347
7657010,392347,32.355347
7662010,392378,32.355347
7667010,392408,31.311628
7672010,392439,32.355347
7677010,392470,32.355347
7682010,392501,32.355347
7687010,392532,32.355347
7692010,392563,32.355347
7697010,392594,32.355347
7702010,392625,32.355347
7707010,392655,31.311628
7712010,392686,32.355347
7717010,392717,32.355347
7722010,392748,32.355347
7727010,392779,32.355347
7732010,392810,32.355347
7737010,392841,32.355347
7742010,392872,32.355347
7747010,392903,32.355347
7752010,392934,32.355347
7757010,392965,32.355347
7762010,392996,32.355347
7767010,393027,32.355347
7772010,393057,31.311628
7777010,393088,32.355347
7782010,393119,32.355347
7787010,393150,32.355347
7792010,393181,32.355347
7797010,393212,32.355347
7802010,393243,32.355347
7807010,393274,32.355347
7812010,393305,32.355347
7817010,393336,32.355347
7822010,393367,32.355347
7827010,393398,32.355347
7832010,393429,32.355347
7837010,393460,32.355347
7842010,393491,32.355347
7847010,393522,32.355347
7852010,393553,32.355347
7857010,393583,31.311628
7862010,393615,33.399071
7867010,393645,31.311628
7872010,393676,32.355347
7877010,393707,32.355347
7882010,393738,32.355347
7887010,393769,32.355347
7892010,393800,32.355347
7897010,393831,32.355347
7902010,393862,32.355347
7907010,393893,32.355347
7912010,393924,32.355347
7917010,393955,32.355347
7922010,393986,32.355347
7927010,394017,32.355347
7932010,394048,32.355347
7937010,394079,32.355347
7942010,394110,32.355347
7947010,394141,32.355347
7952010,394171,31.311628
7957010,394202,32.355347
7962010,394233,32.355347
7967010,394264,32.355347
7972010,394295,32.355347
7977010,394326,32.355347
7982010,394357,32.355347
7987010,394388,32.355347
7992010,394419,32.355347
7997010,394450,32.355347
8002010,394481,32.355347
8007010,394511,31.311628
8012010,394542,32.355347
8017010,394573,32.355347
8022010,394604,32.355347
8027010,394635,32.355347
8032010,394666,32.355347
8037010,394697,32.355347
8042010,394728,32.355347
8047010,394759,32.355347
8052010,394789,31.311628
8057010,394820,32.355347
8062010,394851,32.355347
8067010,394882,32.355347
8072010,394913,32.355347
8077010,394944,32.355347
8082010,394975,32.355347
8087010,395006,32.355347
8092010,395037,32.355347
8097010,395068,32.355347
8102010,395099,32.355347
8107010,395129,31.311628
8112010,395161,33.399071
8117011,395191,31.305365
8122012,395222,32.348877
8127012,395253,32.355347
8132012,395284,32.355347
8137012,395315,32.355347
8142012,395346,32.355347
8147012,395377,32.355347
8152012,395408,32.355347
8157012,395439,32.355347
8162012,395470,32.355347
8167012,395501,32.355347
8172012,395532,32.355347
8177012,395563,32.355347
8182012,395593,31.311628
8187012,395624,32.355347
8192012,395655,32.355347
8197012,395686,32.355347
8202012,395717,32.355347
8207012,395748,32.355347
8212012,395779,32.355347
8217012,395810,32.355347
8222012,395841,32.355347
8227012,395872,32.355347
8232012,395903,32.355347
8237012,395934,32.355347
8242012,395965,32.355347
8247012,395996,32.355347
8252012,396027,32.355347
8257012,396058,32.355347
8262012,396089,32.355347
8267012,396119,31.311628
8272012,396150,32.355347
8277012,396181,32.355347
8282012,396212,32.355347
8287012,396243,32.355347
8292012,396274,32.355347
8297012,396305,32.355347
8302012,396336,32.355347
8307012,396367,32.355347
8312012,396398,32.355347
8317012,396429,32.355347
8322012,396460,32.355347
8327012,396491,32.355347
8332012,396521,31.311628
8337012,396552,32.355347
8342012,396583,32.355347
8347012,396614,32.355347
8352012,396645,32.355347
8357012,396676,32.355347
8362012,396707,32.355347
8367012,396738,32.355347
8372012,396769,32.355347
8377012,396800,32.355347
8382012,396831,32.355347
8387012,396861,31.311628
8392012,396892,32.355347
8397012,396923,32.355347
8402012,396954,32.355347
8407012,396985,32.355347
8412012,397016,32.355347
8417012,397047,32.355347
8422012,397078,32.355347
8427012,397109,32.355347
8432012,397140,32.355347
8437012,397171,32.355347
8442012,397202,32.355347
8447012,397233,32.355347
8452012,397264,32.355347
8457012,397295,32.355347
8462012,397325,31.311628
8467012,397356,32.355347
8472012,397387,32.355347
8477012,397418,32.355347
8482012,397449,32.355347
8487012,397480,32.355347
8492012,397511,32.355347
8497012,397542,32.355347
8502012,397573,32.355347
8507012,397604,32.355347
8512012,397635,32.355347
8517012,397666,32.355347
8522012,397697,32.355347
8527012,397728,32.355347
8532012,397759,32.355347
8537012,397790,32.355347
8542012,397821,32.355347
8547012,397852,32.355347
8552012,397883,32.355347
8557012,397913,31.311628
8562012,397945,33.399071
8567012,397975,31.311628
8572012,398006,32.355347
8577012,398037,32.355347
8582012,398068,32.355347
8587012,398099,32.355347
8592012,398130,32.355347
8597012,398161,32.355347
8602012,398192,32.355347
8607012,398223,32.355347
8612012,398254,32.355347
8617012,398285,32.355347
8622012,398316,32.355347
8627012,398347,32.355347
8632012,398378,32.355347
8637012,398409,32.355347
8642012,398440,32.355347
8647012,398471,32.355347
8652012,398501,31.311628
8657012,398533,33.399071
8662013,398563,31.305365
8667014,398594,32.348877
8672015,398625,32.348877
8677015,398656,32.355347
8682015,398687,32.355347
8687015,398718,32.355347
8692015,398749,32.355347
8697015,398780,32.355347
8702015,398811,32.355347
8707015,398842,32.355347
8712015,398873,32.355347
8717015,398904,32.355347
8722015,398935,32.355347
8727015,398966,32.355347
8732015,398997,32.355347
8737015,399028,32.355347
8742015,399059,32.355347
8747015,399090,32.355347
8752015,399121,32.355347
8757015,399151,31.311628
8762015,399182,32.355347
8767016,399213,32.348877
8772016,399244,32.355347
8777017,399275,32.348877
8782018,399306,32.348877
8787019,399337,32.348877
8792019,399368,32.355347
8797019,399399,32.355347
8802019,399430,32.355347
8807019,399461,32.355347
8812019,399492,32.355347
8817019,399523,32.355347
8822019,399554,32.355347
8827019,399585,32.355347
8832019,399615,31.311628
8837019,399646,32.355347
8842019,399677,32.355347
8847019,399708,32.355347
8852019,399739,32.355347
8857019,399770,32.355347
8862019,399801,32.355347
8867019,399832,32.355347
8872019,399863,32.355347
8877019,399893,31.311628
8882019,399924,32.355347
8887019,399955,32.355347
8892019,399986,32.355347
8897019,400017,32.355347
8902019,400048,32.355347
8907019,400079,32.355347
8912019,400110,32.355347
8917019,400141,32.355347
8922019,400171,31.311628
8927019,400202,32.355347
8932019,400233,32.355347
8937019,400264,32.355347
8942019,400295,32.355347
8947019,400326,32.355347
8952019,400357,32.355347
8957019,400388,32.355347
8962019,400419,32.355347
8967019,400450,32.355347
8972019,400480,31.311628
8977019,400511,32.355347
8982019,400542,32.355347
8987019,400573,32.355347
8992019,400604,32.355347
8997019,400635,32.355347
9002019,400666,32.355347
9007019,400697,32.355347
9012019,400728,32.355347
9017019,400759,32.355347
9022019,400790,32.355347
9027019,400821,32.355347
9032019,400851,31.311628
9037019,400882,32.355347
9042019,400913,32.355347
9047019,400944,32.355347
9052019,400975,32.355347
9057019,401006,32.355347
9062019,401037,32.355347
9067019,401068,32.355347
9072019,401099,32.355347
9077019,401130,32.355347
9082019,401161,32.355347
9087019,401192,32.355347
9092019,401223,32.355347
9097019,401254,32.355347
9102019,401285,32.355347
9107019,401315,31.311628
9112019,401346,32.355347
9117019,401377,32.355347
9122019,401408,32.355347
9127019,401439,32.355347
9132019,401470,32.355347
9137019,401501,32.355347
9142019,401532,32.355347
9147019,401563,32.355347
9152019,401594,32.355347
9157019,401625,32.355347
9162019,401656,32.355347
9167019,401687,32.355347
9172019,401717,31.311628
9177019,401749,33.399071
9182020,401779,31.305365
9187021,401810,32.348877
9192021,401841,32.355347
9197021,401872,32.355347
9202021,401903,32.355347
9207021,401934,32.355347
9212021,401965,32.355347
9217021,401996,32.355347
9222021,402027,32.355347
9227021,402058,32.355347
9232021,402089,32.355347
9237021,402120,32.355347
9242021,402151,32.355347
9247021,402182,32.355347
9252021,402213,32.355347
9257021,402243,31.311628
9262021,402275,33.399071
9267021,402305,31.311628
9272021,402336,32.355347
9277021,402367,32.355347
9282021,402398,32.355347
9287021,402429,32.355347
9292021,402460,32.355347
9297021,402491,32.355347
9302021,402522,32.355347
9307021,402553,32.355347
9312021,402584,32.355347
9317021,402615,32.355347
9322021,402646,32.355347
9327021,402677,32.355347
9332021,402708,32.355347
9337021,402739,32.355347
9342021,402770,32.355347
9347021,402801,32.355347
9352021,402831,31.311628
9357021,402862,32.355347
9362021,402893,32.355347
9367021,402924,32.355347
9372021,402955,32.355347
9377021,402986,32.355347
9382021,403017,32.355347
9387021,403048,32.355347
9392021,403079,32.355347
9397021,403110,32.355347
9402021,403141,32.355347
9407021,403172,32.355347
9412021,403203,32.355347
9417021,403234,32.355347
9422021,403265,32.355347
9427021,403295,31.311628
9432021,403326,32.355347
9437021,403357,32.355347
9442021,403388,32.355347
9447021,403419,32.355347
9452021,403450,32.355347
9457021,403481,32.355347
9462021,403512,32.355347
9467021,403543,32.355347
9472021,403574,32.355347
9477021,403605,32.355347
9482021,403636,32.355347
9487021,403667,32.355347
9492021,403697,31.311628
9497021,403729,33.399071
9502022,403759,31.305365
9507023,403790,32.348877
9512024,403821,32.348877
9517024,403852,32.355347
9522024,403883,32.355347
9527024,403914,32.355347
9532024,403945,32.355347
9537024,403976,32.355347
9542024,404007,32.355347
9547024,404038,32.355347
9552024,404069,32.355347
9557024,404100,32.355347
9562024,404131,32.355347
9567024,404162,32.355347
9572024,404193,32.355347
9577024,404224,32.355347
9582024,404255,32.355347
9587024,404285,31.311628
9592024,404316,32.355347
9597025,404347,32.348877
9602025,404378,32.355347
9607026,404409,32.348877
9612027,404440,32.348877
9617028,404471,32.348877
9622028,404502,32.355347
9627028,404533,32.355347
9632028,404564,32.355347
9637028,404595,32.355347
9642028,404626,32.355347
9647028,404657,32.355347
9652028,404688,32.355347
9657028,404719,32.355347
9662028,404750,32.355347
9667028,404781,32.355347
9672028,404811,31.311628
9677028,404842,32.355347
9682028,404873,32.355347
9687028,404904,32.355347
9692028,404935,32.355347
9697028,404966,32.355347
9702028,404997,32.355347
9707028,405028,32.355347
9712028,405059,32.355347
9717028,405090,32.355347
9722028,405121,32.355347
9727028,405151,31.311628
9732028,405182,32.355347
9737028,405213,32.355347
9742028,405244,32.355347
9747028,405275,32.355347
9752028,405306,32.355347
9757028,405337,32.355347
9762028,405367,31.311628
9767028,405398,32.355347
9772028,405429,32.355347
9777028,405460,32.355347
9782028,405491,32.355347
9787028,405522,32.355347
9792028,405553,32.355347
9797028,405583,31.311628
9802028,405614,32.355347
9807028,405645,32.355347
9812028,405676,32.355347
9817028,405707,32.355347
9822028,405738,32.355347
9827028,405769,32.355347
9832028,405799,31.311628
9837028,405830,32.355347
9842028,405861,32.355347
9847028,405892,32.355347
9852028,405923,32.355347
9857028,405954,32.355347
9862028,405985,32.355347
9867028,406016,32.355347
9872028,406047,32.355347
9877028,406078,32.355347
9882028,406109,32.355347
9887028,406140,32.355347
9892028,406171,32.355347
9897028,406201,31.311628
9902028,406232,32.355347
9907028,406263,32.355347
9912028,406294,32.355347
9917028,406325,32.355347
9922028,406356,32.355347
9927028,406387,32.355347
9932028,406418,32.355347
9937028,406449,32.355347
9942028,406480,32.355347
9947028,406511,32.355347
9952028,406542,32.355347
9957028,406573,32.355347
9962028,406604,32.355347
9967028,406635,32.355347
9972028,406665,31.311628
9977028,406696,32.355347
9982028,406727,32.355347
9987028,406758,32.355347
9992028,406789,32.355347
9997028,406820,32.355347
10002028,406851,32.355347
10007028,406882,32.355347
10012028,406913,32.355347
10017028,406944,32.355347
10022028,406975,32.355347
10027028,407006,32.355347
10032028,407037,32.355347
10037028,407068,32.355347
10042028,407099,32.355347
10047028,407130,32.355347
10052028,407161,32.355347
10057028,407191,31.311628
10062028,407222,32.355347
10067028,407253,32.355347
10072028,407284,32.355347
10077028,407315,32.355347
10082028,407346,32.355347
10087028,407377,32.355347
10092028,407408,32.355347
10097028,407439,32.355347
10102028,407470,32.355347
10107028,407501,32.355347
10112028,407531,31.311628
10117028,407562,32.355347
10122028,407593,32.355347
10127028,407624,32.355347
10132028,407655,32.355347
10137028,407686,32.355347
10142028,407717,32.355347
10147028,407748,32.355347
10152028,407779,32.355347
10157028,407810,32.355347
10162028,407841,32.355347
10167028,407871,31.311628
10172028,407902,32.355347
10177028,407933,32.355347
10182028,407964,32.355347
10187028,407995,32.355347
10192028,408026,32.355347
10197028,408057,32.355347
10202028,408087,31.311628
10207028,408118,32.355347
10212028,408149,32.355347
10217028,408180,32.355347
10222028,408211,32.355347
10227028,408242,32.355347
10232028,408272,31.311628
10237028,408303,32.355347
10242028,408334,32.355347
10247028,408365,32.355347
10252028,408396,32.355347
10257028,408426,31.311628
10262028,408457,32.355347
10267028,408488,32.355347
10272028,408519,32.355347
10277028,408550,32.355347
10282028,408580,31.311628
10287028,408611,32.355347
10292028,408642,32.355347
10297028,408673,32.355347
10302028,408704,32.355347
10307028,408735,32.355347
