
Time_us,Position,Speed_rad_per_s
1312008,367376,0.000000
1317009,367376,0.000000
1322009,367376,0.000000
1327009,367376,0.000000
1332009,367376,0.000000
1337009,367377,1.043721
1342009,367377,0.000000
1347009,367377,0.000000
1352009,367378,1.043721
1357009,367379,1.043721
1362009,367380,1.043721
1367009,367380,0.000000
1372009,367380,0.000000
1377009,367381,1.043721
1382009,367381,0.000000
1387009,367381,0.000000
1392009,367382,1.043721
1397009,367383,1.043721
1402009,367384,1.043721
1407009,367384,0.000000
1412009,367385,1.043721
1417009,367386,1.043721
1422009,367387,1.043721
1427009,367388,1.043721
1432009,367388,0.000000
1437009,367389,1.043721
1442009,367390,1.043721
1447009,367391,1.043721
1452009,367392,1.043721
1457009,367392,0.000000
1462009,367393,1.043721
1467009,367394,1.043721
1472009,367395,1.043721
1477009,367396,1.043721
1482009,367397,1.043721
1487009,367398,1.043721
1492009,367399,1.043721
1497009,367400,1.043721
1502009,367401,1.043721
1507009,367403,2.087442
1512009,367404,1.043721
1517009,367405,1.043721
1522009,367406,1.043721
1527009,367407,1.043721
1532009,367409,2.087442
1537009,367410,1.043721
1542009,367411,1.043721
1547009,367412,1.043721
1552009,367414,2.087442
1557009,367415,1.043721
1562009,367416,1.043721
1567009,367418,2.087442
1572009,367419,1.043721
1577009,367421,2.087442
1582009,367422,1.043721
1587009,367424,2.087442
1592009,367425,1.043721
1597009,367426,1.043721
1602009,367428,2.087442
1607009,367429,1.043721
1612009,367431,2.087442
1617009,367432,1.043721
1622009,367434,2.087442
1627009,367436,2.087442
1632009,367437,1.043721
1637009,367439,2.087442
1642009,367440,1.043721
1647009,367442,2.087442
1652009,367443,1.043721
1657009,367445,2.087442
1662009,367447,2.087442
1667009,367448,1.043721
1672009,367450,2.087442
1677009,367452,2.087442
1682009,367453,1.043721
1687009,367455,2.087442
1692009,367457,2.087442
1697009,367459,2.087442
1702009,367460,1.043721
1707009,367462,2.087442
1712009,367464,2.087442
1717009,367466,2.087442
1722009,367467,1.043721
1727009,367469,2.087442
1732009,367471,2.087442
1737009,367473,2.087442
1742009,367475,2.087442
1747009,367476,1.043721
1752009,367478,2.087442
1757009,367480,2.087442
1762009,367482,2.087442
1767009,367484,2.087442
1772009,367486,2.087442
1777009,367488,2.087442
1782009,367489,1.043721
1787009,367491,2.087442
1792009,367493,2.087442
1797009,367495,2.087442
1802009,367497,2.087442
1807009,367499,2.087442
1812009,367501,2.087442
1817009,367503,2.087442
1822009,367504,1.043721
1827009,367506,2.087442
1832009,367508,2.087442
1837009,367510,2.087442
1842009,367512,2.087442
1847009,367514,2.087442
1852009,367516,2.087442
1857009,367518,2.087442
1862009,367520,2.087442
1867009,367522,2.087442
1872009,367524,2.087442
1877009,367526,2.087442
1882009,367528,2.087442
1887009,367530,2.087442
1892009,367532,2.087442
1897009,367534,2.087442
1902009,367536,2.087442
1907009,367538,2.087442
1912009,367540,2.087442
1917009,367542,2.087442
1922009,367544,2.087442
1927009,367545,1.043721
1932009,367548,3.131163
1937009,367550,2.087442
1942009,367552,2.087442
1947009,367554,2.087442
1952009,367556,2.087442
1957009,367558,2.087442
1962009,367560,2.087442
1967009,367562,2.087442
1972009,367564,2.087442
1977009,367566,2.087442
1982009,367568,2.087442
1987009,367570,2.087442
1992009,367572,2.087442
1997009,367574,2.087442
2002009,367576,2.087442
2007009,367578,2.087442
2012009,367580,2.087442
2017009,367582,2.087442
2022009,367584,2.087442
2027009,367586,2.087442
2032009,367588,2.087442
2037009,367590,2.087442
2042009,367592,2.087442
2047009,367594,2.087442
2052009,367596,2.087442
2057009,367598,2.087442
2062009,367601,3.131163
2067009,367603,2.087442
2072009,367605,2.087442
2077009,367607,2.087442
2082009,367609,2.087442
2087009,367611,2.087442
2092009,367613,2.087442
2097009,367615,2.087442
2102009,367617,2.087442
2107009,367619,2.087442
2112009,367621,2.087442
2117009,367623,2.087442
2122009,367625,2.087442
2127009,367628,3.131163
2132009,367629,1.043721
2137009,367632,3.131163
2142009,367634,2.087442
2147009,367636,2.087442
2152009,367638,2.087442
2157009,367640,2.087442
2162009,367642,2.087442
2167009,367644,2.087442
2172009,367646,2.087442
2177009,367648,2.087442
2182009,367650,2.087442
2187009,367652,2.087442
2192009,367654,2.087442
2197009,367657,3.131163
2202009,367659,2.087442
2207009,367661,2.087442
2212009,367663,2.087442
2217009,367665,2.087442
2222009,367667,2.087442
2227009,367669,2.087442
2232009,367671,2.087442
2237009,367673,2.087442
2242009,367675,2.087442
2247009,367677,2.087442
2252009,367679,2.087442
2257009,367681,2.087442
2262009,367683,2.087442
2267009,367686,3.131163
2272009,367688,2.087442
2277009,367690,2.087442
2282009,367692,2.087442
2287009,367694,2.087442
2292009,367696,2.087442
2297009,367698,2.087442
2302009,367700,2.087442
2307009,367702,2.087442
2312009,367704,2.087442
2317009,367706,2.087442
2322009,367708,2.087442
2327009,367710,2.087442
2332009,367712,2.087442
2337009,367715,3.131163
2342009,367717,2.087442
2347009,367719,2.087442
2352009,367721,2.087442
2357009,367723,2.087442
2362009,367725,2.087442
2367009,367727,2.087442
2372009,367729,2.087442
2377009,367731,2.087442
2382009,367733,2.087442
2387009,367735,2.087442
2392009,367737,2.087442
2397009,367739,2.087442
2402009,367741,2.087442
2407009,367743,2.087442
2412009,367746,3.131163
2417009,367748,2.087442
2422009,367750,2.087442
2427009,367752,2.087442
2432009,367754,2.087442
2437009,367756,2.087442
2442009,367758,2.087442
2447009,367760,2.087442
2452009,367762,2.087442
2457009,367764,2.087442
2462009,367766,2.087442
2467009,367768,2.087442
2472009,367770,2.087442
2477009,367772,2.087442
2482009,367775,3.131163
2487009,367777,2.087442
2492009,367779,2.087442
2497009,367781,2.087442
2502009,367783,2.087442
2507009,367785,2.087442
2512009,367787,2.087442
2517009,367789,2.087442
2522009,367791,2.087442
2527009,367793,2.087442
2532009,367795,2.087442
2537009,367797,2.087442
2542009,367799,2.087442
2547009,367801,2.087442
2552009,367803,2.087442
2557009,367806,3.131163
2562009,367808,2.087442
2567009,367810,2.087442
2572009,367812,2.087442
2577009,367814,2.087442
2582009,367816,2.087442
2587009,367818,2.087442
2592009,367820,2.087442
2597009,367822,2.087442
2602009,367824,2.087442
2607009,367826,2.087442
2612009,367828,2.087442
2617009,367830,2.087442
2622009,367832,2.087442
2627009,367835,3.131163
2632009,367837,2.087442
2637009,367839,2.087442
2642009,367841,2.087442
2647009,367843,2.087442
2652009,367845,2.087442
2657009,367847,2.087442
2662009,367849,2.087442
2667009,367851,2.087442
2672009,367853,2.087442
2677009,367855,2.087442
2682009,367857,2.087442
2687009,367859,2.087442
2692009,367861,2.087442
2697009,367864,3.131163
2702009,367866,2.087442
2707009,367868,2.087442
2712009,367870,2.087442
2717009,367872,2.087442
2722009,367874,2.087442
2727009,367876,2.087442
2732009,367878,2.087442
2737009,367880,2.087442
2742009,367882,2.087442
2747009,367884,2.087442
2752009,367886,2.087442
2757009,367888,2.087442
2762009,367890,2.087442
2767009,367892,2.087442
2772009,367895,3.131163
2777009,367897,2.087442
2782009,367899,2.087442
2787009,367901,2.087442
2792009,367903,2.087442
2797009,367905,2.087442
2802009,367907,2.087442
2807009,367909,2.087442
2812009,367911,2.087442
2817009,367913,2.087442
2822009,367915,2.087442
2827009,367917,2.087442
2832009,367919,2.087442
2837009,367921,2.087442
2842009,367923,2.087442
2847009,367925,2.087442
2852009,367928,3.131163
2857009,367930,2.087442
2862009,367932,2.087442
2867009,367934,2.087442
2872009,367936,2.087442
2877009,367938,2.087442
2882009,367940,2.087442
2887009,367942,2.087442
2892009,367944,2.087442
2897009,367946,2.087442
2902009,367948,2.087442
2907009,367950,2.087442
2912009,367952,2.087442
2917009,367954,2.087442
2922009,367956,2.087442
2927009,367958,2.087442
2932009,367960,2.087442
2937009,367963,3.131163
2942009,367965,2.087442
2947009,367967,2.087442
2952009,367969,2.087442
2957009,367971,2.087442
2962009,367973,2.087442
2967009,367975,2.087442
2972009,367977,2.087442
2977009,367979,2.087442
2982009,367981,2.087442
2987009,367983,2.087442
2992009,367985,2.087442
2997009,367987,2.087442
3002009,367989,2.087442
3007009,367992,3.131163
3012009,367994,2.087442
3017009,367996,2.087442
3022009,367998,2.087442
3027009,368000,2.087442
3032009,368002,2.087442
3037009,368004,2.087442
3042009,368006,2.087442
3047009,368008,2.087442
3052009,368010,2.087442
3057009,368012,2.087442
3062009,368014,2.087442
3067009,368016,2.087442
3072009,368019,3.131163
3077009,368021,2.087442
3082009,368023,2.087442
3087009,368025,2.087442
3092009,368027,2.087442
3097009,368029,2.087442
3102009,368031,2.087442
3107009,368033,2.087442
3112009,368035,2.087442
3117009,368037,2.087442
3122009,368039,2.087442
3127009,368041,2.087442
3132009,368043,2.087442
3137009,368046,3.131163
3142009,368048,2.087442
3147009,368050,2.087442
3152009,368052,2.087442
3157009,368054,2.087442
3162009,368056,2.087442
3167009,368058,2.087442
3172009,368060,2.087442
3177009,368062,2.087442
3182009,368064,2.087442
3187009,368066,2.087442
3192009,368068,2.087442
3197009,368070,2.087442
3202009,368072,2.087442
3207009,368074,2.087442
3212009,368077,3.131163
3217009,368079,2.087442
3222009,368081,2.087442
3227009,368083,2.087442
3232009,368085,2.087442
3237009,368087,2.087442
3242009,368089,2.087442
3247009,368091,2.087442
3252009,368093,2.087442
3257009,368095,2.087442
3262009,368097,2.087442
3267009,368099,2.087442
3272009,368101,2.087442
3277009,368103,2.087442
3282009,368105,2.087442
3287009,368108,3.131163
3292009,368110,2.087442
3297009,368112,2.087442
3302009,368114,2.087442
3307009,368116,2.087442
3312009,368118,2.087442
3317009,368120,2.087442
3322009,368122,2.087442
3327009,368124,2.087442
3332009,368126,2.087442
3337009,368128,2.087442
3342009,368130,2.087442
3347009,368132,2.087442
3352009,368134,2.087442
3357009,368136,2.087442
3362009,368139,3.131163
3367009,368141,2.087442
3372009,368143,2.087442
3377009,368145,2.087442
3382009,368147,2.087442
3387009,368149,2.087442
3392009,368151,2.087442
3397009,368153,2.087442
3402009,368155,2.087442
3407009,368157,2.087442
3412009,368159,2.087442
3417009,368161,2.087442
3422009,368163,2.087442
3427009,368165,2.087442
3432009,368168,3.131163
3437009,368170,2.087442
3442009,368172,2.087442
3447009,368174,2.087442
3452009,368176,2.087442
3457009,368178,2.087442
3462009,368180,2.087442
3467009,368182,2.087442
3472009,368184,2.087442
3477009,368186,2.087442
3482009,368188,2.087442
3487009,368190,2.087442
3492009,368192,2.087442
3497009,368194,2.087442
3502009,368197,3.131163
3507009,368199,2.087442
3512009,368201,2.087442
3517009,368203,2.087442
3522009,368205,2.087442
3527009,368207,2.087442
3532009,368209,2.087442
3537009,368211,2.087442
3542009,368213,2.087442
3547009,368215,2.087442
3552009,368217,2.087442
3557009,368219,2.087442
3562009,368221,2.087442
3567009,368223,2.087442
3572009,368226,3.131163
3577009,368228,2.087442
3582009,368230,2.087442
3587009,368232,2.087442
3592009,368234,2.087442
3597009,368236,2.087442
3602009,368238,2.087442
3607009,368240,2.087442
3612009,368242,2.087442
3617009,368244,2.087442
3622009,368246,2.087442
3627009,368248,2.087442
3632009,368250,2.087442
3637009,368252,2.087442
3642009,368255,3.131163
3647009,368257,2.087442
3652009,368259,2.087442
3657009,368261,2.087442
3662009,368263,2.087442
3667009,368265,2.087442
3672009,368267,2.087442
3677009,368269,2.087442
3682009,368271,2.087442
3687009,368273,2.087442
3692009,368275,2.087442
3697009,368277,2.087442
3702009,368279,2.087442
3707009,368281,2.087442
3712009,368283,2.087442
3717009,368286,3.131163
3722009,368288,2.087442
3727009,368290,2.087442
3732009,368292,2.087442
3737009,368294,2.087442
3742009,368296,2.087442
3747009,368298,2.087442
3752009,368300,2.087442
3757009,368302,2.087442
3762009,368304,2.087442
3767009,368306,2.087442
3772009,368308,2.087442
3777009,368310,2.087442
3782009,368312,2.087442
3787009,368314,2.087442
3792009,368316,2.087442
3797009,368319,3.131163
3802009,368321,2.087442
3807009,368323,2.087442
3812009,368325,2.087442
3817009,368327,2.087442
3822009,368329,2.087442
3827009,368331,2.087442
3832009,368333,2.087442
3837009,368335,2.087442
3842009,368337,2.087442
3847009,368339,2.087442
3852009,368341,2.087442
3857009,368343,2.087442
3862009,368345,2.087442
3867009,368347,2.087442
3872009,368349,2.087442
3877009,368352,3.131163
3882009,368354,2.087442
3887009,368356,2.087442
3892009,368358,2.087442
3897009,368360,2.087442
3902009,368362,2.087442
3907009,368364,2.087442
3912009,368366,2.087442
3917009,368368,2.087442
3922009,368370,2.087442
3927009,368372,2.087442
3932009,368374,2.087442
3937009,368376,2.087442
3942009,368378,2.087442
3947009,368381,3.131163
3952009,368383,2.087442
3957009,368385,2.087442
3962009,368387,2.087442
3967009,368389,2.087442
3972009,368391,2.087442
3977009,368393,2.087442
3982009,368395,2.087442
3987009,368397,2.087442
3992009,368399,2.087442
3997009,368401,2.087442
4002009,368403,2.087442
4007009,368406,3.131163
4012009,368408,2.087442
4017009,368410,2.087442
4022009,368412,2.087442
4027009,368414,2.087442
4032009,368416,2.087442
4037009,368418,2.087442
4042009,368420,2.087442
4047009,368422,2.087442
4052009,368424,2.087442
4057009,368426,2.087442
4062009,368428,2.087442
4067009,368430,2.087442
4072009,368432,2.087442
4077009,368435,3.131163
4082009,368437,2.087442
4087009,368439,2.087442
4092009,368441,2.087442
4097009,368443,2.087442
4102009,368445,2.087442
4107009,368447,2.087442
4112009,368449,2.087442
4117009,368451,2.087442
4122009,368453,2.087442
4127009,368455,2.087442
4132009,368457,2.087442
4137009,368459,2.087442
4142009,368461,2.087442
4147009,368463,2.087442
4152009,368466,3.131163
4157009,368468,2.087442
4162009,368470,2.087442
4167009,368472,2.087442
4172009,368474,2.087442
4177009,368476,2.087442
4182009,368478,2.087442
4187009,368480,2.087442
4192009,368482,2.087442
4197009,368484,2.087442
4202009,368486,2.087442
4207009,368488,2.087442
4212009,368490,2.087442
4217009,368492,2.087442
4222009,368495,3.131163
4227009,368497,2.087442
4232009,368499,2.087442
4237009,368501,2.087442
4242009,368503,2.087442
4247009,368505,2.087442
4252009,368507,2.087442
4257009,368509,2.087442
4262009,368511,2.087442
4267009,368513,2.087442
4272009,368515,2.087442
4277009,368517,2.087442
4282009,368519,2.087442
4287009,368521,2.087442
4292009,368523,2.087442
4297009,368526,3.131163
4302009,368528,2.087442
4307009,368530,2.087442
4312009,368532,2.087442
4317009,368534,2.087442
4322009,368536,2.087442
4327009,368538,2.087442
4332009,368540,2.087442
4337009,368542,2.087442
4342009,368544,2.087442
4347009,368546,2.087442
4352009,368548,2.087442
4357009,368550,2.087442
4362009,368552,2.087442
4367009,368554,2.087442
4372009,368556,2.087442
4377009,368559,3.131163
4382009,368561,2.087442
4387009,368563,2.087442
4392009,368565,2.087442
4397009,368567,2.087442
4402009,368569,2.087442
4407009,368571,2.087442
4412009,368573,2.087442
4417009,368575,2.087442
4422009,368577,2.087442
4427009,368579,2.087442
4432009,368581,2.087442
4437009,368583,2.087442
4442009,368585,2.087442
4447009,368587,2.087442
4452009,368589,2.087442
4457009,368592,3.131163
4462009,368594,2.087442
4467009,368596,2.087442
4472009,368598,2.087442
4477009,368600,2.087442
4482009,368602,2.087442
4487009,368604,2.087442
4492009,368606,2.087442
4497009,368608,2.087442
4502009,368610,2.087442
4507009,368612,2.087442
4512009,368614,2.087442
4517009,368616,2.087442
4522009,368618,2.087442
4527009,368620,2.087442
4532009,368622,2.087442
4537009,368624,2.087442
4542009,368626,2.087442
4547009,368628,2.087442
4552009,368631,3.131163
4557009,368633,2.087442
4562009,368635,2.087442
4567009,368637,2.087442
4572009,368639,2.087442
4577009,368641,2.087442
4582009,368643,2.087442
4587009,368645,2.087442
4592009,368647,2.087442
4597009,368649,2.087442
4602009,368651,2.087442
4607009,368653,2.087442
4612009,368655,2.087442
4617009,368657,2.087442
4622009,368659,2.087442
4627009,368661,2.087442
4632009,368663,2.087442
4637009,368665,2.087442
4642009,368667,2.087442
4647009,368670,3.131163
4652009,368672,2.087442
4657009,368674,2.087442
4662009,368676,2.087442
4667009,368678,2.087442
4672009,368680,2.087442
4677009,368682,2.087442
4682009,368684,2.087442
4687009,368686,2.087442
4692009,368688,2.087442
4697009,368690,2.087442
4702009,368692,2.087442
4707009,368694,2.087442
4712009,368696,2.087442
4717009,368698,2.087442
4722009,368700,2.087442
4727009,368702,2.087442
4732009,368704,2.087442
4737009,368706,2.087442
4742009,368709,3.131163
4747009,368711,2.087442
4752009,368713,2.087442
4757009,368715,2.087442
4762009,368717,2.087442
4767009,368719,2.087442
4772009,368721,2.087442
4777009,368723,2.087442
4782009,368725,2.087442
4787009,368727,2.087442
4792009,368729,2.087442
4797009,368731,2.087442
4802009,368733,2.087442
4807009,368735,2.087442
4812009,368737,2.087442
4817009,368739,2.087442
4822009,368741,2.087442
4827009,368743,2.087442
4832009,368745,2.087442
4837009,368748,3.131163
4842009,368750,2.087442
4847009,368752,2.087442
4852009,368754,2.087442
4857009,368756,2.087442
4862009,368758,2.087442
4867009,368760,2.087442
4872009,368762,2.087442
4877009,368764,2.087442
4882009,368766,2.087442
4887009,368768,2.087442
4892009,368770,2.087442
4897009,368772,2.087442
4902009,368774,2.087442
4907009,368776,2.087442
4912009,368778,2.087442
4917009,368780,2.087442
4922009,368782,2.087442
4927009,368784,2.087442
4932009,368786,2.087442
4937009,368788,2.087442
4942009,368790,2.087442
4947009,368793,3.131163
4952009,368795,2.087442
4957009,368797,2.087442
4962009,368799,2.087442
4967009,368801,2.087442
4972009,368803,2.087442
4977009,368805,2.087442
4982009,368807,2.087442
4987009,368809,2.087442
4992009,368811,2.087442
4997009,368813,2.087442
5002009,368815,2.087442
5007009,368817,2.087442
5012009,368819,2.087442
5017009,368821,2.087442
5022009,368823,2.087442
5027009,368825,2.087442
5032009,368827,2.087442
5037009,368829,2.087442
5042009,368832,3.131163
5047009,368834,2.087442
5052009,368836,2.087442
5057009,368838,2.087442
5062009,368840,2.087442
5067009,368842,2.087442
5072009,368844,2.087442
5077009,368846,2.087442
5082009,368848,2.087442
5087009,368850,2.087442
5092009,368852,2.087442
5097009,368854,2.087442
5102009,368856,2.087442
5107009,368858,2.087442
5112009,368860,2.087442
5117009,368862,2.087442
5122009,368864,2.087442
5127009,368866,2.087442
5132009,368868,2.087442
5137009,368870,2.087442
5142009,368872,2.087442
5147009,368875,3.131163
5152009,368877,2.087442
5157009,368879,2.087442
5162009,368881,2.087442
5167009,368883,2.087442
5172009,368885,2.087442
5177009,368887,2.087442
5182009,368889,2.087442
5187009,368891,2.087442
5192009,368893,2.087442
5197009,368895,2.087442
5202009,368897,2.087442
5207009,368899,2.087442
5212009,368901,2.087442
5217009,368903,2.087442
5222009,368905,2.087442
5227009,368907,2.087442
5232009,368909,2.087442
5237009,368912,3.131163
5242009,368913,1.043721
5247009,368916,3.131163
5252009,368918,2.087442
5257009,368920,2.087442
5262009,368922,2.087442
5267009,368924,2.087442
5272009,368926,2.087442
5277009,368928,2.087442
5282009,368930,2.087442
5287009,368932,2.087442
5292009,368934,2.087442
5297009,368936,2.087442
5302009,368938,2.087442
5307009,368940,2.087442
5312009,368942,2.087442
5317009,368944,2.087442
5322009,368946,2.087442
5327009,368948,2.087442
5332009,368950,2.087442
5337009,368952,2.087442
5342009,368954,2.087442
5347009,368956,2.087442
5352009,368958,2.087442
5357009,368960,2.087442
5362009,368962,2.087442
5367009,368964,2.087442
5372009,368967,3.131163
5377009,368969,2.087442
5382009,368971,2.087442
5387009,368973,2.087442
5392009,368975,2.087442
5397009,368977,2.087442
5402009,368979,2.087442
5407009,368981,2.087442
5412009,368983,2.087442
5417009,368985,2.087442
5422009,368987,2.087442
5427009,368989,2.087442
5432009,368991,2.087442
5437009,368993,2.087442
5442009,368995,2.087442
5447009,368997,2.087442
5452009,368999,2.087442
5457009,369001,2.087442
5462009,369003,2.087442
5467009,369005,2.087442
5472009,369007,2.087442
5477009,369009,2.087442
5482009,369011,2.087442
5487009,369013,2.087442
5492009,369016,3.131163
5497009,369018,2.087442
5502009,369020,2.087442
5507009,369022,2.087442
5512009,369024,2.087442
5517009,369026,2.087442
5522009,369028,2.087442
5527009,369030,2.087442
5532009,369032,2.087442
5537009,369034,2.087442
5542009,369036,2.087442
5547009,369038,2.087442
5552009,369040,2.087442
5557009,369042,2.087442
5562009,369044,2.087442
5567009,369046,2.087442
5572009,369048,2.087442
5577009,369050,2.087442
5582009,369052,2.087442
5587009,369054,2.087442
5592009,369057,3.131163
5597009,369059,2.087442
5602009,369061,2.087442
5607009,369063,2.087442
5612009,369065,2.087442
5617009,369067,2.087442
5622009,369069,2.087442
5627009,369071,2.087442
5632009,369073,2.087442
5637009,369075,2.087442
5642009,369077,2.087442
5647009,369079,2.087442
5652009,369081,2.087442
5657009,369083,2.087442
5662009,369085,2.087442
5667009,369087,2.087442
5672009,369089,2.087442
5677009,369091,2.087442
5682009,369093,2.087442
5687009,369095,2.087442
5692009,369097,2.087442
5697009,369099,2.087442
5702009,369101,2.087442
5707009,369104,3.131163
5712009,369105,1.043721
5717009,369108,3.131163
5722009,369110,2.087442
5727009,369112,2.087442
5732009,369114,2.087442
5737009,369116,2.087442
5742009,369118,2.087442
5747009,369120,2.087442
5752009,369122,2.087442
5757009,369124,2.087442
5762009,369126,2.087442
5767009,369128,2.087442
5772009,369130,2.087442
5777009,369132,2.087442
5782009,369134,2.087442
5787009,369136,2.087442
5792009,369138,2.087442
5797009,369140,2.087442
5802009,369142,2.087442
5807009,369144,2.087442
5812009,369146,2.087442
5817009,369148,2.087442
5822009,369150,2.087442
5827009,369152,2.087442
5832009,369154,2.087442
5837009,369156,2.087442
5842009,369158,2.087442
5847009,369160,2.087442
5852009,369162,2.087442
5857009,369164,2.087442
5862009,369166,2.087442
5867009,369168,2.087442
5872009,369170,2.087442
5877009,369172,2.087442
5882009,369174,2.087442
5887009,369176,2.087442
5892009,369178,2.087442
5897009,369180,2.087442
5902009,369183,3.131163
5907009,369185,2.087442
5912009,369187,2.087442
5917009,369189,2.087442
5922009,369191,2.087442
5927009,369193,2.087442
5932009,369195,2.087442
5937009,369197,2.087442
5942009,369199,2.087442
5947009,369201,2.087442
5952009,369203,2.087442
5957009,369205,2.087442
5962009,369207,2.087442
5967009,369209,2.087442
5972009,369210,1.043721
5977009,369212,2.087442
5982009,369214,2.087442
5987009,369216,2.087442
5992009,369218,2.087442
5997009,369220,2.087442
6002009,369222,2.087442
6007009,369224,2.087442
6012009,369226,2.087442
6017009,369228,2.087442
6022009,369230,2.087442
6027009,369232,2.087442
6032009,369234,2.087442
6037009,369236,2.087442
6042009,369238,2.087442
6047009,369240,2.087442
6052009,369242,2.087442
6057009,369244,2.087442
6062009,369246,2.087442
6067009,369248,2.087442
6072009,369250,2.087442
6077009,369252,2.087442
6082009,369254,2.087442
6087009,369256,2.087442
6092009,369258,2.087442
6097009,369261,3.131163
6102009,369263,2.087442
6107009,369265,2.087442
6112009,369267,2.087442
6117009,369269,2.087442
6122009,369271,2.087442
6127009,369273,2.087442
6132009,369275,2.087442
6137009,369276,1.043721
6142009,369279,3.131163
6147009,369281,2.087442
6152009,369282,1.043721
6157009,369285,3.131163
6162009,369286,1.043721
6167009,369288,2.087442
6172009,369290,2.087442
6177009,369292,2.087442
6182009,369294,2.087442
6187009,369296,2.087442
6192009,369298,2.087442
6197009,369300,2.087442
6202009,369302,2.087442
6207009,369304,2.087442
6212009,369306,2.087442
6217009,369309,3.131163
6222009,369310,1.043721
6227009,369312,2.087442
6232009,369315,3.131163
6237009,369317,2.087442
6242009,369319,2.087442
6247009,369321,2.087442
6252009,369323,2.087442
6257009,369325,2.087442
6262009,369327,2.087442
6267009,369329,2.087442
6272009,369331,2.087442
6277009,369333,2.087442
6282009,369335,2.087442
6287009,369336,1.043721
6292009,369338,2.087442
6297009,369340,2.087442
6302009,369342,2.087442
6307009,369345,3.131163
6312009,369346,1.043721
6317009,369348,2.087442
6322009,369350,2.087442
6327009,369352,2.087442
6332009,369354,2.087442
6337009,369356,2.087442
6342009,369358,2.087442
6347009,369360,2.087442
6352009,369362,2.087442
6357009,369364,2.087442
6362009,369366,2.087442
6367009,369368,2.087442
6372009,369370,2.087442
6377009,369372,2.087442
6382009,369374,2.087442
6387009,369376,2.087442
6392009,369378,2.087442
6397009,369381,3.131163
6402009,369383,2.087442
6407009,369384,1.043721
6412009,369387,3.131163
6417009,369389,2.087442
6422009,369391,2.087442
6427009,369393,2.087442
6432009,369395,2.087442
6437009,369397,2.087442
6442009,369399,2.087442
6447009,369401,2.087442
6452009,369402,1.043721
6457009,369405,3.131163
6462009,369407,2.087442
6467009,369408,1.043721
6472009,369410,2.087442
6477009,369412,2.087442
6482009,369414,2.087442
6487009,369417,3.131163
6492009,369418,1.043721
6497009,369420,2.087442
6502009,369422,2.087442
6507009,369424,2.087442
6512009,369426,2.087442
6517009,369429,3.131163
6522009,369431,2.087442
6527009,369432,1.043721
6532009,369435,3.131163
6537009,369437,2.087442
6542009,369439,2.087442
6547009,369441,2.087442
6552009,369443,2.087442
6557009,369445,2.087442
6562009,369447,2.087442
6567009,369449,2.087442
6572009,369451,2.087442
6577009,369453,2.087442
6582009,369455,2.087442
6587009,369456,1.043721
6592009,369458,2.087442
6597009,369460,2.087442
6602009,369462,2.087442
6607009,369464,2.087442
6612009,369466,2.087442
6617009,369468,2.087442
6622009,369470,2.087442
6627009,369472,2.087442
6632009,369474,2.087442
6637009,369476,2.087442
6642009,369478,2.087442
6647009,369480,2.087442
6652009,369482,2.087442
6657009,369484,2.087442
6662009,369486,2.087442
6667009,369488,2.087442
6672009,369490,2.087442
6677009,369492,2.087442
6682009,369494,2.087442
6687009,369496,2.087442
6692009,369498,2.087442
6697009,369500,2.087442
6702009,369502,2.087442
6707009,369504,2.087442
6712009,369506,2.087442
6717009,369508,2.087442
6722009,369510,2.087442
6727009,369512,2.087442
6732009,369514,2.087442
6737009,369516,2.087442
6742009,369519,3.131163
6747009,369521,2.087442
6752009,369523,2.087442
6757009,369525,2.087442
6762009,369527,2.087442
6767009,369529,2.087442
6772009,369531,2.087442
6777009,369533,2.087442
6782009,369535,2.087442
6787009,369537,2.087442
6792009,369539,2.087442
6797009,369540,1.043721
6802009,369543,3.131163
6807009,369545,2.087442
6812009,369546,1.043721
6817009,369549,3.131163
6822009,369550,1.043721
6827009,369552,2.087442
6832009,369554,2.087442
6837009,369556,2.087442
6842009,369558,2.087442
6847009,369560,2.087442
6852009,369562,2.087442
6857009,369564,2.087442
6862009,369566,2.087442
6867009,369568,2.087442
6872009,369570,2.087442
6877009,369572,2.087442
6882009,369574,2.087442
6887009,369576,2.087442
6892009,369578,2.087442
6897009,369580,2.087442
6902009,369582,2.087442
6907009,369584,2.087442
6912009,369586,2.087442
6917009,369588,2.087442
6922009,369590,2.087442
6927009,369592,2.087442
6932009,369594,2.087442
6937009,369596,2.087442
6942009,369598,2.087442
6947009,369600,2.087442
6952009,369603,3.131163
6957009,369605,2.087442
6962009,369607,2.087442
6967009,369609,2.087442
6972009,369611,2.087442
6977009,369613,2.087442
6982009,369615,2.087442
6987009,369617,2.087442
6992009,369619,2.087442
6997009,369621,2.087442
7002009,369623,2.087442
7007009,369625,2.087442
7012009,369627,2.087442
7017009,369629,2.087442
7022009,369630,1.043721
7027009,369633,3.131163
7032009,369634,1.043721
7037009,369636,2.087442
7042009,369638,2.087442
7047009,369640,2.087442
7052009,369642,2.087442
7057009,369644,2.087442
7062009,369646,2.087442
7067009,369648,2.087442
7072009,369650,2.087442
7077009,369652,2.087442
7082009,369654,2.087442
7087009,369656,2.087442
7092009,369658,2.087442
7097009,369660,2.087442
7102009,369662,2.087442
7107009,369664,2.087442
7112009,369666,2.087442
7117009,369668,2.087442
7122009,369670,2.087442
7127009,369672,2.087442
7132009,369674,2.087442
7137009,369676,2.087442
7142009,369678,2.087442
7147009,369680,2.087442
7152009,369682,2.087442
7157009,369684,2.087442
7162009,369686,2.087442
7167009,369689,3.131163
7172009,369690,1.043721
7177009,369693,3.131163
7182009,369695,2.087442
7187009,369697,2.087442
7192009,369699,2.087442
7197009,369701,2.087442
7202009,369703,2.087442
7207009,369705,2.087442
7212009,369707,2.087442
7217009,369708,1.043721
7222009,369711,3.131163
7227009,369713,2.087442
7232009,369714,1.043721
7237009,369717,3.131163
7242009,369719,2.087442
7247009,369720,1.043721
7252009,369722,2.087442
7257009,369724,2.087442
7262009,369726,2.087442
7267009,369728,2.087442
7272009,369730,2.087442
7277009,369732,2.087442
7282009,369734,2.087442
7287009,369736,2.087442
7292009,369738,2.087442
7297009,369740,2.087442
7302009,369742,2.087442
7307009,369744,2.087442
7312009,369746,2.087442
7317009,369748,2.087442
7322009,369750,2.087442
7327009,369752,2.087442
7332009,369754,2.087442
7337009,369756,2.087442
7342009,369758,2.087442
7347009,369760,2.087442
7352009,369762,2.087442
7357009,369764,2.087442
7362009,369766,2.087442
7367009,369768,2.087442
7372009,369770,2.087442
7377009,369772,2.087442
7382009,369774,2.087442
7387009,369777,3.131163
7392009,369779,2.087442
7397009,369781,2.087442
7402009,369783,2.087442
7407009,369785,2.087442
7412009,369787,2.087442
7417009,369789,2.087442
7422009,369791,2.087442
7427009,369793,2.087442
7432009,369795,2.087442
7437009,369797,2.087442
7442009,369798,1.043721
7447009,369801,3.131163
7452009,369802,1.043721
7457009,369804,2.087442
7462009,369806,2.087442
7467009,369808,2.087442
7472009,369810,2.087442
7477009,369812,2.087442
7482009,369814,2.087442
7487009,369816,2.087442
7492009,369818,2.087442
7497009,369820,2.087442
7502009,369822,2.087442
7507009,369824,2.087442
7512009,369826,2.087442
7517009,369828,2.087442
7522009,369830,2.087442
7527009,369832,2.087442
7532009,369834,2.087442
7537009,369836,2.087442
7542009,369838,2.087442
7547009,369840,2.087442
7552009,369842,2.087442
7557009,369844,2.087442
7562009,369846,2.087442
7567009,369849,3.131163
7572009,369851,2.087442
7577009,369853,2.087442
7582009,369855,2.087442
7587009,369857,2.087442
7592009,369859,2.087442
7597009,369861,2.087442
7602009,369863,2.087442
7607009,369865,2.087442
7612009,369867,2.087442
7617009,369869,2.087442
7622009,369871,2.087442
7627009,369873,2.087442
7632009,369875,2.087442
7637009,369876,1.043721
7642009,369878,2.087442
7647009,369880,2.087442
7652009,369882,2.087442
7657009,369884,2.087442
7662009,369886,2.087442
7667009,369888,2.087442
7672009,369890,2.087442
7677009,369892,2.087442
7682009,369894,2.087442
7687009,369896,2.087442
7692009,369898,2.087442
7697009,369900,2.087442
7702009,369902,2.087442
7707009,369904,2.087442
7712009,369906,2.087442
7717009,369908,2.087442
7722009,369910,2.087442
7727009,369912,2.087442
7732009,369914,2.087442
7737009,369916,2.087442
7742009,369918,2.087442
7747009,369920,2.087442
7752009,369922,2.087442
7757009,369924,2.087442
7762009,369926,2.087442
7767009,369928,2.087442
7772009,369930,2.087442
7777009,369933,3.131163
7782009,369935,2.087442
7787009,369937,2.087442
7792009,369939,2.087442
7797009,369941,2.087442
7802009,369943,2.087442
7807009,369945,2.087442
7812009,369947,2.087442
7817009,369949,2.087442
7822009,369951,2.087442
7827009,369953,2.087442
7832009,369955,2.087442
7837009,369957,2.087442
7842009,369959,2.087442
7847009,369960,1.043721
7852009,369962,2.087442
7857009,369965,3.131163
7862009,369966,1.043721
7867009,369969,3.131163
7872009,369971,2.087442
7877009,369972,1.043721
7882009,369974,2.087442
7887009,369977,3.131163
7892009,369978,1.043721
7897009,369981,3.131163
7902009,369983,2.087442
7907009,369984,1.043721
7912009,369987,3.131163
7917009,369989,2.087442
7922009,369991,2.087442
7927009,369993,2.087442
7932009,369995,2.087442
7937009,369997,2.087442
7942009,369999,2.087442
7947009,370001,2.087442
7952009,370003,2.087442
7957009,370005,2.087442
7962009,370007,2.087442
7967009,370008,1.043721
7972009,370011,3.131163
7977009,370013,2.087442
7982009,370014,1.043721
7987009,370017,3.131163
7992009,370019,2.087442
7997009,370020,1.043721
8002009,370022,2.087442
8007009,370024,2.087442
8012009,370026,2.087442
8017009,370029,3.131163
8022009,370031,2.087442
8027009,370032,1.043721
8032009,370035,3.131163
8037009,370037,2.087442
8042009,370038,1.043721
8047009,370041,3.131163
8052009,370043,2.087442
8057009,370045,2.087442
8062009,370047,2.087442
8067009,370049,2.087442
8072009,370051,2.087442
8077009,370053,2.087442
8082009,370055,2.087442
8087009,370056,1.043721
8092009,370059,3.131163
8097009,370061,2.087442
8102009,370062,1.043721
8107009,370065,3.131163
8112009,370067,2.087442
8117009,370068,1.043721
8122009,370070,2.087442
8127009,370073,3.131163
8132009,370074,1.043721
8137009,370077,3.131163
8142009,370079,2.087442
8147009,370080,1.043721
8152009,370083,3.131163
8157009,370085,2.087442
8162009,370087,2.087442
8167009,370089,2.087442
8172009,370091,2.087442
8177009,370093,2.087442
8182009,370095,2.087442
8187009,370097,2.087442
8192009,370099,2.087442
8197009,370101,2.087442
8202009,370103,2.087442
8207009,370104,1.043721
8212009,370107,3.131163
8217009,370109,2.087442
8222009,370110,1.043721
8227009,370113,3.131163
8232009,370115,2.087442
8237009,370116,1.043721
8242009,370118,2.087442
8247009,370120,2.087442
8252009,370122,2.087442
8257009,370125,3.131163
8262009,370127,2.087442
8267009,370128,1.043721
8272009,370131,3.131163
8277009,370133,2.087442
8282009,370134,1.043721
8287009,370137,3.131163
8292009,370139,2.087442
8297009,370141,2.087442
8302009,370143,2.087442
8307009,370145,2.087442
8312009,370147,2.087442
8317009,370149,2.087442
8322009,370151,2.087442
8327009,370153,2.087442
8332009,370155,2.087442
8337009,370157,2.087442
8342009,370159,2.087442
8347009,370161,2.087442
8352009,370163,2.087442
8357009,370164,1.043721
8362009,370167,3.131163
8367009,370169,2.087442
8372009,370170,1.043721
8377009,370173,3.131163
8382009,370175,2.087442
8387009,370176,1.043721
8392009,370179,3.131163
8397009,370181,2.087442
8402009,370183,2.087442
8407009,370185,2.087442
8412009,370187,2.087442
8417009,370189,2.087442
8422009,370191,2.087442
8427009,370193,2.087442
8432009,370195,2.087442
8437009,370197,2.087442
8442009,370199,2.087442
8447009,370200,1.043721
8452009,370203,3.131163
8457009,370205,2.087442
8462009,370206,1.043721
8467009,370209,3.131163
8472009,370210,1.043721
8477009,370212,2.087442
8482009,370214,2.087442
8487009,370216,2.087442
8492009,370218,2.087442
8497009,370221,3.131163
8502009,370222,1.043721
8507009,370224,2.087442
8512009,370226,2.087442
8517009,370229,3.131163
8522009,370230,1.043721
8527009,370233,3.131163
8532009,370235,2.087442
8537009,370237,2.087442
8542009,370239,2.087442
8547009,370241,2.087442
8552009,370243,2.087442
8557009,370245,2.087442
8562009,370247,2.087442
8567009,370249,2.087442
8572009,370251,2.087442
8577009,370253,2.087442
8582009,370254,1.043721
8587009,370257,3.131163
8592009,370259,2.087442
8597009,370260,1.043721
8602009,370262,2.087442
8607009,370264,2.087442
8612009,370266,2.087442
8617009,370268,2.087442
8622009,370270,2.087442
8627009,370272,2.087442
8632009,370274,2.087442
8637009,370276,2.087442
8642009,370278,2.087442
8647009,370280,2.087442
8652009,370282,2.087442
8657009,370284,2.087442
8662009,370286,2.087442
8667009,370288,2.087442
8672009,370290,2.087442
8677009,370292,2.087442
8682009,370294,2.087442
8687009,370296,2.087442
8692009,370298,2.087442
8697009,370300,2.087442
8702009,370302,2.087442
8707009,370304,2.087442
8712009,370306,2.087442
8717009,370308,2.087442
8722009,370310,2.087442
8727009,370312,2.087442
8732009,370314,2.087442
8737009,370316,2.087442
8742009,370318,2.087442
8747009,370320,2.087442
8752009,370322,2.087442
8757009,370324,2.087442
8762009,370326,2.087442
8767009,370328,2.087442
8772009,370330,2.087442
8777009,370332,2.087442
8782009,370334,2.087442
8787009,370336,2.087442
8792009,370338,2.087442
8797009,370340,2.087442
8802009,370342,2.087442
8807009,370344,2.087442
8812009,370346,2.087442
8817009,370348,2.087442
8822009,370350,2.087442
8827009,370353,3.131163
8832009,370354,1.043721
8837009,370356,2.087442
8842009,370359,3.131163
8847009,370361,2.087442
8852009,370363,2.087442
8857009,370365,2.087442
8862009,370367,2.087442
8867009,370369,2.087442
8872009,370371,2.087442
8877009,370373,2.087442
8882009,370375,2.087442
8887009,370377,2.087442
8892009,370379,2.087442
8897009,370381,2.087442
8902009,370383,2.087442
8907009,370385,2.087442
8912009,370386,1.043721
8917009,370389,3.131163
8922009,370391,2.087442
8927009,370392,1.043721
8932009,370394,2.087442
8937009,370396,2.087442
8942009,370398,2.087442
8947009,370401,3.131163
8952009,370402,1.043721
8957009,370404,2.087442
8962009,370406,2.087442
8967009,370408,2.087442
8972009,370410,2.087442
8977009,370413,3.131163
8982009,370415,2.087442
8987009,370417,2.087442
8992009,370419,2.087442
8997009,370421,2.087442
9002009,370423,2.087442
9007009,370425,2.087442
9012009,370427,2.087442
9017009,370429,2.087442
9022009,370431,2.087442
9027009,370433,2.087442
9032009,370435,2.087442
9037009,370437,2.087442
9042009,370439,2.087442
9047009,370440,1.043721
9052009,370442,2.087442
9057009,370444,2.087442
9062009,370446,2.087442
9067009,370449,3.131163
9072009,370450,1.043721
9077009,370452,2.087442
9082009,370454,2.087442
9087009,370456,2.087442
9092009,370458,2.087442
9097009,370461,3.131163
9102009,370462,1.043721
9107009,370464,2.087442
9112009,370466,2.087442
9117009,370468,2.087442
9122009,370470,2.087442
9127009,370473,3.131163
9132009,370475,2.087442
9137009,370477,2.087442
9142009,370479,2.087442
9147009,370481,2.087442
9152009,370483,2.087442
9157009,370485,2.087442
9162009,370487,2.087442
9167009,370489,2.087442
9172009,370491,2.087442
9177009,370493,2.087442
9182009,370495,2.087442
9187009,370497,2.087442
9192009,370499,2.087442
9197009,370500,1.043721
9202009,370502,2.087442
9207009,370504,2.087442
9212009,370506,2.087442
9217009,370509,3.131163
9222009,370510,1.043721
9227009,370512,2.087442
9232009,370514,2.087442
9237009,370516,2.087442
9242009,370518,2.087442
9247009,370520,2.087442
9252009,370522,2.087442
9257009,370524,2.087442
9262009,370526,2.087442
9267009,370528,2.087442
9272009,370530,2.087442
9277009,370532,2.087442
9282009,370534,2.087442
9287009,370536,2.087442
9292009,370538,2.087442
9297009,370540,2.087442
9302009,370542,2.087442
9307009,370544,2.087442
9312009,370546,2.087442
9317009,370548,2.087442
9322009,370550,2.087442
9327009,370552,2.087442
9332009,370554,2.087442
9337009,370556,2.087442
9342009,370558,2.087442
9347009,370560,2.087442
9352009,370562,2.087442
9357009,370564,2.087442
9362009,370566,2.087442
9367009,370568,2.087442
9372009,370570,2.087442
9377009,370572,2.087442
9382009,370574,2.087442
9387009,370576,2.087442
9392009,370578,2.087442
9397009,370581,3.131163
9402009,370583,2.087442
9407009,370585,2.087442
9412009,370587,2.087442
9417009,370589,2.087442
9422009,370591,2.087442
9427009,370593,2.087442
9432009,370595,2.087442
9437009,370597,2.087442
9442009,370599,2.087442
9447009,370601,2.087442
9452009,370602,1.043721
9457009,370605,3.131163
9462009,370606,1.043721
9467009,370608,2.087442
9472009,370610,2.087442
9477009,370612,2.087442
9482009,370614,2.087442
9487009,370616,2.087442
9492009,370618,2.087442
9497009,370620,2.087442
9502009,370622,2.087442
9507009,370624,2.087442
9512009,370626,2.087442
9517009,370628,2.087442
9522009,370630,2.087442
9527009,370632,2.087442
9532009,370634,2.087442
9537009,370636,2.087442
9542009,370638,2.087442
9547009,370640,2.087442
9552009,370642,2.087442
9557009,370644,2.087442
9562009,370646,2.087442
9567009,370648,2.087442
9572009,370650,2.087442
9577009,370652,2.087442
9582009,370654,2.087442
9587009,370656,2.087442
9592009,370658,2.087442
9597009,370660,2.087442
9602009,370662,2.087442
9607009,370664,2.087442
9612009,370666,2.087442
9617009,370668,2.087442
9622009,370670,2.087442
9627009,370672,2.087442
9632009,370674,2.087442
9637009,370676,2.087442
9642009,370678,2.087442
9647009,370680,2.087442
9652009,370682,2.087442
9657009,370684,2.087442
9662009,370686,2.087442
9667009,370688,2.087442
9672009,370690,2.087442
9677009,370692,2.087442
9682009,370694,2.087442
9687009,370696,2.087442
9692009,370698,2.087442
9697009,370700,2.087442
9702009,370702,2.087442
9707009,370704,2.087442
9712009,370706,2.087442
9717009,370708,2.087442
9722009,370710,2.087442
9727009,370712,2.087442
9732009,370714,2.087442
9737009,370716,2.087442
9742009,370718,2.087442
9747009,370720,2.087442
9752009,370722,2.087442
9757009,370724,2.087442
9762009,370726,2.087442
9767009,370728,2.087442
9772009,370730,2.087442
9777009,370732,2.087442
9782009,370734,2.087442
9787009,370736,2.087442
9792009,370738,2.087442
9797009,370740,2.087442
9802009,370742,2.087442
9807009,370744,2.087442
9812009,370746,2.087442
9817009,370748,2.087442
9822009,370750,2.087442
9827009,370752,2.087442
9832009,370754,2.087442
9837009,370756,2.087442
9842009,370758,2.087442
9847009,370760,2.087442
9852009,370762,2.087442
9857009,370764,2.087442
9862009,370766,2.087442
9867009,370768,2.087442
9872009,370770,2.087442
9877009,370772,2.087442
9882009,370774,2.087442
9887009,370776,2.087442
9892009,370778,2.087442
9897009,370780,2.087442
9902009,370782,2.087442
9907009,370784,2.087442
9912009,370786,2.087442
9917009,370788,2.087442
9922009,370790,2.087442
9927009,370792,2.087442
9932009,370794,2.087442
9937009,370796,2.087442
9942009,370798,2.087442
9947009,370800,2.087442
9952009,370802,2.087442
9957009,370804,2.087442
9962009,370806,2.087442
9967009,370808,2.087442
9972009,370810,2.087442
9977009,370812,2.087442
9982009,370814,2.087442
9987009,370816,2.087442
9992009,370818,2.087442
9997009,370820,2.087442
10002009,370822,2.087442
10007009,370824,2.087442
10012009,370826,2.087442
10017009,370828,2.087442
10022009,370830,2.087442
10027009,370832,2.087442
10032009,370834,2.087442
10037009,370836,2.087442
10042009,370838,2.087442
10047009,370840,2.087442
10052009,370842,2.087442
10057009,370844,2.087442
10062009,370846,2.087442
10067009,370848,2.087442
10072009,370850,2.087442
10077009,370852,2.087442
10082009,370854,2.087442
10087009,370856,2.087442
10092009,370858,2.087442
10097009,370860,2.087442
10102009,370862,2.087442
10107009,370864,2.087442
10112009,370866,2.087442
10117009,370868,2.087442
10122009,370870,2.087442
10127009,370872,2.087442
10132009,370874,2.087442
10137009,370876,2.087442
10142009,370878,2.087442
10147009,370881,3.131163
10152009,370882,1.043721
10157009,370884,2.087442
10162009,370886,2.087442
10167009,370889,3.131163
10172009,370890,1.043721
10177009,370893,3.131163
10182009,370895,2.087442
10187009,370897,2.087442
10192009,370899,2.087442
10197009,370901,2.087442
10202009,370903,2.087442
10207009,370905,2.087442
10212009,370907,2.087442
10217009,370909,2.087442
10222009,370911,2.087442
10227009,370913,2.087442
10232009,370915,2.087442
10237009,370917,2.087442
10242009,370919,2.087442
10247009,370921,2.087442
10252009,370923,2.087442
10257009,370925,2.087442
10262009,370926,1.043721
10267009,370929,3.131163
10272009,370931,2.087442
10277009,370933,2.087442
10282009,370935,2.087442
10287009,370937,2.087442
10292009,370939,2.087442
10297009,370941,2.087442
10302009,370943,2.087442
10307009,370945,2.087442
10312009,370947,2.087442
