
Time_us,Position,Speed_rad_per_s
1312008,29915,0.000000
1317009,29915,0.000000
1322009,29915,0.000000
1327009,29915,0.000000
1332009,29915,0.000000
1337009,29915,0.000000
1342009,29915,0.000000
1347009,29915,0.000000
1352009,29915,0.000000
1357009,29915,0.000000
1362009,29915,0.000000
1367009,29915,0.000000
1372009,29915,0.000000
1377009,29915,0.000000
1382009,29915,0.000000
1387009,29915,0.000000
1392009,29915,0.000000
1397009,29915,0.000000
1402009,29915,0.000000
1407009,29915,0.000000
1412009,29915,0.000000
1417009,29915,0.000000
1422009,29915,0.000000
1427009,29915,0.000000
1432009,29915,0.000000
1437009,29915,0.000000
1442009,29915,0.000000
1447009,29915,0.000000
1452009,29915,0.000000
1457009,29915,0.000000
1462009,29915,0.000000
1467009,29915,0.000000
1472009,29915,0.000000
1477009,29915,0.000000
1482009,29915,0.000000
1487009,29915,0.000000
1492009,29915,0.000000
1497009,29915,0.000000
1502009,29915,0.000000
1507009,29915,0.000000
1512009,29915,0.000000
1517009,29915,0.000000
1522009,29915,0.000000
1527009,29916,1.043721
1532009,29917,1.043721
1537009,29918,1.043721
1542009,29919,1.043721
1547009,29921,2.087442
1552009,29923,2.087442
1557009,29924,1.043721
1562009,29927,3.131163
1567009,29929,2.087442
1572009,29931,2.087442
1577009,29934,3.131163
1582009,29936,2.087442
1587009,29939,3.131163
1592009,29943,4.174884
1597009,29946,3.131163
1602009,29949,3.131163
1607009,29953,4.174884
1612009,29957,4.174884
1617009,29960,3.131163
1622009,29965,5.218605
1627009,29969,4.174884
1632009,29973,4.174884
1637009,29977,4.174884
1642009,29982,5.218605
1647009,29987,5.218605
1652009,29991,4.174884
1657009,29996,5.218605
1662009,30001,5.218605
1667009,30006,5.218605
1672009,30012,6.262325
1677009,30017,5.218605
1682009,30022,5.218605
1687009,30028,6.262325
1692009,30034,6.262325
1697009,30039,5.218605
1702009,30045,6.262325
1707009,30051,6.262325
1712009,30057,6.262325
1717009,30063,6.262325
1722009,30069,6.262325
1727009,30075,6.262325
1732009,30082,7.306046
1737009,30088,6.262325
1742009,30094,6.262325
1747009,30101,7.306046
1752009,30107,6.262325
1757009,30114,7.306046
1762009,30121,7.306046
1767009,30127,6.262325
1772009,30134,7.306046
1777009,30141,7.306046
1782009,30148,7.306046
1787009,30155,7.306046
1792009,30162,7.306046
1797009,30169,7.306046
1802009,30176,7.306046
1807009,30183,7.306046
1812009,30191,8.349768
1817009,30198,7.306046
1822009,30205,7.306046
1827009,30212,7.306046
1832009,30220,8.349768
1837009,30227,7.306046
1842009,30235,8.349768
1847009,30242,7.306046
1852009,30249,7.306046
1857009,30257,8.349768
1862009,30265,8.349768
1867009,30272,7.306046
1872009,30280,8.349768
1877009,30287,7.306046
1882009,30295,8.349768
1887009,30303,8.349768
1892009,30311,8.349768
1897009,30318,7.306046
1902009,30326,8.349768
1907009,30334,8.349768
1912009,30342,8.349768
1917009,30350,8.349768
1922009,30358,8.349768
1927009,30366,8.349768
1932009,30373,7.306046
1937009,30381,8.349768
1942009,30389,8.349768
1947009,30397,8.349768
1952009,30406,9.393488
1957009,30414,8.349768
1962009,30422,8.349768
1967009,30430,8.349768
1972009,30438,8.349768
1977009,30446,8.349768
1982009,30454,8.349768
1987009,30462,8.349768
1992009,30470,8.349768
1997009,30479,9.393488
2002009,30487,8.349768
2007009,30495,8.349768
2012009,30503,8.349768
2017009,30511,8.349768
2022009,30520,9.393488
2027009,30528,8.349768
2032009,30536,8.349768
2037009,30544,8.349768
2042009,30553,9.393488
2047009,30561,8.349768
2052010,30569,8.348098
2057011,30577,8.348098
2062012,30586,9.391609
2067013,30594,8.348098
2072013,30603,9.393488
2077013,30611,8.349768
2082013,30619,8.349768
2087013,30627,8.349768
2092013,30636,9.393488
2097013,30644,8.349768
2102013,30653,9.393488
2107013,30661,8.349768
2112013,30669,8.349768
2117013,30678,9.393488
2122013,30686,8.349768
2127013,30695,9.393488
2132014,30703,8.348098
2137014,30711,8.349768
2142014,30720,9.393488
2147014,30728,8.349768
2152015,30737,9.391609
2157016,30745,8.348098
2162016,30754,9.393488
2167016,30762,8.349768
2172017,30771,9.391609
2177018,30779,8.348098
2182018,30787,8.349768
2187018,30796,9.393488
2192018,30804,8.349768
2197018,30813,9.393488
2202018,30821,8.349768
2207018,30830,9.393488
2212018,30838,8.349768
2217018,30847,9.393488
2222018,30855,8.349768
2227018,30864,9.393488
2232018,30872,8.349768
2237018,30881,9.393488
2242018,30889,8.349768
2247018,30898,9.393488
2252018,30906,8.349768
2257018,30915,9.393488
2262018,30923,8.349768
2267018,30932,9.393488
2272018,30940,8.349768
2277018,30949,9.393488
2282018,30957,8.349768
2287018,30966,9.393488
2292018,30974,8.349768
2297018,30983,9.393488
2302018,30991,8.349768
2307018,31000,9.393488
2312018,31008,8.349768
2317018,31017,9.393488
2322018,31025,8.349768
2327018,31034,9.393488
2332018,31042,8.349768
2337018,31051,9.393488
2342018,31059,8.349768
2347018,31068,9.393488
2352018,31077,9.393488
2357018,31085,8.349768
2362018,31094,9.393488
2367018,31102,8.349768
2372018,31111,9.393488
2377018,31119,8.349768
2382018,31128,9.393488
2387018,31136,8.349768
2392018,31145,9.393488
2397018,31153,8.349768
2402018,31162,9.393488
2407018,31170,8.349768
2412018,31179,9.393488
2417018,31187,8.349768
2422018,31196,9.393488
2427018,31205,9.393488
2432018,31213,8.349768
2437018,31222,9.393488
2442019,31230,8.348098
2447019,31239,9.393488
2452019,31247,8.349768
2457020,31256,9.391609
2462021,31265,9.391609
2467021,31273,8.349768
2472021,31282,9.393488
2477021,31290,8.349768
2482021,31299,9.393488
2487021,31308,9.393488
2492021,31316,8.349768
2497021,31325,9.393488
2502021,31333,8.349768
2507022,31342,9.391609
2512023,31351,9.391609
2517023,31359,8.349768
2522023,31368,9.393488
2527023,31377,9.393488
2532023,31385,8.349768
2537023,31394,9.393488
2542024,31402,8.348098
2547024,31411,9.393488
2552024,31420,9.393488
2557024,31429,9.393488
2562024,31437,8.349768
2567025,31446,9.391609
2572026,31454,8.348098
2577027,31463,9.391609
2582028,31472,9.391609
2587028,31480,8.349768
2592028,31489,9.393488
2597028,31498,9.393488
2602028,31506,8.349768
2607028,31515,9.393488
2612029,31523,8.348098
2617029,31532,9.393488
2622029,31541,9.393488
2627029,31549,8.349768
2632030,31558,9.391609
2637030,31567,9.393488
2642031,31575,8.348098
2647031,31584,9.393488
2652031,31592,8.349768
2657031,31601,9.393488
2662031,31610,9.393488
2667031,31618,8.349768
2672031,31627,9.393488
2677031,31636,9.393488
2682031,31644,8.349768
2687031,31653,9.393488
2692031,31662,9.393488
2697031,31670,8.349768
2702031,31679,9.393488
2707031,31688,9.393488
2712031,31696,8.349768
2717031,31705,9.393488
2722031,31714,9.393488
2727031,31722,8.349768
2732031,31731,9.393488
2737031,31740,9.393488
2742031,31748,8.349768
2747031,31757,9.393488
2752031,31765,8.349768
2757031,31774,9.393488
2762031,31783,9.393488
2767031,31791,8.349768
2772031,31800,9.393488
2777031,31809,9.393488
2782031,31817,8.349768
2787031,31826,9.393488
2792031,31835,9.393488
2797031,31843,8.349768
2802031,31852,9.393488
2807031,31861,9.393488
2812031,31870,9.393488
2817031,31878,8.349768
2822031,31887,9.393488
2827031,31896,9.393488
2832031,31904,8.349768
2837031,31913,9.393488
2842031,31922,9.393488
2847031,31930,8.349768
2852031,31939,9.393488
2857031,31948,9.393488
2862031,31956,8.349768
2867031,31965,9.393488
2872031,31974,9.393488
2877031,31983,9.393488
2882031,31991,8.349768
2887031,32000,9.393488
2892031,32009,9.393488
2897031,32017,8.349768
2902031,32026,9.393488
2907031,32035,9.393488
2912031,32043,8.349768
2917031,32052,9.393488
2922031,32061,9.393488
2927031,32070,9.393488
2932031,32079,9.393488
2937031,32087,8.349768
2942031,32096,9.393488
2947031,32105,9.393488
2952031,32113,8.349768
2957031,32122,9.393488
2962031,32131,9.393488
2967031,32140,9.393488
2972031,32149,9.393488
2977031,32157,8.349768
2982031,32166,9.393488
2987031,32175,9.393488
2992031,32183,8.349768
2997031,32192,9.393488
3002031,32201,9.393488
3007031,32210,9.393488
3012031,32219,9.393488
3017031,32227,8.349768
3022031,32236,9.393488
3027031,32245,9.393488
3032031,32254,9.393488
3037031,32263,9.393488
3042031,32271,8.349768
3047031,32280,9.393488
3052031,32289,9.393488
3057031,32298,9.393488
3062031,32307,9.393488
3067031,32315,8.349768
3072031,32324,9.393488
3077031,32333,9.393488
3082031,32342,9.393488
3087031,32351,9.393488
3092031,32359,8.349768
3097031,32368,9.393488
3102031,32377,9.393488
3107031,32386,9.393488
3112031,32395,9.393488
3117031,32403,8.349768
3122031,32412,9.393488
3127031,32421,9.393488
3132031,32430,9.393488
3137031,32439,9.393488
3142031,32447,8.349768
3147031,32456,9.393488
3152031,32465,9.393488
3157031,32474,9.393488
3162031,32483,9.393488
3167031,32491,8.349768
3172031,32500,9.393488
3177031,32509,9.393488
3182031,32518,9.393488
3187031,32527,9.393488
3192031,32535,8.349768
3197031,32544,9.393488
3202031,32553,9.393488
3207031,32562,9.393488
3212031,32571,9.393488
3217031,32579,8.349768
3222031,32588,9.393488
3227031,32597,9.393488
3232031,32606,9.393488
3237031,32615,9.393488
3242031,32623,8.349768
3247031,32632,9.393488
3252031,32641,9.393488
3257031,32650,9.393488
3262031,32659,9.393488
3267031,32667,8.349768
3272031,32676,9.393488
3277031,32685,9.393488
3282031,32694,9.393488
3287031,32703,9.393488
3292031,32711,8.349768
3297031,32720,9.393488
3302031,32729,9.393488
3307031,32738,9.393488
3312031,32746,8.349768
3317031,32755,9.393488
3322031,32764,9.393488
3327031,32773,9.393488
3332031,32782,9.393488
3337031,32790,8.349768
3342031,32799,9.393488
3347031,32808,9.393488
3352031,32817,9.393488
3357031,32825,8.349768
3362031,32834,9.393488
3367031,32843,9.393488
3372031,32852,9.393488
3377031,32861,9.393488
3382031,32869,8.349768
3387031,32878,9.393488
3392031,32887,9.393488
3397031,32896,9.393488
3402031,32905,9.393488
3407031,32913,8.349768
3412031,32922,9.393488
3417031,32931,9.393488
3422031,32940,9.393488
3427031,32948,8.349768
3432031,32957,9.393488
3437031,32966,9.393488
3442031,32975,9.393488
3447031,32983,8.349768
3452031,32992,9.393488
3457031,33001,9.393488
3462031,33010,9.393488
3467031,33019,9.393488
3472031,33027,8.349768
3477031,33036,9.393488
3482031,33045,9.393488
3487031,33054,9.393488
3492031,33063,9.393488
3497031,33071,8.349768
3502031,33080,9.393488
3507031,33089,9.393488
3512031,33098,9.393488
3517031,33107,9.393488
3522031,33115,8.349768
3527031,33124,9.393488
3532031,33133,9.393488
3537031,33142,9.393488
3542031,33151,9.393488
3547031,33159,8.349768
3552031,33168,9.393488
3557031,33177,9.393488
3562031,33186,9.393488
3567031,33195,9.393488
3572031,33203,8.349768
3577031,33212,9.393488
3582031,33221,9.393488
3587031,33230,9.393488
3592031,33239,9.393488
3597031,33247,8.349768
3602031,33256,9.393488
3607031,33265,9.393488
3612031,33274,9.393488
3617031,33283,9.393488
3622031,33292,9.393488
3627031,33300,8.349768
3632031,33309,9.393488
3637031,33318,9.393488
3642031,33327,9.393488
3647031,33336,9.393488
3652031,33344,8.349768
3657031,33353,9.393488
3662031,33362,9.393488
3667031,33371,9.393488
3672031,33380,9.393488
3677031,33389,9.393488
3682031,33397,8.349768
3687031,33406,9.393488
3692031,33415,9.393488
3697031,33424,9.393488
3702031,33433,9.393488
3707031,33442,9.393488
3712031,33450,8.349768
3717031,33459,9.393488
3722031,33468,9.393488
3727031,33477,9.393488
3732031,33486,9.393488
3737031,33495,9.393488
3742031,33503,8.349768
3747031,33512,9.393488
3752031,33521,9.393488
3757031,33530,9.393488
3762031,33539,9.393488
3767031,33548,9.393488
3772031,33557,9.393488
3777031,33565,8.349768
3782031,33574,9.393488
3787031,33583,9.393488
3792031,33592,9.393488
3797031,33601,9.393488
3802031,33610,9.393488
3807031,33619,9.393488
3812031,33628,9.393488
3817031,33637,9.393488
3822031,33645,8.349768
3827031,33654,9.393488
3832031,33663,9.393488
3837031,33672,9.393488
3842031,33681,9.393488
3847031,33690,9.393488
3852031,33699,9.393488
3857031,33708,9.393488
3862031,33717,9.393488
3867031,33726,9.393488
3872031,33735,9.393488
3877031,33743,8.349768
3882031,33752,9.393488
3887031,33761,9.393488
3892031,33770,9.393488
3897031,33779,9.393488
3902031,33788,9.393488
3907031,33797,9.393488
3912031,33806,9.393488
3917031,33815,9.393488
3922031,33823,8.349768
3927031,33832,9.393488
3932031,33841,9.393488
3937031,33850,9.393488
3942031,33859,9.393488
3947031,33868,9.393488
3952031,33877,9.393488
3957031,33886,9.393488
3962031,33895,9.393488
3967031,33904,9.393488
3972031,33913,9.393488
3977031,33921,8.349768
3982031,33930,9.393488
3987031,33939,9.393488
3992031,33948,9.393488
3997031,33957,9.393488
4002031,33966,9.393488
4007031,33975,9.393488
4012031,33984,9.393488
4017031,33993,9.393488
4022031,34002,9.393488
4027031,34011,9.393488
4032031,34019,8.349768
4037031,34028,9.393488
4042031,34037,9.393488
4047031,34046,9.393488
4052031,34055,9.393488
4057031,34064,9.393488
4062031,34073,9.393488
4067031,34082,9.393488
4072031,34091,9.393488
4077031,34100,9.393488
4082031,34109,9.393488
4087031,34117,8.349768
4092031,34126,9.393488
4097031,34135,9.393488
4102031,34144,9.393488
4107031,34153,9.393488
4112031,34162,9.393488
4117031,34171,9.393488
4122031,34180,9.393488
4127031,34189,9.393488
4132031,34198,9.393488
4137031,34207,9.393488
4142031,34215,8.349768
4147031,34224,9.393488
4152031,34233,9.393488
4157031,34242,9.393488
4162031,34251,9.393488
4167031,34260,9.393488
4172031,34269,9.393488
4177031,34278,9.393488
4182031,34287,9.393488
4187031,34296,9.393488
4192031,34305,9.393488
4197031,34314,9.393488
4202031,34323,9.393488
4207031,34332,9.393488
4212031,34341,9.393488
4217031,34350,9.393488
4222031,34359,9.393488
4227031,34368,9.393488
4232031,34377,9.393488
4237031,34385,8.349768
4242031,34394,9.393488
4247031,34403,9.393488
4252031,34412,9.393488
4257031,34421,9.393488
4262031,34430,9.393488
4267031,34439,9.393488
4272031,34448,9.393488
4277031,34457,9.393488
4282031,34466,9.393488
4287031,34475,9.393488
4292031,34484,9.393488
4297031,34493,9.393488
4302031,34502,9.393488
4307031,34511,9.393488
4312031,34520,9.393488
4317031,34529,9.393488
4322031,34537,8.349768
4327031,34547,10.437209
4332031,34555,8.349768
4337032,34564,9.391609
4342033,34573,9.391609
4347033,34582,9.393488
4352033,34591,9.393488
4357033,34600,9.393488
4362033,34609,9.393488
4367033,34618,9.393488
4372033,34627,9.393488
4377033,34636,9.393488
4382033,34645,9.393488
4387033,34654,9.393488
4392033,34663,9.393488
4397033,34672,9.393488
4402033,34681,9.393488
4407033,34690,9.393488
4412033,34699,9.393488
4417033,34708,9.393488
4422033,34717,9.393488
4427033,34726,9.393488
4432033,34735,9.393488
4437033,34744,9.393488
4442033,34753,9.393488
4447033,34762,9.393488
4452033,34771,9.393488
4457033,34779,8.349768
4462033,34789,10.437209
4467033,34797,8.349768
4472034,34807,10.435122
4477034,34815,8.349768
4482035,34825,10.435122
4487035,34833,8.349768
4492035,34842,9.393488
4497036,34851,9.391609
4502036,34861,10.437209
4507036,34869,8.349768
4512036,34878,9.393488
4517036,34887,9.393488
4522036,34897,10.437209
4527036,34905,8.349768
4532036,34914,9.393488
4537036,34923,9.393488
4542036,34932,9.393488
4547036,34941,9.393488
4552036,34950,9.393488
4557036,34959,9.393488
4562036,34968,9.393488
4567036,34977,9.393488
4572036,34986,9.393488
4577036,34995,9.393488
4582036,35004,9.393488
4587036,35013,9.393488
4592036,35022,9.393488
4597036,35031,9.393488
4602036,35040,9.393488
4607036,35049,9.393488
4612036,35058,9.393488
4617036,35067,9.393488
4622036,35076,9.393488
4627036,35085,9.393488
4632036,35094,9.393488
4637036,35103,9.393488
4642036,35112,9.393488
4647036,35121,9.393488
4652036,35130,9.393488
4657036,35139,9.393488
4662036,35148,9.393488
4667036,35157,9.393488
4672036,35166,9.393488
4677036,35175,9.393488
4682036,35184,9.393488
4687036,35193,9.393488
4692036,35202,9.393488
4697036,35211,9.393488
4702036,35220,9.393488
4707036,35229,9.393488
4712036,35238,9.393488
4717036,35247,9.393488
4722036,35256,9.393488
4727036,35265,9.393488
4732036,35274,9.393488
4737036,35283,9.393488
4742036,35292,9.393488
4747036,35301,9.393488
4752036,35310,9.393488
4757036,35319,9.393488
4762036,35328,9.393488
4767036,35337,9.393488
4772036,35346,9.393488
4777036,35355,9.393488
4782036,35364,9.393488
4787036,35373,9.393488
4792036,35382,9.393488
4797036,35391,9.393488
4802036,35401,10.437209
4807036,35410,9.393488
4812036,35419,9.393488
4817036,35428,9.393488
4822036,35437,9.393488
4827036,35446,9.393488
4832036,35455,9.393488
4837036,35464,9.393488
4842036,35473,9.393488
4847036,35482,9.393488
4852036,35491,9.393488
4857036,35500,9.393488
4862036,35509,9.393488
4867036,35518,9.393488
4872036,35527,9.393488
4877036,35536,9.393488
4882036,35545,9.393488
4887036,35554,9.393488
4892036,35563,9.393488
4897036,35572,9.393488
4902036,35581,9.393488
4907036,35590,9.393488
4912036,35599,9.393488
4917036,35609,10.437209
4922036,35617,8.349768
4927036,35627,10.437209
4932036,35635,8.349768
4937037,35645,10.435122
4942038,35653,8.348098
4947038,35663,10.437209
4952038,35671,8.349768
4957039,35681,10.435122
4962039,35689,8.349768
4967040,35699,10.435122
4972040,35707,8.349768
4977040,35717,10.437209
4982041,35725,8.348098
4987041,35735,10.437209
4992041,35743,8.349768
4997042,35753,10.435122
5002043,35761,8.348098
5007043,35771,10.437209
5012043,35779,8.349768
5017044,35789,10.435122
5022044,35797,8.349768
5027045,35807,10.435122
5032045,35816,9.393488
5037045,35825,9.393488
5042046,35834,9.391609
5047046,35843,9.393488
5052046,35852,9.393488
5057046,35861,9.393488
5062046,35870,9.393488
5067046,35879,9.393488
5072046,35888,9.393488
5077046,35897,9.393488
5082046,35906,9.393488
5087046,35915,9.393488
5092046,35924,9.393488
5097046,35933,9.393488
5102046,35942,9.393488
5107046,35951,9.393488
5112046,35960,9.393488
5117046,35969,9.393488
5122046,35978,9.393488
5127046,35987,9.393488
5132046,35996,9.393488
5137046,36005,9.393488
5142046,36014,9.393488
5147046,36023,9.393488
5152046,36032,9.393488
5157046,36041,9.393488
5162046,36050,9.393488
5167046,36059,9.393488
5172046,36069,10.437209
5177046,36077,8.349768
5182046,36087,10.437209
5187046,36096,9.393488
5192046,36105,9.393488
5197046,36114,9.393488
5202046,36123,9.393488
5207046,36132,9.393488
5212046,36141,9.393488
5217046,36150,9.393488
5222046,36159,9.393488
5227046,36168,9.393488
5232046,36177,9.393488
5237046,36186,9.393488
5242046,36195,9.393488
5247046,36204,9.393488
5252046,36213,9.393488
5257046,36222,9.393488
5262046,36231,9.393488
5267046,36240,9.393488
5272046,36249,9.393488
5277046,36258,9.393488
5282046,36267,9.393488
5287046,36277,10.437209
5292046,36286,9.393488
5297046,36295,9.393488
5302046,36304,9.393488
5307046,36313,9.393488
5312046,36322,9.393488
5317046,36331,9.393488
5322046,36340,9.393488
5327046,36349,9.393488
5332046,36358,9.393488
5337046,36367,9.393488
5342046,36376,9.393488
5347046,36385,9.393488
5352046,36394,9.393488
5357046,36403,9.393488
5362046,36412,9.393488
5367046,36421,9.393488
5372046,36430,9.393488
5377046,36439,9.393488
5382046,36448,9.393488
5387046,36457,9.393488
5392046,36466,9.393488
5397046,36475,9.393488
5402046,36484,9.393488
5407046,36493,9.393488
5412046,36503,10.437209
5417046,36511,8.349768
5422046,36521,10.437209
5427046,36529,8.349768
5432047,36539,10.435122
5437048,36548,9.391609
5442048,36557,9.393488
5447048,36566,9.393488
5452048,36575,9.393488
5457048,36584,9.393488
5462048,36593,9.393488
5467048,36602,9.393488
5472048,36611,9.393488
5477048,36620,9.393488
5482048,36629,9.393488
5487048,36638,9.393488
5492048,36647,9.393488
5497048,36656,9.393488
5502048,36665,9.393488
5507048,36674,9.393488
5512048,36683,9.393488
5517048,36692,9.393488
5522048,36701,9.393488
5527048,36710,9.393488
5532048,36719,9.393488
5537048,36728,9.393488
5542048,36737,9.393488
5547048,36746,9.393488
5552048,36755,9.393488
5557048,36764,9.393488
5562048,36773,9.393488
5567048,36782,9.393488
5572048,36791,9.393488
5577048,36800,9.393488
5582048,36809,9.393488
5587048,36818,9.393488
5592048,36827,9.393488
5597048,36836,9.393488
5602048,36845,9.393488
5607048,36854,9.393488
5612048,36863,9.393488
5617048,36872,9.393488
5622048,36881,9.393488
5627048,36890,9.393488
5632048,36899,9.393488
5637048,36908,9.393488
5642048,36917,9.393488
5647048,36926,9.393488
5652048,36935,9.393488
5657048,36944,9.393488
5662048,36953,9.393488
5667048,36962,9.393488
5672048,36971,9.393488
5677048,36980,9.393488
5682048,36989,9.393488
5687048,36998,9.393488
5692048,37007,9.393488
5697048,37016,9.393488
5702048,37025,9.393488
5707048,37034,9.393488
5712048,37043,9.393488
5717048,37052,9.393488
5722048,37061,9.393488
5727048,37070,9.393488
5732048,37079,9.393488
5737048,37088,9.393488
5742048,37097,9.393488
5747048,37106,9.393488
5752048,37115,9.393488
5757048,37124,9.393488
5762048,37133,9.393488
5767048,37141,8.349768
5772048,37150,9.393488
5777048,37159,9.393488
5782048,37168,9.393488
5787048,37177,9.393488
5792048,37186,9.393488
5797048,37195,9.393488
5802048,37204,9.393488
5807048,37213,9.393488
5812048,37222,9.393488
5817048,37231,9.393488
5822048,37240,9.393488
5827048,37249,9.393488
5832048,37258,9.393488
5837048,37267,9.393488
5842048,37275,8.349768
5847048,37285,10.437209
5852048,37293,8.349768
5857049,37302,9.391609
5862049,37311,9.393488
5867049,37320,9.393488
5872049,37329,9.393488
5877049,37338,9.393488
5882049,37347,9.393488
5887049,37356,9.393488
5892049,37365,9.393488
5897049,37374,9.393488
5902049,37383,9.393488
5907049,37391,8.349768
5912050,37400,9.391609
5917050,37409,9.393488
5922050,37418,9.393488
5927051,37427,9.391609
5932051,37436,9.393488
5937051,37445,9.393488
5942051,37454,9.393488
5947051,37463,9.393488
5952051,37472,9.393488
5957051,37481,9.393488
5962051,37490,9.393488
5967051,37499,9.393488
5972051,37508,9.393488
5977051,37517,9.393488
5982051,37525,8.349768
5987051,37534,9.393488
5992051,37543,9.393488
5997051,37552,9.393488
6002051,37561,9.393488
6007051,37570,9.393488
6012051,37579,9.393488
6017051,37588,9.393488
6022051,37597,9.393488
6027051,37606,9.393488
6032051,37615,9.393488
6037051,37624,9.393488
6042051,37633,9.393488
6047051,37642,9.393488
6052051,37651,9.393488
6057051,37660,9.393488
6062051,37669,9.393488
6067051,37678,9.393488
6072051,37687,9.393488
6077051,37696,9.393488
6082051,37705,9.393488
6087051,37714,9.393488
6092051,37722,8.349768
6097051,37731,9.393488
6102051,37740,9.393488
6107051,37749,9.393488
6112051,37758,9.393488
6117051,37767,9.393488
6122051,37776,9.393488
6127051,37785,9.393488
6132051,37794,9.393488
6137051,37803,9.393488
6142051,37812,9.393488
6147051,37821,9.393488
6152051,37830,9.393488
6157051,37839,9.393488
6162051,37848,9.393488
6167051,37857,9.393488
6172051,37866,9.393488
6177051,37875,9.393488
6182051,37883,8.349768
6187051,37892,9.393488
6192051,37901,9.393488
6197051,37910,9.393488
6202051,37919,9.393488
6207051,37928,9.393488
6212051,37937,9.393488
6217051,37946,9.393488
6222051,37955,9.393488
6227051,37964,9.393488
6232051,37973,9.393488
6237051,37982,9.393488
6242051,37991,9.393488
6247051,38000,9.393488
6252051,38009,9.393488
6257051,38018,9.393488
6262051,38027,9.393488
6267051,38035,8.349768
6272051,38044,9.393488
6277051,38053,9.393488
6282051,38062,9.393488
6287051,38071,9.393488
6292051,38080,9.393488
6297051,38089,9.393488
6302051,38098,9.393488
6307051,38107,9.393488
6312051,38116,9.393488
6317051,38125,9.393488
6322051,38134,9.393488
6327051,38143,9.393488
6332051,38152,9.393488
6337051,38161,9.393488
6342051,38170,9.393488
6347051,38179,9.393488
6352051,38188,9.393488
6357051,38197,9.393488
6362051,38206,9.393488
6367051,38215,9.393488
6372051,38224,9.393488
6377051,38233,9.393488
6382051,38242,9.393488
6387051,38251,9.393488
6392051,38260,9.393488
6397051,38269,9.393488
6402051,38278,9.393488
6407051,38287,9.393488
6412051,38295,8.349768
6417051,38305,10.437209
6422051,38313,8.349768
6427052,38323,10.435122
6432053,38331,8.348098
6437053,38341,10.437209
6442053,38350,9.393488
6447053,38359,9.393488
6452053,38368,9.393488
6457053,38377,9.393488
6462053,38386,9.393488
6467053,38395,9.393488
6472053,38404,9.393488
6477053,38413,9.393488
6482053,38422,9.393488
6487053,38431,9.393488
6492053,38440,9.393488
6497053,38449,9.393488
6502053,38458,9.393488
6507053,38467,9.393488
6512053,38476,9.393488
6517053,38485,9.393488
6522053,38494,9.393488
6527053,38503,9.393488
6532053,38512,9.393488
6537053,38521,9.393488
6542053,38530,9.393488
6547053,38539,9.393488
6552053,38548,9.393488
6557053,38557,9.393488
6562053,38566,9.393488
6567053,38575,9.393488
6572053,38584,9.393488
6577053,38593,9.393488
6582053,38602,9.393488
6587053,38611,9.393488
6592053,38620,9.393488
6597053,38629,9.393488
6602053,38638,9.393488
6607053,38647,9.393488
6612053,38656,9.393488
6617053,38665,9.393488
6622053,38674,9.393488
6627053,38683,9.393488
6632053,38693,10.437209
6637053,38701,8.349768
6642053,38711,10.437209
6647053,38720,9.393488
6652053,38729,9.393488
6657053,38738,9.393488
6662053,38747,9.393488
6667053,38756,9.393488
6672053,38765,9.393488
6677053,38774,9.393488
6682053,38783,9.393488
6687053,38792,9.393488
6692053,38801,9.393488
6697053,38810,9.393488
6702053,38819,9.393488
6707053,38828,9.393488
6712053,38837,9.393488
6717053,38847,10.437209
6722053,38856,9.393488
6727053,38865,9.393488
6732053,38874,9.393488
6737053,38883,9.393488
6742053,38892,9.393488
6747053,38901,9.393488
6752053,38910,9.393488
6757053,38919,9.393488
6762053,38928,9.393488
6767053,38937,9.393488
6772053,38946,9.393488
6777053,38955,9.393488
6782053,38965,10.437209
6787053,38974,9.393488
6792053,38983,9.393488
6797053,38992,9.393488
6802053,39001,9.393488
6807053,39010,9.393488
6812053,39019,9.393488
6817053,39028,9.393488
6822053,39037,9.393488
6827053,39046,9.393488
6832053,39055,9.393488
6837053,39064,9.393488
6842053,39073,9.393488
6847053,39083,10.437209
6852053,39092,9.393488
6857053,39101,9.393488
6862053,39110,9.393488
6867053,39119,9.393488
6872053,39128,9.393488
6877053,39137,9.393488
6882053,39146,9.393488
6887053,39155,9.393488
6892053,39164,9.393488
6897053,39173,9.393488
6902053,39183,10.437209
6907053,39192,9.393488
6912053,39201,9.393488
6917053,39210,9.393488
6922053,39219,9.393488
6927053,39228,9.393488
6932053,39237,9.393488
6937053,39246,9.393488
6942053,39255,9.393488
6947053,39264,9.393488
6952053,39273,9.393488
6957053,39283,10.437209
6962053,39292,9.393488
6967053,39301,9.393488
6972053,39310,9.393488
6977053,39319,9.393488
6982053,39328,9.393488
6987053,39337,9.393488
6992053,39346,9.393488
6997053,39355,9.393488
7002053,39365,10.437209
7007053,39374,9.393488
7012053,39383,9.393488
7017053,39392,9.393488
7022053,39401,9.393488
7027053,39410,9.393488
7032053,39419,9.393488
7037053,39428,9.393488
7042053,39437,9.393488
7047053,39447,10.437209
7052053,39456,9.393488
7057053,39465,9.393488
7062053,39474,9.393488
7067053,39483,9.393488
7072053,39492,9.393488
7077053,39501,9.393488
7082053,39510,9.393488
7087053,39519,9.393488
7092053,39529,10.437209
7097053,39538,9.393488
7102053,39547,9.393488
7107053,39556,9.393488
7112053,39565,9.393488
7117053,39574,9.393488
7122053,39583,9.393488
7127053,39592,9.393488
7132053,39601,9.393488
7137053,39611,10.437209
7142053,39620,9.393488
7147053,39629,9.393488
7152053,39638,9.393488
7157053,39647,9.393488
7162053,39656,9.393488
7167053,39665,9.393488
7172053,39675,10.437209
7177053,39684,9.393488
7182053,39693,9.393488
7187053,39702,9.393488
7192053,39711,9.393488
7197053,39720,9.393488
7202053,39729,9.393488
7207053,39738,9.393488
7212053,39748,10.437209
7217053,39757,9.393488
7222053,39766,9.393488
7227053,39775,9.393488
7232053,39784,9.393488
7237053,39793,9.393488
7242053,39802,9.393488
7247053,39811,9.393488
7252053,39821,10.437209
7257053,39830,9.393488
7262053,39839,9.393488
7267053,39848,9.393488
7272053,39857,9.393488
7277053,39866,9.393488
7282053,39875,9.393488
7287053,39885,10.437209
7292053,39894,9.393488
7297053,39903,9.393488
7302053,39912,9.393488
7307053,39921,9.393488
7312053,39930,9.393488
7317053,39939,9.393488
7322053,39948,9.393488
7327053,39958,10.437209
7332053,39967,9.393488
7337053,39976,9.393488
7342053,39985,9.393488
7347053,39994,9.393488
7352053,40003,9.393488
7357053,40012,9.393488
7362053,40021,9.393488
7367053,40031,10.437209
7372053,40040,9.393488
7377053,40049,9.393488
7382053,40058,9.393488
7387053,40067,9.393488
7392053,40076,9.393488
7397053,40085,9.393488
7402053,40094,9.393488
7407053,40104,10.437209
7412053,40113,9.393488
7417053,40122,9.393488
7422053,40131,9.393488
7427053,40140,9.393488
7432053,40149,9.393488
7437053,40158,9.393488
7442053,40167,9.393488
7447053,40177,10.437209
7452053,40186,9.393488
7457053,40195,9.393488
7462053,40204,9.393488
7467053,40213,9.393488
7472053,40222,9.393488
7477053,40231,9.393488
7482053,40241,10.437209
7487053,40250,9.393488
7492053,40259,9.393488
7497053,40268,9.393488
7502053,40277,9.393488
7507053,40286,9.393488
7512053,40295,9.393488
7517053,40305,10.437209
7522053,40314,9.393488
7527053,40323,9.393488
7532053,40332,9.393488
7537053,40341,9.393488
7542053,40350,9.393488
7547053,40360,10.437209
7552053,40369,9.393488
7557053,40378,9.393488
7562053,40387,9.393488
7567053,40396,9.393488
7572053,40405,9.393488
7577053,40415,10.437209
7582053,40424,9.393488
7587053,40433,9.393488
7592053,40442,9.393488
7597053,40451,9.393488
7602053,40460,9.393488
7607053,40469,9.393488
7612053,40479,10.437209
7617053,40488,9.393488
7622053,40497,9.393488
7627053,40506,9.393488
7632053,40515,9.393488
7637053,40525,10.437209
7642053,40534,9.393488
7647053,40543,9.393488
7652053,40552,9.393488
7657053,40561,9.393488
7662053,40571,10.437209
7667053,40580,9.393488
7672053,40589,9.393488
7677053,40598,9.393488
7682053,40607,9.393488
7687053,40617,10.437209
7692053,40626,9.393488
7697053,40635,9.393488
7702053,40644,9.393488
7707053,40653,9.393488
7712053,40663,10.437209
7717053,40672,9.393488
7722053,40681,9.393488
7727053,40690,9.393488
7732053,40699,9.393488
7737053,40709,10.437209
7742053,40718,9.393488
7747053,40727,9.393488
7752053,40736,9.393488
7757053,40745,9.393488
7762053,40755,10.437209
7767053,40764,9.393488
7772053,40773,9.393488
7777053,40782,9.393488
7782053,40791,9.393488
7787053,40801,10.437209
7792053,40810,9.393488
7797053,40819,9.393488
7802053,40828,9.393488
7807053,40838,10.437209
7812053,40847,9.393488
7817053,40856,9.393488
7822053,40865,9.393488
7827053,40875,10.437209
7832053,40884,9.393488
7837053,40893,9.393488
7842053,40902,9.393488
7847053,40912,10.437209
7852053,40921,9.393488
7857053,40930,9.393488
7862053,40939,9.393488
7867053,40949,10.437209
7872053,40958,9.393488
7877053,40967,9.393488
7882053,40976,9.393488
7887053,40986,10.437209
7892053,40995,9.393488
7897053,41004,9.393488
7902053,41013,9.393488
7907053,41023,10.437209
7912053,41032,9.393488
7917053,41041,9.393488
7922053,41050,9.393488
7927053,41060,10.437209
7932053,41069,9.393488
7937053,41078,9.393488
7942053,41087,9.393488
7947053,41097,10.437209
7952053,41106,9.393488
7957053,41115,9.393488
7962053,41124,9.393488
7967053,41134,10.437209
7972053,41143,9.393488
7977053,41152,9.393488
7982053,41161,9.393488
7987053,41171,10.437209
7992053,41180,9.393488
7997053,41189,9.393488
8002053,41198,9.393488
8007053,41207,9.393488
8012053,41217,10.437209
8017053,41226,9.393488
8022053,41235,9.393488
8027053,41244,9.393488
8032053,41254,10.437209
8037053,41263,9.393488
8042053,41272,9.393488
8047053,41281,9.393488
8052053,41290,9.393488
8057053,41299,9.393488
8062053,41309,10.437209
8067053,41318,9.393488
8072053,41327,9.393488
8077053,41336,9.393488
8082053,41346,10.437209
8087053,41355,9.393488
8092053,41364,9.393488
8097053,41373,9.393488
8102053,41383,10.437209
8107053,41392,9.393488
8112053,41401,9.393488
8117053,41410,9.393488
8122053,41419,9.393488
8127053,41429,10.437209
8132053,41438,9.393488
8137053,41447,9.393488
8142053,41457,10.437209
8147053,41466,9.393488
8152053,41475,9.393488
8157053,41484,9.393488
8162053,41494,10.437209
8167053,41503,9.393488
8172053,41512,9.393488
8177053,41521,9.393488
8182053,41531,10.437209
8187053,41540,9.393488
8192053,41549,9.393488
8197053,41558,9.393488
8202053,41568,10.437209
8207053,41577,9.393488
8212053,41586,9.393488
8217053,41595,9.393488
8222053,41605,10.437209
8227053,41614,9.393488
8232053,41623,9.393488
8237053,41632,9.393488
8242053,41642,10.437209
8247053,41651,9.393488
8252053,41660,9.393488
8257053,41669,9.393488
8262053,41679,10.437209
8267053,41688,9.393488
8272053,41697,9.393488
8277053,41707,10.437209
8282053,41716,9.393488
8287053,41725,9.393488
8292053,41734,9.393488
8297053,41744,10.437209
8302053,41753,9.393488
8307053,41762,9.393488
8312053,41772,10.437209
8317053,41781,9.393488
8322053,41790,9.393488
8327053,41800,10.437209
8332053,41809,9.393488
8337053,41818,9.393488
8342053,41827,9.393488
8347053,41837,10.437209
8352053,41846,9.393488
8357053,41855,9.393488
8362053,41865,10.437209
8367053,41874,9.393488
8372053,41883,9.393488
8377053,41893,10.437209
8382053,41902,9.393488
8387053,41911,9.393488
8392053,41921,10.437209
8397053,41930,9.393488
8402053,41939,9.393488
8407053,41949,10.437209
8412053,41958,9.393488
8417053,41967,9.393488
8422053,41977,10.437209
8427053,41986,9.393488
8432053,41995,9.393488
8437053,42005,10.437209
8442053,42014,9.393488
8447053,42023,9.393488
8452053,42033,10.437209
8457053,42042,9.393488
8462053,42051,9.393488
8467053,42061,10.437209
8472053,42070,9.393488
8477053,42079,9.393488
8482053,42089,10.437209
8487053,42098,9.393488
8492053,42107,9.393488
8497053,42117,10.437209
8502053,42126,9.393488
8507053,42135,9.393488
8512053,42145,10.437209
8517053,42154,9.393488
8522053,42164,10.437209
8527053,42173,9.393488
8532053,42182,9.393488
8537053,42192,10.437209
8542053,42201,9.393488
8547053,42210,9.393488
8552053,42220,10.437209
8557053,42229,9.393488
8562053,42239,10.437209
8567053,42248,9.393488
8572053,42257,9.393488
8577053,42267,10.437209
8582053,42276,9.393488
8587053,42285,9.393488
8592053,42295,10.437209
8597053,42304,9.393488
8602053,42313,9.393488
8607053,42323,10.437209
8612053,42332,9.393488
8617053,42341,9.393488
8622053,42351,10.437209
8627053,42360,9.393488
8632053,42370,10.437209
8637053,42379,9.393488
8642053,42388,9.393488
8647053,42398,10.437209
8652053,42407,9.393488
8657053,42417,10.437209
8662053,42426,9.393488
8667053,42435,9.393488
8672053,42445,10.437209
8677053,42454,9.393488
8682053,42463,9.393488
8687053,42473,10.437209
8692053,42482,9.393488
8697053,42491,9.393488
8702053,42501,10.437209
8707053,42510,9.393488
8712053,42519,9.393488
8717053,42529,10.437209
8722053,42538,9.393488
8727053,42547,9.393488
8732053,42557,10.437209
8737053,42566,9.393488
8742053,42575,9.393488
8747053,42585,10.437209
8752053,42594,9.393488
8757053,42603,9.393488
8762053,42613,10.437209
8767053,42622,9.393488
8772053,42631,9.393488
8777053,42641,10.437209
8782053,42650,9.393488
8787053,42659,9.393488
8792053,42669,10.437209
8797053,42678,9.393488
8802053,42688,10.437209
8807053,42697,9.393488
8812053,42706,9.393488
8817053,42716,10.437209
8822053,42725,9.393488
8827053,42735,10.437209
8832053,42744,9.393488
8837053,42753,9.393488
8842053,42763,10.437209
8847053,42772,9.393488
8852053,42781,9.393488
8857053,42791,10.437209
8862053,42800,9.393488
8867053,42809,9.393488
8872053,42819,10.437209
8877053,42828,9.393488
8882053,42838,10.437209
8887053,42847,9.393488
8892053,42856,9.393488
8897053,42866,10.437209
8902053,42875,9.393488
8907053,42884,9.393488
8912053,42894,10.437209
8917053,42903,9.393488
8922053,42913,10.437209
8927053,42922,9.393488
8932053,42931,9.393488
8937053,42941,10.437209
8942053,42950,9.393488
8947053,42959,9.393488
8952053,42969,10.437209
8957053,42978,9.393488
8962053,42987,9.393488
8967053,42997,10.437209
8972053,43006,9.393488
8977053,43015,9.393488
8982053,43025,10.437209
8987053,43034,9.393488
8992053,43044,10.437209
8997053,43053,9.393488
9002053,43062,9.393488
9007053,43072,10.437209
9012053,43081,9.393488
9017053,43090,9.393488
9022053,43100,10.437209
9027053,43109,9.393488
9032053,43119,10.437209
9037053,43128,9.393488
9042053,43137,9.393488
9047053,43147,10.437209
9052053,43156,9.393488
9057053,43165,9.393488
9062053,43175,10.437209
9067053,43184,9.393488
9072053,43194,10.437209
9077053,43203,9.393488
9082053,43213,10.437209
9087053,43222,9.393488
9092053,43231,9.393488
9097053,43241,10.437209
9102053,43250,9.393488
9107053,43259,9.393488
9112053,43269,10.437209
9117053,43278,9.393488
9122053,43288,10.437209
9127053,43297,9.393488
9132053,43306,9.393488
9137053,43316,10.437209
9142053,43325,9.393488
9147053,43335,10.437209
9152053,43344,9.393488
9157053,43353,9.393488
9162053,43363,10.437209
9167053,43372,9.393488
9172053,43381,9.393488
9177053,43391,10.437209
9182053,43400,9.393488
9187053,43409,9.393488
9192053,43419,10.437209
9197053,43428,9.393488
9202053,43438,10.437209
9207053,43447,9.393488
9212053,43456,9.393488
9217053,43466,10.437209
9222053,43475,9.393488
9227053,43485,10.437209
9232053,43494,9.393488
9237053,43503,9.393488
9242053,43513,10.437209
9247053,43522,9.393488
9252053,43532,10.437209
9257053,43541,9.393488
9262053,43550,9.393488
9267053,43560,10.437209
9272053,43569,9.393488
9277053,43579,10.437209
9282053,43588,9.393488
9287053,43597,9.393488
9292053,43607,10.437209
9297053,43616,9.393488
9302053,43626,10.437209
9307053,43635,9.393488
9312053,43645,10.437209
9317053,43654,9.393488
9322053,43663,9.393488
9327053,43673,10.437209
9332053,43682,9.393488
9337053,43691,9.393488
9342053,43701,10.437209
9347053,43710,9.393488
9352053,43720,10.437209
9357053,43729,9.393488
9362053,43739,10.437209
9367053,43748,9.393488
9372053,43757,9.393488
9377053,43767,10.437209
9382053,43776,9.393488
9387053,43785,9.393488
9392053,43795,10.437209
9397053,43804,9.393488
9402053,43814,10.437209
9407053,43823,9.393488
9412053,43832,9.393488
9417053,43842,10.437209
9422053,43851,9.393488
9427053,43861,10.437209
9432053,43870,9.393488
9437053,43879,9.393488
9442053,43889,10.437209
9447053,43898,9.393488
9452053,43907,9.393488
9457053,43917,10.437209
9462053,43926,9.393488
9467053,43936,10.437209
9472053,43945,9.393488
9477053,43955,10.437209
9482053,43964,9.393488
9487053,43973,9.393488
9492053,43983,10.437209
9497053,43992,9.393488
9502053,44001,9.393488
9507053,44011,10.437209
9512053,44020,9.393488
9517053,44030,10.437209
9522053,44039,9.393488
9527053,44048,9.393488
9532053,44058,10.437209
9537053,44067,9.393488
9542053,44077,10.437209
9547053,44086,9.393488
9552053,44095,9.393488
9557053,44105,10.437209
9562053,44114,9.393488
9567053,44123,9.393488
9572053,44133,10.437209
9577053,44142,9.393488
9582053,44152,10.437209
9587053,44161,9.393488
9592053,44171,10.437209
9597053,44180,9.393488
9602053,44189,9.393488
9607053,44199,10.437209
9612053,44208,9.393488
9617053,44217,9.393488
9622053,44227,10.437209
9627053,44236,9.393488
9632053,44246,10.437209
9637053,44255,9.393488
9642053,44264,9.393488
9647053,44274,10.437209
9652053,44283,9.393488
9657053,44293,10.437209
9662053,44302,9.393488
9667053,44311,9.393488
9672053,44321,10.437209
9677053,44330,9.393488
9682053,44340,10.437209
9687053,44349,9.393488
9692053,44358,9.393488
9697053,44368,10.437209
9702053,44377,9.393488
9707053,44387,10.437209
9712053,44396,9.393488
9717053,44405,9.393488
9722053,44415,10.437209
9727053,44424,9.393488
9732053,44434,10.437209
9737053,44443,9.393488
9742053,44452,9.393488
9747053,44462,10.437209
9752053,44471,9.393488
9757053,44481,10.437209
9762053,44490,9.393488
9767053,44499,9.393488
9772053,44509,10.437209
9777053,44518,9.393488
9782053,44527,9.393488
9787053,44537,10.437209
9792053,44546,9.393488
9797053,44556,10.437209
9802053,44565,9.393488
9807053,44575,10.437209
9812053,44584,9.393488
9817053,44593,9.393488
9822053,44603,10.437209
9827053,44612,9.393488
9832053,44621,9.393488
9837053,44631,10.437209
9842053,44640,9.393488
9847053,44650,10.437209
9852053,44659,9.393488
9857053,44669,10.437209
9862053,44678,9.393488
9867053,44687,9.393488
9872053,44697,10.437209
9877053,44706,9.393488
9882053,44715,9.393488
9887053,44725,10.437209
9892053,44734,9.393488
9897053,44744,10.437209
9902053,44753,9.393488
9907053,44762,9.393488
9912053,44772,10.437209
9917053,44781,9.393488
9922053,44790,9.393488
9927053,44799,9.393488
9932053,44809,10.437209
9937053,44818,9.393488
9942053,44827,9.393488
9947053,44837,10.437209
9952053,44846,9.393488
9957053,44855,9.393488
9962053,44865,10.437209
9967053,44874,9.393488
9972053,44883,9.393488
9977053,44893,10.437209
9982053,44902,9.393488
9987053,44911,9.393488
9992053,44921,10.437209
9997053,44930,9.393488
10002053,44939,9.393488
10007053,44948,9.393488
10012053,44958,10.437209
10017053,44967,9.393488
10022053,44977,10.437209
10027053,44986,9.393488
10032053,44995,9.393488
10037053,45004,9.393488
10042053,45014,10.437209
10047053,45023,9.393488
10052053,45033,10.437209
10057053,45042,9.393488
10062053,45051,9.393488
10067053,45061,10.437209
10072053,45070,9.393488
10077053,45079,9.393488
10082053,45089,10.437209
10087053,45098,9.393488
10092053,45107,9.393488
10097053,45117,10.437209
10102053,45126,9.393488
10107053,45136,10.437209
10112053,45145,9.393488
10117053,45155,10.437209
10122053,45164,9.393488
10127053,45173,9.393488
10132053,45183,10.437209
10137053,45192,9.393488
10142053,45202,10.437209
10147053,45211,9.393488
10152053,45220,9.393488
10157053,45230,10.437209
10162053,45239,9.393488
10167053,45249,10.437209
10172053,45258,9.393488
10177053,45267,9.393488
10182053,45277,10.437209
10187053,45286,9.393488
10192053,45296,10.437209
10197053,45305,9.393488
10202053,45315,10.437209
10207053,45324,9.393488
10212053,45333,9.393488
10217053,45343,10.437209
10222053,45352,9.393488
10227053,45362,10.437209
10232053,45371,9.393488
10237053,45381,10.437209
10242053,45390,9.393488
10247053,45399,9.393488
10252053,45409,10.437209
10257053,45418,9.393488
10262053,45427,9.393488
10267053,45437,10.437209
10272053,45446,9.393488
10277053,45456,10.437209
10282053,45465,9.393488
10287053,45475,10.437209
10292053,45484,9.393488
10297053,45493,9.393488
10302053,45503,10.437209
10307053,45512,9.393488
