
Time_us,Position,Speed_rad_per_s
1312008,77220,0.000000
1317008,77220,0.000000
1322008,77219,-1.043721
1327008,77217,-2.087442
1332009,77215,-2.087024
1337010,77212,-3.130537
1342010,77209,-3.131163
1347011,77205,-4.174049
1352011,77201,-4.174884
1357011,77197,-4.174884
1362011,77191,-6.262325
1367011,77186,-5.218605
1372011,77180,-6.262325
1377011,77174,-6.262325
1382011,77168,-6.262325
1387011,77161,-7.306046
1392011,77154,-7.306046
1397011,77146,-8.349768
1402011,77138,-8.349768
1407011,77130,-8.349768
1412011,77122,-8.349768
1417011,77113,-9.393488
1422011,77105,-8.349768
1427011,77095,-10.437209
1432011,77086,-9.393488
1437011,77077,-9.393488
1442011,77067,-10.437209
1447011,77057,-10.437209
1452011,77046,-11.480930
1457011,77036,-10.437209
1462011,77025,-11.480930
1467011,77014,-11.480930
1472011,77003,-11.480930
1477011,76992,-11.480930
1482011,76980,-12.524651
1487011,76969,-11.480930
1492011,76957,-12.524651
1497011,76945,-12.524651
1502011,76933,-12.524651
1507011,76921,-12.524651
1512011,76909,-12.524651
1517011,76896,-13.568372
1522011,76884,-12.524651
1527011,76871,-13.568372
1532011,76858,-13.568372
1537011,76845,-13.568372
1542011,76832,-13.568372
1547011,76819,-13.568372
1552011,76806,-13.568372
1557011,76792,-14.612093
1562011,76779,-13.568372
1567011,76765,-14.612093
1572011,76752,-13.568372
1577011,76738,-14.612093
1582011,76724,-14.612093
1587011,76710,-14.612093
1592011,76696,-14.612093
1597011,76682,-14.612093
1602011,76668,-14.612093
1607011,76654,-14.612093
1612011,76639,-15.655814
1617011,76625,-14.612093
1622011,76611,-14.612093
1627011,76596,-15.655814
1632011,76582,-14.612093
1637011,76567,-15.655814
1642011,76552,-15.655814
1647011,76537,-15.655814
1652011,76523,-14.612093
1657011,76508,-15.655814
1662011,76493,-15.655814
1667011,76478,-15.655814
1672011,76463,-15.655814
1677011,76448,-15.655814
1682011,76433,-15.655814
1687011,76417,-16.699535
1692011,76402,-15.655814
1697011,76387,-15.655814
1702011,76372,-15.655814
1707011,76356,-16.699535
1712011,76341,-15.655814
1717011,76325,-16.699535
1722011,76310,-15.655814
1727011,76294,-16.699535
1732011,76279,-15.655814
1737011,76263,-16.699535
1742011,76248,-15.655814
1747011,76232,-16.699535
1752011,76216,-16.699535
1757011,76201,-15.655814
1762011,76185,-16.699535
1767011,76169,-16.699535
1772011,76154,-15.655814
1777011,76138,-16.699535
1782011,76122,-16.699535
1787011,76106,-16.699535
1792011,76090,-16.699535
1797011,76075,-15.655814
1802011,76059,-16.699535
1807011,76043,-16.699535
1812011,76027,-16.699535
1817011,76011,-16.699535
1822011,75995,-16.699535
1827011,75979,-16.699535
1832011,75963,-16.699535
1837011,75947,-16.699535
1842011,75931,-16.699535
1847011,75915,-16.699535
1852011,75899,-16.699535
1857011,75883,-16.699535
1862011,75867,-16.699535
1867011,75851,-16.699535
1872011,75835,-16.699535
1877011,75819,-16.699535
1882011,75803,-16.699535
1887011,75787,-16.699535
1892011,75771,-16.699535
1897011,75755,-16.699535
1902011,75739,-16.699535
1907011,75723,-16.699535
1912011,75707,-16.699535
1917011,75691,-16.699535
1922011,75675,-16.699535
1927011,75659,-16.699535
1932011,75643,-16.699535
1937011,75627,-16.699535
1942011,75611,-16.699535
1947011,75595,-16.699535
1952011,75579,-16.699535
1957011,75562,-17.743256
1962011,75546,-16.699535
1967011,75530,-16.699535
1972011,75514,-16.699535
1977011,75498,-16.699535
1982011,75482,-16.699535
1987011,75466,-16.699535
1992011,75449,-17.743256
1997011,75433,-16.699535
2002011,75417,-16.699535
2007011,75401,-16.699535
2012011,75385,-16.699535
2017011,75369,-16.699535
2022011,75353,-16.699535
2027011,75336,-17.743256
2032011,75320,-16.699535
2037011,75304,-16.699535
2042011,75288,-16.699535
2047011,75272,-16.699535
2052011,75255,-17.743256
2057011,75239,-16.699535
2062011,75223,-16.699535
2067011,75207,-16.699535
2072011,75191,-16.699535
2077011,75174,-17.743256
2082011,75158,-16.699535
2087011,75142,-16.699535
2092011,75126,-16.699535
2097011,75110,-16.699535
2102011,75093,-17.743256
2107011,75077,-16.699535
2112011,75061,-16.699535
2117011,75045,-16.699535
2122011,75029,-16.699535
2127011,75012,-17.743256
2132011,74996,-16.699535
2137011,74980,-16.699535
2142011,74964,-16.699535
2147011,74947,-17.743256
2152011,74931,-16.699535
2157011,74915,-16.699535
2162011,74899,-16.699535
2167011,74883,-16.699535
2172011,74866,-17.743256
2177011,74850,-16.699535
2182011,74834,-16.699535
2187011,74818,-16.699535
2192011,74802,-16.699535
2197011,74785,-17.743256
2202011,74769,-16.699535
2207011,74753,-16.699535
2212011,74737,-16.699535
2217011,74721,-16.699535
2222011,74704,-17.743256
2227011,74688,-16.699535
2232011,74672,-16.699535
2237011,74656,-16.699535
2242011,74639,-17.743256
2247011,74623,-16.699535
2252011,74607,-16.699535
2257011,74591,-16.699535
2262011,74575,-16.699535
2267011,74558,-17.743256
2272011,74542,-16.699535
2277011,74526,-16.699535
2282011,74510,-16.699535
2287011,74494,-16.699535
2292011,74477,-17.743256
2297011,74461,-16.699535
2302011,74445,-16.699535
2307011,74429,-16.699535
2312011,74413,-16.699535
2317011,74396,-17.743256
2322011,74380,-16.699535
2327011,74364,-16.699535
2332011,74348,-16.699535
2337011,74331,-17.743256
2342011,74315,-16.699535
2347011,74299,-16.699535
2352011,74283,-16.699535
2357011,74267,-16.699535
2362011,74250,-17.743256
2367011,74234,-16.699535
2372011,74218,-16.699535
2377011,74202,-16.699535
2382011,74185,-17.743256
2387011,74169,-16.699535
2392011,74153,-16.699535
2397011,74137,-16.699535
2402011,74121,-16.699535
2407011,74104,-17.743256
2412011,74088,-16.699535
2417011,74072,-16.699535
2422011,74056,-16.699535
2427011,74039,-17.743256
2432011,74023,-16.699535
2437011,74007,-16.699535
2442011,73991,-16.699535
2447011,73975,-16.699535
2452011,73958,-17.743256
2457011,73942,-16.699535
2462011,73926,-16.699535
2467011,73910,-16.699535
2472011,73893,-17.743256
2477011,73877,-16.699535
2482011,73861,-16.699535
2487011,73845,-16.699535
2492011,73829,-16.699535
2497011,73812,-17.743256
2502011,73796,-16.699535
2507011,73780,-16.699535
2512011,73764,-16.699535
2517011,73747,-17.743256
2522011,73731,-16.699535
2527011,73715,-16.699535
2532011,73699,-16.699535
2537011,73682,-17.743256
2542011,73666,-16.699535
2547011,73650,-16.699535
2552011,73634,-16.699535
2557011,73617,-17.743256
2562011,73601,-16.699535
2567011,73585,-16.699535
2572011,73569,-16.699535
2577011,73552,-17.743256
2582011,73536,-16.699535
2587011,73520,-16.699535
2592011,73504,-16.699535
2597011,73487,-17.743256
2602011,73471,-16.699535
2607011,73455,-16.699535
2612011,73439,-16.699535
2617011,73422,-17.743256
2622011,73406,-16.699535
2627011,73390,-16.699535
2632011,73374,-16.699535
2637011,73357,-17.743256
2642011,73341,-16.699535
2647011,73325,-16.699535
2652011,73309,-16.699535
2657011,73292,-17.743256
2662011,73276,-16.699535
2667011,73260,-16.699535
2672011,73244,-16.699535
2677011,73227,-17.743256
2682011,73211,-16.699535
2687011,73195,-16.699535
2692011,73179,-16.699535
2697011,73162,-17.743256
2702011,73146,-16.699535
2707011,73130,-16.699535
2712011,73113,-17.743256
2717011,73097,-16.699535
2722011,73081,-16.699535
2727011,73065,-16.699535
2732011,73048,-17.743256
2737011,73032,-16.699535
2742011,73016,-16.699535
2747011,73000,-16.699535
2752011,72983,-17.743256
2757011,72967,-16.699535
2762011,72951,-16.699535
2767011,72934,-17.743256
2772011,72918,-16.699535
2777011,72902,-16.699535
2782011,72886,-16.699535
2787011,72869,-17.743256
2792011,72853,-16.699535
2797011,72837,-16.699535
2802011,72821,-16.699535
2807011,72804,-17.743256
2812011,72788,-16.699535
2817011,72772,-16.699535
2822011,72755,-17.743256
2827011,72739,-16.699535
2832011,72723,-16.699535
2837011,72707,-16.699535
2842011,72690,-17.743256
2847011,72674,-16.699535
2852011,72658,-16.699535
2857011,72641,-17.743256
2862011,72625,-16.699535
2867011,72609,-16.699535
2872011,72593,-16.699535
2877011,72576,-17.743256
2882011,72560,-16.699535
2887011,72544,-16.699535
2892011,72527,-17.743256
2897011,72511,-16.699535
2902011,72495,-16.699535
2907011,72478,-17.743256
2912011,72462,-16.699535
2917011,72446,-16.699535
2922011,72430,-16.699535
2927011,72413,-17.743256
2932011,72397,-16.699535
2937011,72381,-16.699535
2942011,72364,-17.743256
2947011,72348,-16.699535
2952011,72332,-16.699535
2957011,72315,-17.743256
2962011,72299,-16.699535
2967011,72283,-16.699535
2972011,72267,-16.699535
2977011,72250,-17.743256
2982011,72234,-16.699535
2987011,72218,-16.699535
2992011,72201,-17.743256
2997011,72185,-16.699535
3002011,72169,-16.699535
3007011,72152,-17.743256
3012011,72136,-16.699535
3017011,72120,-16.699535
3022011,72103,-17.743256
3027011,72087,-16.699535
3032011,72071,-16.699535
3037011,72055,-16.699535
3042011,72038,-17.743256
3047011,72022,-16.699535
3052011,72006,-16.699535
3057011,71989,-17.743256
3062011,71973,-16.699535
3067011,71957,-16.699535
3072011,71941,-16.699535
3077011,71924,-17.743256
3082011,71908,-16.699535
3087011,71891,-17.743256
3092011,71875,-16.699535
3097011,71859,-16.699535
3102011,71843,-16.699535
3107011,71826,-17.743256
3112011,71810,-16.699535
3117011,71794,-16.699535
3122011,71777,-17.743256
3127011,71761,-16.699535
3132011,71745,-16.699535
3137011,71728,-17.743256
3142011,71712,-16.699535
3147011,71696,-16.699535
3152011,71679,-17.743256
3157011,71663,-16.699535
3162011,71647,-16.699535
3167011,71630,-17.743256
3172011,71614,-16.699535
3177011,71598,-16.699535
3182011,71581,-17.743256
3187011,71565,-16.699535
3192011,71549,-16.699535
3197011,71532,-17.743256
3202011,71516,-16.699535
3207011,71500,-16.699535
3212011,71483,-17.743256
3217011,71467,-16.699535
3222011,71451,-16.699535
3227011,71434,-17.743256
3232011,71418,-16.699535
3237011,71401,-17.743256
3242011,71385,-16.699535
3247011,71369,-16.699535
3252011,71352,-17.743256
3257011,71336,-16.699535
3262011,71320,-16.699535
3267011,71303,-17.743256
3272011,71287,-16.699535
3277011,71271,-16.699535
3282011,71254,-17.743256
3287011,71238,-16.699535
3292011,71221,-17.743256
3297011,71205,-16.699535
3302011,71189,-16.699535
3307011,71172,-17.743256
3312011,71156,-16.699535
3317011,71140,-16.699535
3322011,71123,-17.743256
3327011,71107,-16.699535
3332011,71090,-17.743256
3337011,71074,-16.699535
3342011,71058,-16.699535
3347011,71041,-17.743256
3352011,71025,-16.699535
3357011,71009,-16.699535
3362011,70992,-17.743256
3367011,70976,-16.699535
3372011,70959,-17.743256
3377011,70943,-16.699535
3382011,70927,-16.699535
3387011,70910,-17.743256
3392011,70894,-16.699535
3397011,70877,-17.743256
3402011,70861,-16.699535
3407011,70845,-16.699535
3412011,70828,-17.743256
3417011,70812,-16.699535
3422011,70795,-17.743256
3427011,70779,-16.699535
3432011,70763,-16.699535
3437011,70746,-17.743256
3442011,70730,-16.699535
3447011,70713,-17.743256
3452011,70697,-16.699535
3457011,70681,-16.699535
3462011,70664,-17.743256
3467011,70648,-16.699535
3472011,70631,-17.743256
3477011,70615,-16.699535
3482011,70599,-16.699535
3487011,70582,-17.743256
3492011,70566,-16.699535
3497011,70550,-16.699535
3502011,70533,-17.743256
3507011,70517,-16.699535
3512011,70500,-17.743256
3517011,70484,-16.699535
3522011,70468,-16.699535
3527011,70451,-17.743256
3532011,70435,-16.699535
3537011,70418,-17.743256
3542011,70402,-16.699535
3547011,70386,-16.699535
3552011,70369,-17.743256
3557011,70353,-16.699535
3562011,70336,-17.743256
3567011,70320,-16.699535
3572011,70304,-16.699535
3577011,70287,-17.743256
3582011,70271,-16.699535
3587011,70254,-17.743256
3592011,70238,-16.699535
3597011,70222,-16.699535
3602011,70205,-17.743256
3607011,70189,-16.699535
3612011,70172,-17.743256
3617011,70156,-16.699535
3622011,70140,-16.699535
3627011,70123,-17.743256
3632011,70107,-16.699535
3637011,70090,-17.743256
3642011,70074,-16.699535
3647011,70058,-16.699535
3652011,70041,-17.743256
3657011,70025,-16.699535
3662011,70009,-16.699535
3667011,69992,-17.743256
3672011,69976,-16.699535
3677011,69959,-17.743256
3682011,69943,-16.699535
3687011,69927,-16.699535
3692011,69910,-17.743256
3697011,69894,-16.699535
3702011,69877,-17.743256
3707011,69861,-16.699535
3712011,69845,-16.699535
3717011,69828,-17.743256
3722011,69812,-16.699535
3727011,69795,-17.743256
3732011,69779,-16.699535
3737011,69763,-16.699535
3742011,69746,-17.743256
3747011,69730,-16.699535
3752011,69713,-17.743256
3757011,69697,-16.699535
3762011,69681,-16.699535
3767011,69664,-17.743256
3772011,69648,-16.699535
3777011,69632,-16.699535
3782011,69615,-17.743256
3787011,69599,-16.699535
3792011,69582,-17.743256
3797011,69566,-16.699535
3802011,69550,-16.699535
3807011,69533,-17.743256
3812011,69517,-16.699535
3817011,69500,-17.743256
3822011,69484,-16.699535
3827011,69468,-16.699535
3832011,69451,-17.743256
3837011,69435,-16.699535
3842011,69419,-16.699535
3847011,69402,-17.743256
3852011,69386,-16.699535
3857011,69369,-17.743256
3862011,69353,-16.699535
3867011,69337,-16.699535
3872011,69320,-17.743256
3877011,69304,-16.699535
3882011,69287,-17.743256
3887011,69271,-16.699535
3892011,69255,-16.699535
3897011,69238,-17.743256
3902011,69222,-16.699535
3907011,69206,-16.699535
3912011,69189,-17.743256
3917011,69173,-16.699535
3922011,69157,-16.699535
3927011,69140,-17.743256
3932011,69124,-16.699535
3937011,69107,-17.743256
3942011,69091,-16.699535
3947011,69075,-16.699535
3952011,69058,-17.743256
3957011,69042,-16.699535
3962011,69026,-16.699535
3967011,69009,-17.743256
3972011,68993,-16.699535
3977011,68977,-16.699535
3982011,68960,-17.743256
3987011,68944,-16.699535
3992011,68927,-17.743256
3997011,68911,-16.699535
4002011,68895,-16.699535
4007011,68878,-17.743256
4012011,68862,-16.699535
4017011,68845,-17.743256
4022011,68829,-16.699535
4027011,68813,-16.699535
4032011,68796,-17.743256
4037011,68780,-16.699535
4042011,68763,-17.743256
4047011,68747,-16.699535
4052011,68731,-16.699535
4057011,68714,-17.743256
4062011,68698,-16.699535
4067011,68681,-17.743256
4072011,68665,-16.699535
4077011,68649,-16.699535
4082011,68632,-17.743256
4087011,68616,-16.699535
4092011,68599,-17.743256
4097011,68583,-16.699535
4102011,68567,-16.699535
4107011,68550,-17.743256
4112011,68534,-16.699535
4117011,68517,-17.743256
4122011,68501,-16.699535
4127011,68485,-16.699535
4132011,68468,-17.743256
4137011,68452,-16.699535
4142011,68435,-17.743256
4147011,68419,-16.699535
4152011,68403,-16.699535
4157011,68386,-17.743256
4162011,68370,-16.699535
4167011,68354,-16.699535
4172011,68337,-17.743256
4177011,68321,-16.699535
4182011,68305,-16.699535
4187011,68288,-17.743256
4192011,68272,-16.699535
4197011,68255,-17.743256
4202011,68239,-16.699535
4207011,68223,-16.699535
4212011,68206,-17.743256
4217011,68190,-16.699535
4222011,68174,-16.699535
4227011,68157,-17.743256
4232011,68141,-16.699535
4237011,68125,-16.699535
4242011,68108,-17.743256
4247011,68092,-16.699535
4252011,68075,-17.743256
4257011,68059,-16.699535
4262011,68043,-16.699535
4267011,68026,-17.743256
4272011,68010,-16.699535
4277011,67994,-16.699535
4282011,67977,-17.743256
4287011,67961,-16.699535
4292011,67945,-16.699535
4297011,67929,-16.699535
4302011,67912,-17.743256
4307011,67896,-16.699535
4312011,67880,-16.699535
4317011,67863,-17.743256
4322011,67847,-16.699535
4327011,67831,-16.699535
4332011,67814,-17.743256
4337011,67798,-16.699535
4342011,67782,-16.699535
4347011,67765,-17.743256
4352011,67749,-16.699535
4357011,67733,-16.699535
4362011,67717,-16.699535
4367011,67700,-17.743256
4372011,67684,-16.699535
4377011,67668,-16.699535
4382011,67651,-17.743256
4387011,67635,-16.699535
4392011,67619,-16.699535
4397011,67603,-16.699535
4402011,67586,-17.743256
4407011,67570,-16.699535
4412011,67554,-16.699535
4417011,67537,-17.743256
4422011,67521,-16.699535
4427011,67505,-16.699535
4432011,67489,-16.699535
4437011,67472,-17.743256
4442011,67456,-16.699535
4447011,67440,-16.699535
4452011,67423,-17.743256
4457011,67407,-16.699535
4462011,67391,-16.699535
4467011,67375,-16.699535
4472011,67358,-17.743256
4477011,67342,-16.699535
4482011,67326,-16.699535
4487011,67309,-17.743256
4492011,67293,-16.699535
4497011,67277,-16.699535
4502011,67260,-17.743256
4507011,67244,-16.699535
4512011,67228,-16.699535
4517011,67211,-17.743256
4522011,67195,-16.699535
4527011,67179,-16.699535
4532011,67163,-16.699535
4537011,67146,-17.743256
4542011,67130,-16.699535
4547011,67114,-16.699535
4552011,67097,-17.743256
4557011,67081,-16.699535
4562011,67065,-16.699535
4567011,67048,-17.743256
4572011,67032,-16.699535
4577011,67016,-16.699535
4582011,67000,-16.699535
4587011,66983,-17.743256
4592011,66967,-16.699535
4597011,66951,-16.699535
4602011,66934,-17.743256
4607011,66918,-16.699535
4612011,66902,-16.699535
4617011,66885,-17.743256
4622011,66869,-16.699535
4627011,66853,-16.699535
4632011,66837,-16.699535
4637011,66820,-17.743256
4642011,66804,-16.699535
4647011,66788,-16.699535
4652011,66771,-17.743256
4657011,66755,-16.699535
4662011,66739,-16.699535
4667011,66723,-16.699535
4672011,66706,-17.743256
4677011,66690,-16.699535
4682011,66674,-16.699535
4687011,66657,-17.743256
4692011,66641,-16.699535
4697011,66625,-16.699535
4702011,66608,-17.743256
4707011,66592,-16.699535
4712011,66576,-16.699535
4717011,66560,-16.699535
4722011,66543,-17.743256
4727011,66527,-16.699535
4732011,66511,-16.699535
4737011,66494,-17.743256
4742011,66478,-16.699535
4747011,66462,-16.699535
4752011,66445,-17.743256
4757011,66429,-16.699535
4762011,66413,-16.699535
4767011,66397,-16.699535
4772011,66380,-17.743256
4777011,66364,-16.699535
4782011,66348,-16.699535
4787011,66331,-17.743256
4792011,66315,-16.699535
4797011,66299,-16.699535
4802011,66283,-16.699535
4807011,66266,-17.743256
4812011,66250,-16.699535
4817011,66234,-16.699535
4822011,66217,-17.743256
4827011,66201,-16.699535
4832011,66185,-16.699535
4837011,66168,-17.743256
4842011,66152,-16.699535
4847011,66136,-16.699535
4852011,66119,-17.743256
4857011,66103,-16.699535
4862011,66087,-16.699535
4867011,66070,-17.743256
4872011,66054,-16.699535
4877011,66038,-16.699535
4882011,66021,-17.743256
4887011,66005,-16.699535
4892011,65989,-16.699535
4897011,65973,-16.699535
4902011,65956,-17.743256
4907011,65940,-16.699535
4912011,65923,-17.743256
4917011,65907,-16.699535
4922011,65891,-16.699535
4927011,65875,-16.699535
4932011,65858,-17.743256
4937011,65842,-16.699535
4942011,65825,-17.743256
4947011,65809,-16.699535
4952011,65793,-16.699535
4957011,65777,-16.699535
4962011,65760,-17.743256
4967011,65744,-16.699535
4972011,65727,-17.743256
4977011,65711,-16.699535
4982011,65695,-16.699535
4987011,65679,-16.699535
4992011,65662,-17.743256
4997011,65646,-16.699535
5002011,65629,-17.743256
5007011,65613,-16.699535
5012011,65597,-16.699535
5017011,65580,-17.743256
5022011,65564,-16.699535
5027011,65548,-16.699535
5032011,65531,-17.743256
5037011,65515,-16.699535
5042011,65499,-16.699535
5047011,65482,-17.743256
5052011,65466,-16.699535
5057011,65450,-16.699535
5062011,65433,-17.743256
5067011,65417,-16.699535
5072011,65401,-16.699535
5077011,65384,-17.743256
5082011,65368,-16.699535
5087011,65351,-17.743256
5092011,65335,-16.699535
5097011,65319,-16.699535
5102011,65302,-17.743256
5107011,65286,-16.699535
5112011,65270,-16.699535
5117011,65253,-17.743256
5122011,65237,-16.699535
5127011,65221,-16.699535
5132011,65204,-17.743256
5137011,65188,-16.699535
5142011,65172,-16.699535
5147011,65155,-17.743256
5152011,65139,-16.699535
5157011,65123,-16.699535
5162011,65106,-17.743256
5167011,65090,-16.699535
5172011,65074,-16.699535
5177011,65057,-17.743256
5182011,65041,-16.699535
5187011,65024,-17.743256
5192011,65008,-16.699535
5197011,64992,-16.699535
5202011,64975,-17.743256
5207011,64959,-16.699535
5212011,64943,-16.699535
5217011,64926,-17.743256
5222011,64910,-16.699535
5227011,64894,-16.699535
5232011,64877,-17.743256
5237011,64861,-16.699535
5242011,64845,-16.699535
5247011,64828,-17.743256
5252011,64812,-16.699535
5257011,64795,-17.743256
5262011,64779,-16.699535
5267011,64763,-16.699535
5272011,64746,-17.743256
5277011,64730,-16.699535
5282011,64714,-16.699535
5287011,64697,-17.743256
5292011,64681,-16.699535
5297011,64665,-16.699535
5302011,64648,-17.743256
5307011,64632,-16.699535
5312011,64615,-17.743256
5317011,64599,-16.699535
5322011,64583,-16.699535
5327011,64566,-17.743256
5332011,64550,-16.699535
5337011,64534,-16.699535
5342011,64517,-17.743256
5347011,64501,-16.699535
5352011,64484,-17.743256
5357011,64468,-16.699535
5362011,64452,-16.699535
5367011,64435,-17.743256
5372011,64419,-16.699535
5377011,64403,-16.699535
5382011,64386,-17.743256
5387011,64370,-16.699535
5392011,64353,-17.743256
5397011,64337,-16.699535
5402011,64321,-16.699535
5407011,64304,-17.743256
5412011,64288,-16.699535
5417011,64271,-17.743256
5422011,64255,-16.699535
5427011,64239,-16.699535
5432011,64222,-17.743256
5437011,64206,-16.699535
5442011,64190,-16.699535
5447011,64173,-17.743256
5452011,64157,-16.699535
5457011,64140,-17.743256
5462011,64124,-16.699535
5467011,64108,-16.699535
5472011,64091,-17.743256
5477011,64075,-16.699535
5482011,64058,-17.743256
5487011,64042,-16.699535
5492011,64026,-16.699535
5497011,64009,-17.743256
5502011,63993,-16.699535
5507011,63976,-17.743256
5512011,63960,-16.699535
5517011,63944,-16.699535
5522011,63927,-17.743256
5527011,63911,-16.699535
5532011,63895,-16.699535
5537011,63878,-17.743256
5542011,63862,-16.699535
5547011,63845,-17.743256
5552011,63829,-16.699535
5557011,63813,-16.699535
5562011,63796,-17.743256
5567011,63780,-16.699535
5572011,63763,-17.743256
5577011,63747,-16.699535
5582011,63731,-16.699535
5587011,63714,-17.743256
5592011,63698,-16.699535
5597011,63681,-17.743256
5602011,63665,-16.699535
5607011,63649,-16.699535
5612011,63632,-17.743256
5617011,63616,-16.699535
5622011,63599,-17.743256
5627011,63583,-16.699535
5632011,63567,-16.699535
5637011,63550,-17.743256
5642011,63534,-16.699535
5647011,63517,-17.743256
5652011,63501,-16.699535
5657011,63485,-16.699535
5662011,63468,-17.743256
5667011,63452,-16.699535
5672011,63435,-17.743256
5677011,63419,-16.699535
5682011,63402,-17.743256
5687011,63386,-16.699535
5692011,63370,-16.699535
5697011,63353,-17.743256
5702011,63337,-16.699535
5707011,63320,-17.743256
5712011,63304,-16.699535
5717011,63288,-16.699535
5722011,63271,-17.743256
5727011,63255,-16.699535
5732011,63238,-17.743256
5737011,63222,-16.699535
5742011,63205,-17.743256
5747011,63189,-16.699535
5752011,63173,-16.699535
5757011,63156,-17.743256
5762011,63140,-16.699535
5767011,63123,-17.743256
5772011,63107,-16.699535
5777011,63091,-16.699535
5782011,63074,-17.743256
5787011,63058,-16.699535
5792011,63041,-17.743256
5797011,63025,-16.699535
5802011,63008,-17.743256
5807011,62992,-16.699535
5812011,62975,-17.743256
5817011,62959,-16.699535
5822011,62943,-16.699535
5827011,62926,-17.743256
5832011,62910,-16.699535
5837011,62893,-17.743256
5842011,62877,-16.699535
5847011,62861,-16.699535
5852011,62844,-17.743256
5857011,62828,-16.699535
5862011,62811,-17.743256
5867011,62795,-16.699535
5872011,62778,-17.743256
5877011,62762,-16.699535
5882011,62745,-17.743256
5887011,62729,-16.699535
5892011,62713,-16.699535
5897011,62696,-17.743256
5902011,62680,-16.699535
5907011,62663,-17.743256
5912011,62647,-16.699535
5917011,62630,-17.743256
5922011,62614,-16.699535
5927011,62597,-17.743256
5932011,62581,-16.699535
5937011,62565,-16.699535
5942011,62548,-17.743256
5947011,62532,-16.699535
5952011,62515,-17.743256
5957011,62499,-16.699535
5962011,62482,-17.743256
5967011,62466,-16.699535
5972011,62449,-17.743256
5977011,62433,-16.699535
5982011,62417,-16.699535
5987011,62400,-17.743256
5992011,62384,-16.699535
5997011,62367,-17.743256
6002011,62351,-16.699535
6007011,62334,-17.743256
6012011,62318,-16.699535
6017011,62301,-17.743256
6022011,62285,-16.699535
6027011,62268,-17.743256
6032011,62252,-16.699535
6037011,62235,-17.743256
6042011,62219,-16.699535
6047011,62203,-16.699535
6052011,62186,-17.743256
6057011,62170,-16.699535
6062011,62153,-17.743256
6067011,62137,-16.699535
6072011,62120,-17.743256
6077011,62104,-16.699535
6082011,62087,-17.743256
6087011,62071,-16.699535
6092011,62054,-17.743256
6097011,62038,-16.699535
6102011,62021,-17.743256
6107011,62005,-16.699535
6112011,61988,-17.743256
6117011,61972,-16.699535
6122011,61955,-17.743256
6127011,61939,-16.699535
6132011,61923,-16.699535
6137011,61906,-17.743256
6142011,61889,-17.743256
6147011,61873,-16.699535
6152011,61857,-16.699535
6157011,61840,-17.743256
6162011,61824,-16.699535
6167011,61807,-17.743256
6172011,61791,-16.699535
6177011,61774,-17.743256
6182011,61758,-16.699535
6187011,61741,-17.743256
6192011,61725,-16.699535
6197011,61708,-17.743256
6202011,61692,-16.699535
6207011,61675,-17.743256
6212011,61659,-16.699535
6217011,61642,-17.743256
6222011,61626,-16.699535
6227011,61609,-17.743256
6232011,61593,-16.699535
6237011,61576,-17.743256
6242011,61560,-16.699535
6247011,61543,-17.743256
6252011,61527,-16.699535
6257011,61510,-17.743256
6262011,61494,-16.699535
6267011,61477,-17.743256
6272011,61461,-16.699535
6277011,61445,-16.699535
6282011,61428,-17.743256
6287011,61412,-16.699535
6292011,61395,-17.743256
6297011,61379,-16.699535
6302011,61362,-17.743256
6307011,61346,-16.699535
6312011,61329,-17.743256
6317011,61313,-16.699535
6322011,61296,-17.743256
6327011,61280,-16.699535
6332011,61263,-17.743256
6337011,61247,-16.699535
6342011,61231,-16.699535
6347011,61214,-17.743256
6352011,61198,-16.699535
6357011,61181,-17.743256
6362011,61165,-16.699535
6367011,61148,-17.743256
6372011,61132,-16.699535
6377011,61115,-17.743256
6382011,61099,-16.699535
6387011,61082,-17.743256
6392011,61066,-16.699535
6397011,61050,-16.699535
6402011,61033,-17.743256
6407011,61017,-16.699535
6412011,61000,-17.743256
6417011,60984,-16.699535
6422011,60967,-17.743256
6427011,60951,-16.699535
6432011,60934,-17.743256
6437011,60918,-16.699535
6442011,60902,-16.699535
6447011,60885,-17.743256
6452011,60869,-16.699535
6457011,60852,-17.743256
6462011,60836,-16.699535
6467011,60819,-17.743256
6472011,60803,-16.699535
6477011,60787,-16.699535
6482011,60770,-17.743256
6487011,60754,-16.699535
6492011,60737,-17.743256
6497011,60721,-16.699535
6502011,60704,-17.743256
6507011,60688,-16.699535
6512011,60671,-17.743256
6517011,60655,-16.699535
6522011,60639,-16.699535
6527011,60622,-17.743256
6532011,60606,-16.699535
6537011,60589,-17.743256
6542011,60573,-16.699535
6547011,60557,-16.699535
6552011,60540,-17.743256
6557011,60524,-16.699535
6562011,60507,-17.743256
6567011,60491,-16.699535
6572011,60474,-17.743256
6577011,60458,-16.699535
6582011,60442,-16.699535
6587011,60425,-17.743256
6592011,60409,-16.699535
6597011,60392,-17.743256
6602011,60376,-16.699535
6607011,60359,-17.743256
6612011,60343,-16.699535
6617011,60327,-16.699535
6622011,60310,-17.743256
6627011,60294,-16.699535
6632011,60277,-17.743256
6637011,60261,-16.699535
6642011,60244,-17.743256
6647011,60228,-16.699535
6652011,60212,-16.699535
6657011,60195,-17.743256
6662011,60179,-16.699535
6667011,60162,-17.743256
6672011,60146,-16.699535
6677011,60129,-17.743256
6682011,60113,-16.699535
6687011,60097,-16.699535
6692011,60080,-17.743256
6697011,60064,-16.699535
6702011,60047,-17.743256
6707011,60031,-16.699535
6712011,60014,-17.743256
6717011,59998,-16.699535
6722011,59981,-17.743256
6727011,59965,-16.699535
6732011,59949,-16.699535
6737011,59932,-17.743256
6742011,59916,-16.699535
6747011,59899,-17.743256
6752011,59883,-16.699535
6757011,59866,-17.743256
6762011,59850,-16.699535
6767011,59833,-17.743256
6772011,59817,-16.699535
6777011,59800,-17.743256
6782011,59784,-16.699535
6787011,59767,-17.743256
6792011,59751,-16.699535
6797011,59735,-16.699535
6802011,59718,-17.743256
6807011,59702,-16.699535
6812011,59685,-17.743256
6817011,59669,-16.699535
6822011,59652,-17.743256
6827011,59636,-16.699535
6832011,59619,-17.743256
6837011,59603,-16.699535
6842011,59586,-17.743256
6847011,59570,-16.699535
6852011,59553,-17.743256
6857011,59537,-16.699535
6862011,59521,-16.699535
6867011,59504,-17.743256
6872011,59487,-17.743256
6877011,59471,-16.699535
6882011,59455,-16.699535
6887011,59438,-17.743256
6892011,59422,-16.699535
6897011,59405,-17.743256
6902011,59389,-16.699535
6907011,59372,-17.743256
6912011,59356,-16.699535
6917011,59339,-17.743256
6922011,59323,-16.699535
6927011,59306,-17.743256
6932011,59290,-16.699535
6937011,59273,-17.743256
6942011,59257,-16.699535
6947011,59240,-17.743256
6952011,59224,-16.699535
6957011,59207,-17.743256
6962011,59191,-16.699535
6967011,59174,-17.743256
6972011,59158,-16.699535
6977011,59141,-17.743256
6982011,59125,-16.699535
6987011,59108,-17.743256
6992011,59092,-16.699535
6997011,59075,-17.743256
7002011,59059,-16.699535
7007011,59042,-17.743256
7012011,59026,-16.699535
7017011,59009,-17.743256
7022011,58993,-16.699535
7027011,58976,-17.743256
7032011,58959,-17.743256
7037011,58943,-16.699535
7042011,58927,-16.699535
7047011,58910,-17.743256
7052011,58893,-17.743256
7057011,58877,-16.699535
7062011,58860,-17.743256
7067011,58844,-16.699535
7072011,58827,-17.743256
7077011,58811,-16.699535
7082011,58794,-17.743256
7087011,58778,-16.699535
7092011,58761,-17.743256
7097011,58745,-16.699535
7102011,58728,-17.743256
7107011,58712,-16.699535
7112011,58695,-17.743256
7117011,58679,-16.699535
7122011,58662,-17.743256
7127011,58646,-16.699535
7132011,58629,-17.743256
7137011,58613,-16.699535
7142011,58596,-17.743256
7147011,58579,-17.743256
7152011,58563,-16.699535
7157011,58546,-17.743256
7162011,58530,-16.699535
7167011,58513,-17.743256
7172011,58497,-16.699535
7177011,58480,-17.743256
7182011,58464,-16.699535
7187011,58447,-17.743256
7192011,58431,-16.699535
7197011,58414,-17.743256
7202011,58398,-16.699535
7207011,58381,-17.743256
7212011,58365,-16.699535
7217011,58348,-17.743256
7222011,58332,-16.699535
7227011,58315,-17.743256
7232011,58299,-16.699535
7237011,58282,-17.743256
7242011,58265,-17.743256
7247011,58249,-16.699535
7252011,58232,-17.743256
7257011,58216,-16.699535
7262011,58199,-17.743256
7267011,58183,-16.699535
7272011,58166,-17.743256
7277011,58150,-16.699535
7282011,58133,-17.743256
7287011,58117,-16.699535
7292011,58100,-17.743256
7297011,58084,-16.699535
7302011,58067,-17.743256
7307011,58051,-16.699535
7312011,58034,-17.743256
7317011,58018,-16.699535
7322011,58001,-17.743256
7327011,57985,-16.699535
7332011,57968,-17.743256
7337011,57952,-16.699535
7342011,57935,-17.743256
7347011,57919,-16.699535
7352011,57902,-17.743256
7357011,57886,-16.699535
7362011,57869,-17.743256
7367011,57853,-16.699535
7372011,57836,-17.743256
7377011,57820,-16.699535
7382011,57803,-17.743256
7387011,57787,-16.699535
7392011,57771,-16.699535
7397011,57754,-17.743256
7402011,57737,-17.743256
7407011,57721,-16.699535
7412011,57705,-16.699535
7417011,57688,-17.743256
7422011,57672,-16.699535
7427011,57655,-17.743256
7432011,57639,-16.699535
7437011,57622,-17.743256
7442011,57606,-16.699535
7447011,57589,-17.743256
7452011,57573,-16.699535
7457011,57556,-17.743256
7462011,57540,-16.699535
7467011,57523,-17.743256
7472011,57507,-16.699535
7477011,57490,-17.743256
7482011,57474,-16.699535
7487011,57457,-17.743256
7492011,57441,-16.699535
7497011,57424,-17.743256
7502011,57408,-16.699535
7507011,57391,-17.743256
7512011,57375,-16.699535
7517011,57358,-17.743256
7522011,57342,-16.699535
7527011,57325,-17.743256
7532011,57309,-16.699535
7537011,57292,-17.743256
7542011,57276,-16.699535
7547011,57259,-17.743256
7552011,57243,-16.699535
7557011,57227,-16.699535
7562011,57210,-17.743256
7567011,57193,-17.743256
7572011,57177,-16.699535
7577011,57161,-16.699535
7582011,57144,-17.743256
7587011,57128,-16.699535
7592011,57111,-17.743256
7597011,57095,-16.699535
7602011,57078,-17.743256
7607011,57062,-16.699535
7612011,57045,-17.743256
7617011,57029,-16.699535
7622011,57012,-17.743256
7627011,56996,-16.699535
7632011,56979,-17.743256
7637011,56963,-16.699535
7642011,56946,-17.743256
7647011,56930,-16.699535
7652011,56913,-17.743256
7657011,56897,-16.699535
7662011,56880,-17.743256
7667011,56864,-16.699535
7672011,56847,-17.743256
7677011,56831,-16.699535
7682011,56814,-17.743256
7687011,56798,-16.699535
7692011,56781,-17.743256
7697011,56765,-16.699535
7702011,56748,-17.743256
7707011,56732,-16.699535
7712011,56715,-17.743256
7717011,56699,-16.699535
7722011,56682,-17.743256
7727011,56666,-16.699535
7732011,56649,-17.743256
7737011,56633,-16.699535
7742011,56616,-17.743256
7747011,56600,-16.699535
7752011,56583,-17.743256
7757011,56567,-16.699535
7762011,56550,-17.743256
7767011,56534,-16.699535
7772011,56517,-17.743256
7777011,56501,-16.699535
7782011,56484,-17.743256
7787011,56468,-16.699535
7792011,56451,-17.743256
7797011,56435,-16.699535
7802011,56418,-17.743256
7807011,56402,-16.699535
7812011,56385,-17.743256
7817011,56369,-16.699535
7822011,56352,-17.743256
7827011,56336,-16.699535
7832011,56319,-17.743256
7837011,56303,-16.699535
7842011,56286,-17.743256
7847011,56270,-16.699535
7852011,56253,-17.743256
7857011,56237,-16.699535
7862011,56220,-17.743256
7867011,56203,-17.743256
7872011,56187,-16.699535
7877011,56170,-17.743256
7882011,56154,-16.699535
7887011,56137,-17.743256
7892011,56121,-16.699535
7897011,56104,-17.743256
7902011,56088,-16.699535
7907011,56071,-17.743256
7912011,56055,-16.699535
7917011,56038,-17.743256
7922011,56022,-16.699535
7927011,56005,-17.743256
7932011,55989,-16.699535
7937011,55972,-17.743256
7942011,55956,-16.699535
7947011,55939,-17.743256
7952011,55923,-16.699535
7957011,55906,-17.743256
7962011,55890,-16.699535
7967011,55873,-17.743256
7972011,55857,-16.699535
7977011,55840,-17.743256
7982011,55824,-16.699535
7987011,55807,-17.743256
7992011,55791,-16.699535
7997011,55775,-16.699535
8002011,55758,-17.743256
8007011,55741,-17.743256
8012011,55725,-16.699535
8017011,55709,-16.699535
8022011,55692,-17.743256
8027011,55676,-16.699535
8032011,55659,-17.743256
8037011,55643,-16.699535
8042011,55626,-17.743256
8047011,55610,-16.699535
8052011,55593,-17.743256
8057011,55577,-16.699535
8062011,55560,-17.743256
8067011,55544,-16.699535
8072011,55527,-17.743256
8077011,55511,-16.699535
8082011,55494,-17.743256
8087011,55478,-16.699535
8092011,55461,-17.743256
8097011,55445,-16.699535
8102011,55428,-17.743256
8107011,55412,-16.699535
8112011,55395,-17.743256
8117011,55379,-16.699535
8122011,55362,-17.743256
8127011,55346,-16.699535
8132011,55329,-17.743256
8137011,55313,-16.699535
8142011,55296,-17.743256
8147011,55280,-16.699535
8152011,55263,-17.743256
8157011,55247,-16.699535
8162011,55230,-17.743256
8167011,55214,-16.699535
8172011,55197,-17.743256
8177011,55181,-16.699535
8182011,55164,-17.743256
8187011,55148,-16.699535
8192011,55131,-17.743256
8197011,55115,-16.699535
8202011,55098,-17.743256
8207011,55082,-16.699535
8212011,55065,-17.743256
8217011,55049,-16.699535
8222011,55033,-16.699535
8227011,55016,-17.743256
8232011,55000,-16.699535
8237011,54983,-17.743256
8242011,54967,-16.699535
8247011,54950,-17.743256
8252011,54934,-16.699535
8257011,54917,-17.743256
8262011,54901,-16.699535
8267011,54884,-17.743256
8272011,54868,-16.699535
8277011,54851,-17.743256
8282011,54835,-16.699535
8287011,54818,-17.743256
8292011,54802,-16.699535
8297011,54785,-17.743256
8302011,54769,-16.699535
8307011,54752,-17.743256
8312011,54736,-16.699535
8317011,54719,-17.743256
8322011,54703,-16.699535
8327011,54686,-17.743256
8332011,54670,-16.699535
8337011,54653,-17.743256
8342011,54637,-16.699535
8347011,54620,-17.743256
8352011,54604,-16.699535
8357011,54587,-17.743256
8362011,54571,-16.699535
8367011,54554,-17.743256
8372011,54538,-16.699535
8377011,54521,-17.743256
8382011,54505,-16.699535
8387011,54488,-17.743256
8392011,54472,-16.699535
8397011,54455,-17.743256
8402011,54439,-16.699535
8407011,54422,-17.743256
8412011,54406,-16.699535
8417011,54389,-17.743256
8422011,54373,-16.699535
8427011,54356,-17.743256
8432011,54340,-16.699535
8437011,54323,-17.743256
8442011,54307,-16.699535
8447011,54290,-17.743256
8452011,54274,-16.699535
8457011,54257,-17.743256
8462011,54241,-16.699535
8467011,54224,-17.743256
8472011,54208,-16.699535
8477011,54191,-17.743256
8482011,54175,-16.699535
8487011,54158,-17.743256
8492011,54142,-16.699535
8497011,54125,-17.743256
8502011,54109,-16.699535
8507011,54092,-17.743256
8512011,54076,-16.699535
8517011,54059,-17.743256
8522011,54043,-16.699535
8527011,54026,-17.743256
8532011,54010,-16.699535
8537011,53993,-17.743256
8542011,53977,-16.699535
8547011,53960,-17.743256
8552011,53944,-16.699535
8557011,53927,-17.743256
8562011,53911,-16.699535
8567011,53894,-17.743256
8572011,53878,-16.699535
8577011,53861,-17.743256
8582011,53845,-16.699535
8587011,53828,-17.743256
8592011,53811,-17.743256
8597011,53795,-16.699535
8602011,53778,-17.743256
8607011,53762,-16.699535
8612011,53745,-17.743256
8617011,53729,-16.699535
8622011,53712,-17.743256
8627011,53696,-16.699535
8632011,53679,-17.743256
8637011,53663,-16.699535
8642011,53646,-17.743256
8647011,53630,-16.699535
8652011,53613,-17.743256
8657011,53597,-16.699535
8662011,53580,-17.743256
8667011,53564,-16.699535
8672011,53547,-17.743256
8677011,53531,-16.699535
8682011,53514,-17.743256
8687011,53498,-16.699535
8692011,53481,-17.743256
8697011,53465,-16.699535
8702011,53448,-17.743256
8707011,53432,-16.699535
8712011,53415,-17.743256
8717011,53399,-16.699535
8722011,53382,-17.743256
8727011,53366,-16.699535
8732011,53349,-17.743256
8737011,53333,-16.699535
8742011,53316,-17.743256
8747011,53300,-16.699535
8752011,53283,-17.743256
8757011,53267,-16.699535
8762011,53250,-17.743256
8767011,53234,-16.699535
8772011,53217,-17.743256
8777011,53201,-16.699535
8782011,53184,-17.743256
8787011,53168,-16.699535
8792011,53151,-17.743256
8797011,53135,-16.699535
8802011,53118,-17.743256
8807011,53102,-16.699535
8812011,53085,-17.743256
8817011,53069,-16.699535
8822011,53052,-17.743256
8827011,53036,-16.699535
8832011,53019,-17.743256
8837011,53003,-16.699535
8842011,52986,-17.743256
8847011,52970,-16.699535
8852011,52953,-17.743256
8857011,52937,-16.699535
8862011,52920,-17.743256
8867011,52904,-16.699535
8872011,52887,-17.743256
8877011,52871,-16.699535
8882011,52854,-17.743256
8887011,52837,-17.743256
8892011,52821,-16.699535
8897011,52805,-16.699535
8902011,52788,-17.743256
8907011,52771,-17.743256
8912011,52755,-16.699535
8917011,52739,-16.699535
8922011,52722,-17.743256
8927011,52705,-17.743256
8932011,52689,-16.699535
8937011,52672,-17.743256
8942011,52656,-16.699535
8947011,52639,-17.743256
8952011,52623,-16.699535
8957011,52606,-17.743256
8962011,52590,-16.699535
8967011,52573,-17.743256
8972011,52557,-16.699535
8977011,52540,-17.743256
8982011,52524,-16.699535
8987011,52507,-17.743256
8992011,52491,-16.699535
8997011,52474,-17.743256
9002011,52458,-16.699535
9007011,52441,-17.743256
9012011,52425,-16.699535
9017011,52408,-17.743256
9022011,52392,-16.699535
9027011,52375,-17.743256
9032011,52359,-16.699535
9037011,52342,-17.743256
9042011,52326,-16.699535
9047011,52309,-17.743256
9052011,52293,-16.699535
9057011,52276,-17.743256
9062011,52260,-16.699535
9067011,52243,-17.743256
9072011,52227,-16.699535
9077011,52210,-17.743256
9082011,52194,-16.699535
9087011,52177,-17.743256
9092011,52161,-16.699535
9097011,52144,-17.743256
9102011,52128,-16.699535
9107011,52111,-17.743256
9112011,52095,-16.699535
9117011,52079,-16.699535
9122011,52062,-17.743256
9127011,52046,-16.699535
9132011,52029,-17.743256
9137011,52013,-16.699535
9142011,51996,-17.743256
9147011,51980,-16.699535
9152011,51963,-17.743256
9157011,51947,-16.699535
9162011,51930,-17.743256
9167011,51914,-16.699535
9172011,51897,-17.743256
9177011,51881,-16.699535
9182011,51864,-17.743256
9187011,51848,-16.699535
9192011,51831,-17.743256
9197011,51815,-16.699535
9202011,51799,-16.699535
9207011,51782,-17.743256
9212011,51766,-16.699535
9217011,51749,-17.743256
9222011,51733,-16.699535
9227011,51716,-17.743256
9232011,51700,-16.699535
9237011,51683,-17.743256
9242011,51667,-16.699535
9247011,51651,-16.699535
9252011,51634,-17.743256
9257011,51618,-16.699535
9262011,51601,-17.743256
9267011,51585,-16.699535
9272011,51568,-17.743256
9277011,51552,-16.699535
9282011,51535,-17.743256
9287011,51519,-16.699535
9292011,51503,-16.699535
9297011,51486,-17.743256
9302011,51470,-16.699535
9307011,51453,-17.743256
9312011,51437,-16.699535
9317011,51420,-17.743256
9322011,51404,-16.699535
9327011,51387,-17.743256
9332011,51371,-16.699535
9337011,51355,-16.699535
9342011,51338,-17.743256
9347011,51322,-16.699535
9352011,51305,-17.743256
9357011,51289,-16.699535
9362011,51272,-17.743256
9367011,51256,-16.699535
9372011,51240,-16.699535
9377011,51223,-17.743256
9382011,51207,-16.699535
9387011,51190,-17.743256
9392011,51174,-16.699535
9397011,51157,-17.743256
9402011,51141,-16.699535
9407011,51125,-16.699535
9412011,51108,-17.743256
9417011,51092,-16.699535
9422011,51075,-17.743256
9427011,51059,-16.699535
9432011,51043,-16.699535
9437011,51026,-17.743256
9442011,51010,-16.699535
9447011,50994,-16.699535
9452011,50977,-17.743256
9457011,50961,-16.699535
9462011,50944,-17.743256
9467011,50928,-16.699535
9472011,50912,-16.699535
9477011,50895,-17.743256
9482011,50879,-16.699535
9487011,50863,-16.699535
9492011,50846,-17.743256
9497011,50830,-16.699535
9502011,50813,-17.743256
9507011,50797,-16.699535
9512011,50781,-16.699535
9517011,50765,-16.699535
9522011,50748,-17.743256
9527011,50732,-16.699535
9532011,50715,-17.743256
9537011,50699,-16.699535
9542011,50683,-16.699535
9547011,50667,-16.699535
9552011,50650,-17.743256
9557011,50634,-16.699535
9562011,50618,-16.699535
9567011,50601,-17.743256
9572011,50585,-16.699535
9577011,50569,-16.699535
9582011,50553,-16.699535
9587011,50536,-17.743256
9592011,50520,-16.699535
9597011,50504,-16.699535
9602011,50487,-17.743256
9607011,50471,-16.699535
9612011,50455,-16.699535
9617011,50439,-16.699535
9622011,50422,-17.743256
9627011,50406,-16.699535
9632011,50390,-16.699535
9637011,50374,-16.699535
9642011,50358,-16.699535
9647011,50341,-17.743256
9652011,50325,-16.699535
9657011,50309,-16.699535
9662011,50293,-16.699535
9667011,50276,-17.743256
9672011,50260,-16.699535
9677011,50244,-16.699535
9682011,50228,-16.699535
9687011,50212,-16.699535
9692011,50195,-17.743256
9697011,50179,-16.699535
9702011,50163,-16.699535
9707011,50147,-16.699535
9712011,50131,-16.699535
9717011,50115,-16.699535
9722011,50098,-17.743256
9727011,50082,-16.699535
9732011,50066,-16.699535
9737011,50050,-16.699535
9742011,50034,-16.699535
9747011,50017,-17.743256
9752011,50001,-16.699535
9757011,49985,-16.699535
9762011,49969,-16.699535
9767011,49953,-16.699535
9772011,49937,-16.699535
9777011,49920,-17.743256
9782011,49904,-16.699535
9787011,49888,-16.699535
9792011,49872,-16.699535
9797011,49856,-16.699535
9802011,49839,-17.743256
9807011,49823,-16.699535
9812011,49807,-16.699535
9817011,49791,-16.699535
9822011,49775,-16.699535
9827011,49759,-16.699535
9832011,49742,-17.743256
9837011,49726,-16.699535
9842011,49710,-16.699535
9847011,49694,-16.699535
9852011,49678,-16.699535
9857011,49661,-17.743256
9862011,49645,-16.699535
9867011,49629,-16.699535
9872011,49613,-16.699535
9877011,49597,-16.699535
9882011,49581,-16.699535
9887011,49564,-17.743256
9892011,49548,-16.699535
9897011,49532,-16.699535
9902011,49516,-16.699535
9907011,49499,-17.743256
9912011,49483,-16.699535
9917011,49467,-16.699535
9922011,49451,-16.699535
9927011,49435,-16.699535
9932011,49419,-16.699535
9937011,49402,-17.743256
9942011,49386,-16.699535
9947011,49370,-16.699535
9952011,49354,-16.699535
9957011,49337,-17.743256
9962011,49321,-16.699535
9967011,49305,-16.699535
9972011,49289,-16.699535
9977011,49273,-16.699535
9982011,49256,-17.743256
9987011,49240,-16.699535
9992011,49224,-16.699535
9997011,49208,-16.699535
10002011,49191,-17.743256
10007011,49175,-16.699535
10012011,49159,-16.699535
10017011,49143,-16.699535
10022011,49127,-16.699535
10027011,49110,-17.743256
10032011,49094,-16.699535
10037011,49078,-16.699535
10042011,49062,-16.699535
10047011,49045,-17.743256
10052011,49029,-16.699535
10057011,49013,-16.699535
10062011,48997,-16.699535
10067011,48980,-17.743256
10072011,48964,-16.699535
10077011,48948,-16.699535
10082011,48931,-17.743256
10087011,48915,-16.699535
10092011,48899,-16.699535
10097011,48883,-16.699535
10102011,48866,-17.743256
10107011,48850,-16.699535
10112011,48834,-16.699535
10117011,48818,-16.699535
10122011,48801,-17.743256
10127011,48785,-16.699535
10132011,48769,-16.699535
10137011,48753,-16.699535
10142011,48736,-17.743256
10147011,48720,-16.699535
10152011,48704,-16.699535
10157011,48687,-17.743256
10162011,48671,-16.699535
10167011,48655,-16.699535
10172011,48638,-17.743256
10177011,48622,-16.699535
10182011,48606,-16.699535
10187011,48589,-17.743256
10192011,48573,-16.699535
10197011,48557,-16.699535
10202011,48540,-17.743256
10207011,48524,-16.699535
10212011,48508,-16.699535
10217011,48491,-17.743256
10222011,48475,-16.699535
10227011,48459,-16.699535
10232011,48442,-17.743256
10237011,48426,-16.699535
10242011,48410,-16.699535
10247011,48393,-17.743256
10252011,48377,-16.699535
10257011,48361,-16.699535
10262011,48344,-17.743256
10267011,48328,-16.699535
10272011,48311,-17.743256
10277011,48295,-16.699535
10282011,48279,-16.699535
10287011,48262,-17.743256
10292011,48246,-16.699535
10297011,48229,-17.743256
10302011,48213,-16.699535
10307011,48197,-16.699535
10312011,48180,-17.743256
