
Time_us,Position,Speed_rad_per_s
1312008,118080,0.000000
1317008,118079,-1.043721
1322008,118077,-2.087442
1327009,118074,-3.130537
1332009,118070,-4.174884
1337009,118064,-6.262325
1342010,118058,-6.261073
1347011,118051,-7.304585
1352011,118043,-8.349768
1357011,118034,-9.393488
1362011,118024,-10.437209
1367011,118014,-10.437209
1372011,118003,-11.480930
1377011,117991,-12.524651
1382011,117979,-12.524651
1387011,117967,-12.524651
1392011,117953,-14.612093
1397011,117940,-13.568372
1402011,117926,-14.612093
1407011,117911,-15.655814
1412011,117896,-15.655814
1417011,117881,-15.655814
1422011,117865,-16.699535
1427011,117849,-16.699535
1432011,117832,-17.743256
1437011,117816,-16.699535
1442011,117799,-17.743256
1447011,117781,-18.786976
1452011,117764,-17.743256
1457011,117746,-18.786976
1462011,117728,-18.786976
1467011,117710,-18.786976
1472011,117691,-19.830698
1477011,117672,-19.830698
1482011,117653,-19.830698
1487011,117634,-19.830698
1492011,117615,-19.830698
1497011,117596,-19.830698
1502011,117576,-20.874418
1507011,117556,-20.874418
1512011,117537,-19.830698
1517011,117517,-20.874418
1522011,117497,-20.874418
1527011,117477,-20.874418
1532011,117457,-20.874418
1537011,117436,-21.918139
1542011,117416,-20.874418
1547011,117396,-20.874418
1552011,117375,-21.918139
1557011,117355,-20.874418
1562011,117334,-21.918139
1567011,117313,-21.918139
1572011,117292,-21.918139
1577011,117271,-21.918139
1582011,117250,-21.918139
1587011,117229,-21.918139
1592011,117208,-21.918139
1597011,117187,-21.918139
1602011,117165,-22.961861
1607011,117144,-21.918139
1612011,117123,-21.918139
1617011,117101,-22.961861
1622011,117079,-22.961861
1627011,117058,-21.918139
1632011,117036,-22.961861
1637011,117014,-22.961861
1642011,116993,-21.918139
1647011,116971,-22.961861
1652011,116949,-22.961861
1657011,116927,-22.961861
1662011,116905,-22.961861
1667011,116883,-22.961861
1672011,116862,-21.918139
1677011,116840,-22.961861
1682011,116818,-22.961861
1687011,116796,-22.961861
1692011,116774,-22.961861
1697011,116752,-22.961861
1702011,116729,-24.005581
1707011,116707,-22.961861
1712011,116685,-22.961861
1717011,116663,-22.961861
1722011,116641,-22.961861
1727011,116619,-22.961861
1732011,116597,-22.961861
1737011,116574,-24.005581
1742011,116552,-22.961861
1747011,116530,-22.961861
1752011,116508,-22.961861
1757011,116485,-24.005581
1762011,116463,-22.961861
1767011,116441,-22.961861
1772011,116419,-22.961861
1777011,116396,-24.005581
1782011,116374,-22.961861
1787011,116352,-22.961861
1792011,116329,-24.005581
1797011,116307,-22.961861
1802011,116285,-22.961861
1807011,116262,-24.005581
1812011,116240,-22.961861
1817011,116218,-22.961861
1822011,116195,-24.005581
1827011,116173,-22.961861
1832011,116150,-24.005581
1837011,116128,-22.961861
1842011,116106,-22.961861
1847011,116083,-24.005581
1852011,116061,-22.961861
1857011,116038,-24.005581
1862011,116016,-22.961861
1867011,115993,-24.005581
1872011,115971,-22.961861
1877011,115949,-22.961861
1882011,115926,-24.005581
1887011,115904,-22.961861
1892011,115881,-24.005581
1897011,115859,-22.961861
1902011,115836,-24.005581
1907011,115814,-22.961861
1912011,115791,-24.005581
1917011,115769,-22.961861
1922011,115746,-24.005581
1927011,115724,-22.961861
1932011,115702,-22.961861
1937011,115679,-24.005581
1942011,115657,-22.961861
1947011,115634,-24.005581
1952011,115612,-22.961861
1957011,115589,-24.005581
1962011,115567,-22.961861
1967011,115544,-24.005581
1972011,115522,-22.961861
1977011,115499,-24.005581
1982011,115477,-22.961861
1987011,115454,-24.005581
1992011,115431,-24.005581
1997011,115409,-22.961861
2002011,115386,-24.005581
2007011,115364,-22.961861
2012011,115341,-24.005581
2017011,115319,-22.961861
2022011,115296,-24.005581
2027011,115274,-22.961861
2032011,115251,-24.005581
2037011,115229,-22.961861
2042011,115206,-24.005581
2047011,115183,-24.005581
2052011,115161,-22.961861
2057011,115138,-24.005581
2062011,115116,-22.961861
2067011,115093,-24.005581
2072011,115071,-22.961861
2077011,115048,-24.005581
2082011,115025,-24.005581
2087011,115003,-22.961861
2092011,114980,-24.005581
2097011,114958,-22.961861
2102011,114935,-24.005581
2107011,114912,-24.005581
2112011,114890,-22.961861
2117011,114867,-24.005581
2122011,114845,-22.961861
2127011,114822,-24.005581
2132011,114799,-24.005581
2137011,114777,-22.961861
2142011,114754,-24.005581
2147011,114731,-24.005581
2152011,114709,-22.961861
2157011,114686,-24.005581
2162011,114663,-24.005581
2167011,114641,-22.961861
2172011,114618,-24.005581
2177011,114595,-24.005581
2182011,114573,-22.961861
2187011,114550,-24.005581
2192011,114527,-24.005581
2197011,114505,-22.961861
2202011,114482,-24.005581
2207011,114459,-24.005581
2212011,114437,-22.961861
2217011,114414,-24.005581
2222011,114391,-24.005581
2227011,114369,-22.961861
2232011,114346,-24.005581
2237011,114323,-24.005581
2242011,114301,-22.961861
2247011,114278,-24.005581
2252011,114255,-24.005581
2257011,114233,-22.961861
2262011,114210,-24.005581
2267011,114187,-24.005581
2272011,114165,-22.961861
2277011,114142,-24.005581
2282011,114119,-24.005581
2287011,114097,-22.961861
2292011,114074,-24.005581
2297011,114051,-24.005581
2302011,114029,-22.961861
2307011,114006,-24.005581
2312011,113983,-24.005581
2317011,113961,-22.961861
2322011,113938,-24.005581
2327011,113915,-24.005581
2332011,113893,-22.961861
2337011,113870,-24.005581
2342011,113847,-24.005581
2347011,113825,-22.961861
2352011,113802,-24.005581
2357011,113779,-24.005581
2362011,113757,-22.961861
2367011,113734,-24.005581
2372011,113711,-24.005581
2377011,113689,-22.961861
2382011,113666,-24.005581
2387011,113643,-24.005581
2392011,113621,-22.961861
2397011,113598,-24.005581
2402011,113575,-24.005581
2407011,113553,-22.961861
2412011,113530,-24.005581
2417011,113507,-24.005581
2422011,113485,-22.961861
2427011,113462,-24.005581
2432011,113439,-24.005581
2437011,113417,-22.961861
2442011,113394,-24.005581
2447011,113371,-24.005581
2452011,113349,-22.961861
2457011,113326,-24.005581
2462011,113303,-24.005581
2467011,113281,-22.961861
2472011,113258,-24.005581
2477011,113235,-24.005581
2482011,113213,-22.961861
2487011,113190,-24.005581
2492011,113167,-24.005581
2497011,113145,-22.961861
2502011,113122,-24.005581
2507011,113099,-24.005581
2512011,113077,-22.961861
2517011,113054,-24.005581
2522011,113031,-24.005581
2527011,113009,-22.961861
2532011,112986,-24.005581
2537011,112963,-24.005581
2542011,112940,-24.005581
2547011,112918,-22.961861
2552011,112895,-24.005581
2557011,112872,-24.005581
2562011,112850,-22.961861
2567011,112827,-24.005581
2572011,112804,-24.005581
2577011,112782,-22.961861
2582011,112759,-24.005581
2587011,112736,-24.005581
2592011,112714,-22.961861
2597011,112691,-24.005581
2602011,112668,-24.005581
2607011,112646,-22.961861
2612011,112623,-24.005581
2617011,112600,-24.005581
2622011,112577,-24.005581
2627011,112555,-22.961861
2632011,112532,-24.005581
2637011,112509,-24.005581
2642011,112487,-22.961861
2647011,112464,-24.005581
2652011,112441,-24.005581
2657011,112419,-22.961861
2662011,112396,-24.005581
2667011,112373,-24.005581
2672011,112351,-22.961861
2677011,112328,-24.005581
2682011,112305,-24.005581
2687011,112283,-22.961861
2692011,112260,-24.005581
2697011,112237,-24.005581
2702011,112215,-22.961861
2707011,112192,-24.005581
2712011,112169,-24.005581
2717011,112147,-22.961861
2722011,112124,-24.005581
2727011,112102,-22.961861
2732011,112079,-24.005581
2737011,112056,-24.005581
2742011,112034,-22.961861
2747011,112011,-24.005581
2752011,111988,-24.005581
2757011,111966,-22.961861
2762011,111943,-24.005581
2767011,111920,-24.005581
2772011,111898,-22.961861
2777011,111875,-24.005581
2782011,111852,-24.005581
2787011,111830,-22.961861
2792011,111807,-24.005581
2797011,111785,-22.961861
2802011,111762,-24.005581
2807011,111739,-24.005581
2812011,111717,-22.961861
2817011,111694,-24.005581
2822011,111671,-24.005581
2827011,111649,-22.961861
2832011,111626,-24.005581
2837011,111603,-24.005581
2842011,111581,-22.961861
2847011,111558,-24.005581
2852011,111536,-22.961861
2857011,111513,-24.005581
2862011,111490,-24.005581
2867011,111468,-22.961861
2872011,111445,-24.005581
2877011,111423,-22.961861
2882011,111400,-24.005581
2887011,111377,-24.005581
2892011,111355,-22.961861
2897011,111332,-24.005581
2902011,111309,-24.005581
2907011,111287,-22.961861
2912011,111264,-24.005581
2917011,111242,-22.961861
2922011,111219,-24.005581
2927011,111196,-24.005581
2932011,111174,-22.961861
2937011,111151,-24.005581
2942011,111129,-22.961861
2947011,111106,-24.005581
2952011,111083,-24.005581
2957011,111061,-22.961861
2962011,111038,-24.005581
2967011,111016,-22.961861
2972011,110993,-24.005581
2977011,110970,-24.005581
2982011,110948,-22.961861
2987011,110925,-24.005581
2992011,110903,-22.961861
2997011,110880,-24.005581
3002011,110857,-24.005581
3007011,110835,-22.961861
3012011,110812,-24.005581
3017011,110789,-24.005581
3022011,110767,-22.961861
3027011,110744,-24.005581
3032011,110722,-22.961861
3037011,110699,-24.005581
3042011,110677,-22.961861
3047011,110654,-24.005581
3052011,110631,-24.005581
3057011,110609,-22.961861
3062011,110586,-24.005581
3067011,110564,-22.961861
3072011,110541,-24.005581
3077011,110518,-24.005581
3082011,110496,-22.961861
3087011,110473,-24.005581
3092011,110451,-22.961861
3097011,110428,-24.005581
3102011,110405,-24.005581
3107011,110383,-22.961861
3112011,110360,-24.005581
3117011,110338,-22.961861
3122011,110315,-24.005581
3127011,110293,-22.961861
3132011,110270,-24.005581
3137011,110247,-24.005581
3142011,110225,-22.961861
3147011,110202,-24.005581
3152011,110180,-22.961861
3157011,110157,-24.005581
3162011,110135,-22.961861
3167011,110112,-24.005581
3172011,110089,-24.005581
3177011,110067,-22.961861
3182011,110044,-24.005581
3187011,110022,-22.961861
3192011,109999,-24.005581
3197011,109977,-22.961861
3202011,109954,-24.005581
3207011,109931,-24.005581
3212011,109909,-22.961861
3217011,109886,-24.005581
3222011,109864,-22.961861
3227011,109841,-24.005581
3232011,109819,-22.961861
3237011,109796,-24.005581
3242011,109773,-24.005581
3247011,109751,-22.961861
3252011,109728,-24.005581
3257011,109706,-22.961861
3262011,109683,-24.005581
3267011,109661,-22.961861
3272011,109638,-24.005581
3277011,109616,-22.961861
3282011,109593,-24.005581
3287011,109571,-22.961861
3292011,109548,-24.005581
3297011,109525,-24.005581
3302011,109503,-22.961861
3307011,109480,-24.005581
3312011,109458,-22.961861
3317011,109435,-24.005581
3322011,109413,-22.961861
3327011,109390,-24.005581
3332011,109368,-22.961861
3337011,109345,-24.005581
3342011,109323,-22.961861
3347011,109300,-24.005581
3352011,109278,-22.961861
3357011,109255,-24.005581
3362011,109233,-22.961861
3367011,109210,-24.005581
3372011,109188,-22.961861
3377011,109165,-24.005581
3382011,109143,-22.961861
3387011,109120,-24.005581
3392011,109098,-22.961861
3397011,109075,-24.005581
3402011,109053,-22.961861
3407011,109030,-24.005581
3412011,109008,-22.961861
3417011,108985,-24.005581
3422011,108963,-22.961861
3427011,108940,-24.005581
3432011,108918,-22.961861
3437011,108895,-24.005581
3442011,108873,-22.961861
3447011,108850,-24.005581
3452011,108828,-22.961861
3457011,108805,-24.005581
3462011,108783,-22.961861
3467011,108760,-24.005581
3472011,108738,-22.961861
3477011,108715,-24.005581
3482011,108693,-22.961861
3487011,108670,-24.005581
3492011,108648,-22.961861
3497011,108625,-24.005581
3502011,108603,-22.961861
3507011,108581,-22.961861
3512011,108558,-24.005581
3517011,108536,-22.961861
3522011,108513,-24.005581
3527011,108491,-22.961861
3532011,108468,-24.005581
3537011,108446,-22.961861
3542011,108423,-24.005581
3547011,108401,-22.961861
3552011,108378,-24.005581
3557011,108356,-22.961861
3562011,108334,-22.961861
3567011,108311,-24.005581
3572011,108289,-22.961861
3577011,108266,-24.005581
3582011,108244,-22.961861
3587011,108221,-24.005581
3592011,108199,-22.961861
3597011,108176,-24.005581
3602011,108154,-22.961861
3607011,108131,-24.005581
3612011,108109,-22.961861
3617011,108086,-24.005581
3622011,108064,-22.961861
3627011,108041,-24.005581
3632011,108019,-22.961861
3637011,107997,-22.961861
3642011,107974,-24.005581
3647011,107952,-22.961861
3652011,107929,-24.005581
3657011,107907,-22.961861
3662011,107884,-24.005581
3667011,107862,-22.961861
3672011,107839,-24.005581
3677011,107817,-22.961861
3682011,107795,-22.961861
3687011,107772,-24.005581
3692011,107750,-22.961861
3697011,107727,-24.005581
3702011,107705,-22.961861
3707011,107682,-24.005581
3712011,107660,-22.961861
3717011,107638,-22.961861
3722011,107615,-24.005581
3727011,107593,-22.961861
3732011,107570,-24.005581
3737011,107548,-22.961861
3742011,107525,-24.005581
3747011,107503,-22.961861
3752011,107480,-24.005581
3757011,107458,-22.961861
3762011,107435,-24.005581
3767011,107413,-22.961861
3772011,107391,-22.961861
3777011,107368,-24.005581
3782011,107346,-22.961861
3787011,107323,-24.005581
3792011,107301,-22.961861
3797011,107278,-24.005581
3802011,107256,-22.961861
3807011,107233,-24.005581
3812011,107211,-22.961861
3817011,107188,-24.005581
3822011,107166,-22.961861
3827011,107143,-24.005581
3832011,107121,-22.961861
3837011,107099,-22.961861
3842011,107076,-24.005581
3847011,107054,-22.961861
3852011,107031,-24.005581
3857011,107009,-22.961861
3862011,106986,-24.005581
3867011,106964,-22.961861
3872011,106941,-24.005581
3877011,106919,-22.961861
3882011,106896,-24.005581
3887011,106874,-22.961861
3892011,106851,-24.005581
3897011,106829,-22.961861
3902011,106806,-24.005581
3907011,106784,-22.961861
3912011,106761,-24.005581
3917011,106739,-22.961861
3922011,106716,-24.005581
3927011,106694,-22.961861
3932011,106671,-24.005581
3937011,106649,-22.961861
3942011,106626,-24.005581
3947011,106604,-22.961861
3952011,106581,-24.005581
3957011,106559,-22.961861
3962011,106536,-24.005581
3967011,106514,-22.961861
3972011,106491,-24.005581
3977011,106469,-22.961861
3982011,106446,-24.005581
3987011,106424,-22.961861
3992011,106401,-24.005581
3997011,106379,-22.961861
4002011,106356,-24.005581
4007011,106334,-22.961861
4012011,106311,-24.005581
4017011,106289,-22.961861
4022011,106266,-24.005581
4027011,106244,-22.961861
4032011,106221,-24.005581
4037011,106199,-22.961861
4042011,106176,-24.005581
4047011,106154,-22.961861
4052011,106131,-24.005581
4057011,106109,-22.961861
4062011,106086,-24.005581
4067011,106064,-22.961861
4072011,106041,-24.005581
4077011,106019,-22.961861
4082011,105997,-22.961861
4087011,105974,-24.005581
4092011,105952,-22.961861
4097011,105929,-24.005581
4102011,105907,-22.961861
4107011,105884,-24.005581
4112011,105862,-22.961861
4117011,105839,-24.005581
4122011,105817,-22.961861
4127011,105794,-24.005581
4132011,105772,-22.961861
4137011,105749,-24.005581
4142011,105727,-22.961861
4147011,105705,-22.961861
4152011,105682,-24.005581
4157011,105659,-24.005581
4162011,105637,-22.961861
4167011,105615,-22.961861
4172011,105592,-24.005581
4177011,105569,-24.005581
4182011,105547,-22.961861
4187011,105524,-24.005581
4192011,105502,-22.961861
4197011,105479,-24.005581
4202011,105457,-22.961861
4207011,105434,-24.005581
4212011,105412,-22.961861
4217011,105389,-24.005581
4222011,105367,-22.961861
4227011,105344,-24.005581
4232011,105321,-24.005581
4237011,105299,-22.961861
4242011,105276,-24.005581
4247011,105254,-22.961861
4252011,105231,-24.005581
4257011,105209,-22.961861
4262011,105186,-24.005581
4267011,105163,-24.005581
4272011,105141,-22.961861
4277011,105118,-24.005581
4282011,105096,-22.961861
4287011,105073,-24.005581
4292011,105050,-24.005581
4297011,105028,-22.961861
4302011,105005,-24.005581
4307011,104983,-22.961861
4312011,104960,-24.005581
4317011,104937,-24.005581
4322011,104915,-22.961861
4327011,104892,-24.005581
4332011,104870,-22.961861
4337011,104847,-24.005581
4342011,104824,-24.005581
4347011,104802,-22.961861
4352011,104779,-24.005581
4357011,104757,-22.961861
4362011,104734,-24.005581
4367011,104711,-24.005581
4372011,104689,-22.961861
4377011,104666,-24.005581
4382011,104643,-24.005581
4387011,104621,-22.961861
4392011,104598,-24.005581
4397011,104576,-22.961861
4402011,104553,-24.005581
4407011,104530,-24.005581
4412011,104508,-22.961861
4417011,104485,-24.005581
4422011,104463,-22.961861
4427011,104440,-24.005581
4432011,104417,-24.005581
4437011,104395,-22.961861
4442011,104372,-24.005581
4447011,104350,-22.961861
4452011,104327,-24.005581
4457011,104304,-24.005581
4462011,104282,-22.961861
4467011,104259,-24.005581
4472011,104236,-24.005581
4477011,104214,-22.961861
4482011,104191,-24.005581
4487011,104169,-22.961861
4492011,104146,-24.005581
4497011,104123,-24.005581
4502011,104101,-22.961861
4507011,104078,-24.005581
4512011,104056,-22.961861
4517011,104033,-24.005581
4522011,104010,-24.005581
4527011,103988,-22.961861
4532011,103965,-24.005581
4537011,103943,-22.961861
4542011,103920,-24.005581
4547011,103897,-24.005581
4552011,103875,-22.961861
4557011,103852,-24.005581
4562011,103829,-24.005581
4567011,103807,-22.961861
4572011,103784,-24.005581
4577011,103761,-24.005581
4582011,103739,-22.961861
4587011,103716,-24.005581
4592011,103694,-22.961861
4597011,103671,-24.005581
4602011,103648,-24.005581
4607011,103626,-22.961861
4612011,103603,-24.005581
4617011,103580,-24.005581
4622011,103558,-22.961861
4627011,103535,-24.005581
4632011,103512,-24.005581
4637011,103490,-22.961861
4642011,103467,-24.005581
4647011,103444,-24.005581
4652011,103422,-22.961861
4657011,103399,-24.005581
4662011,103376,-24.005581
4667011,103354,-22.961861
4672011,103331,-24.005581
4677011,103309,-22.961861
4682011,103286,-24.005581
4687011,103263,-24.005581
4692011,103241,-22.961861
4697011,103218,-24.005581
4702011,103195,-24.005581
4707011,103173,-22.961861
4712011,103150,-24.005581
4717011,103127,-24.005581
4722011,103105,-22.961861
4727011,103082,-24.005581
4732011,103060,-22.961861
4737011,103037,-24.005581
4742011,103014,-24.005581
4747011,102992,-22.961861
4752011,102969,-24.005581
4757011,102947,-22.961861
4762011,102924,-24.005581
4767011,102901,-24.005581
4772011,102879,-22.961861
4777011,102856,-24.005581
4782011,102833,-24.005581
4787011,102811,-22.961861
4792011,102788,-24.005581
4797011,102766,-22.961861
4802011,102743,-24.005581
4807011,102720,-24.005581
4812011,102698,-22.961861
4817011,102675,-24.005581
4822011,102653,-22.961861
4827011,102630,-24.005581
4832011,102607,-24.005581
4837011,102585,-22.961861
4842011,102562,-24.005581
4847011,102540,-22.961861
4852011,102517,-24.005581
4857011,102494,-24.005581
4862011,102472,-22.961861
4867011,102449,-24.005581
4872011,102427,-22.961861
4877011,102404,-24.005581
4882011,102381,-24.005581
4887011,102359,-22.961861
4892011,102336,-24.005581
4897011,102313,-24.005581
4902011,102291,-22.961861
4907011,102268,-24.005581
4912011,102246,-22.961861
4917011,102223,-24.005581
4922011,102200,-24.005581
4927011,102178,-22.961861
4932011,102155,-24.005581
4937011,102133,-22.961861
4942011,102110,-24.005581
4947011,102087,-24.005581
4952011,102065,-22.961861
4957011,102042,-24.005581
4962011,102019,-24.005581
4967011,101997,-22.961861
4972011,101974,-24.005581
4977011,101951,-24.005581
4982011,101929,-22.961861
4987011,101906,-24.005581
4992011,101884,-22.961861
4997011,101861,-24.005581
5002011,101838,-24.005581
5007011,101816,-22.961861
5012011,101793,-24.005581
5017011,101770,-24.005581
5022011,101748,-22.961861
5027011,101725,-24.005581
5032011,101702,-24.005581
5037011,101680,-22.961861
5042011,101657,-24.005581
5047011,101635,-22.961861
5052011,101612,-24.005581
5057011,101589,-24.005581
5062011,101567,-22.961861
5067011,101544,-24.005581
5072011,101521,-24.005581
5077011,101499,-22.961861
5082011,101476,-24.005581
5087011,101453,-24.005581
5092011,101431,-22.961861
5097011,101408,-24.005581
5102011,101385,-24.005581
5107011,101363,-22.961861
5112011,101340,-24.005581
5117011,101317,-24.005581
5122011,101295,-22.961861
5127011,101272,-24.005581
5132011,101249,-24.005581
5137011,101227,-22.961861
5142011,101204,-24.005581
5147011,101182,-22.961861
5152011,101159,-24.005581
5157011,101136,-24.005581
5162011,101113,-24.005581
5167011,101091,-22.961861
5172011,101068,-24.005581
5177011,101045,-24.005581
5182011,101023,-22.961861
5187011,101000,-24.005581
5192011,100977,-24.005581
5197011,100955,-22.961861
5202011,100932,-24.005581
5207011,100909,-24.005581
5212011,100887,-22.961861
5217011,100864,-24.005581
5222011,100842,-22.961861
5227011,100819,-24.005581
5232011,100796,-24.005581
5237011,100774,-22.961861
5242011,100751,-24.005581
5247011,100728,-24.005581
5252011,100706,-22.961861
5257011,100683,-24.005581
5262011,100660,-24.005581
5267011,100638,-22.961861
5272011,100615,-24.005581
5277011,100592,-24.005581
5282011,100570,-22.961861
5287011,100547,-24.005581
5292011,100524,-24.005581
5297011,100502,-22.961861
5302011,100479,-24.005581
5307011,100456,-24.005581
5312011,100434,-22.961861
5317011,100411,-24.005581
5322011,100389,-22.961861
5327011,100366,-24.005581
5332011,100343,-24.005581
5337011,100321,-22.961861
5342011,100298,-24.005581
5347011,100276,-22.961861
5352011,100253,-24.005581
5357011,100230,-24.005581
5362011,100208,-22.961861
5367011,100185,-24.005581
5372011,100163,-22.961861
5377011,100140,-24.005581
5382011,100117,-24.005581
5387011,100095,-22.961861
5392011,100072,-24.005581
5397011,100050,-22.961861
5402011,100027,-24.005581
5407011,100005,-22.961861
5412011,99982,-24.005581
5417011,99960,-22.961861
5422011,99937,-24.005581
5427011,99915,-22.961861
5432011,99892,-24.005581
5437011,99870,-22.961861
5442011,99847,-24.005581
5447011,99825,-22.961861
5452011,99802,-24.005581
5457011,99780,-22.961861
5462011,99757,-24.005581
5467011,99735,-22.961861
5472011,99712,-24.005581
5477011,99690,-22.961861
5482011,99667,-24.005581
5487011,99645,-22.961861
5492011,99622,-24.005581
5497011,99600,-22.961861
5502011,99577,-24.005581
5507011,99555,-22.961861
5512011,99532,-24.005581
5517011,99510,-22.961861
5522011,99487,-24.005581
5527011,99465,-22.961861
5532011,99443,-22.961861
5537011,99420,-24.005581
5542011,99398,-22.961861
5547011,99375,-24.005581
5552011,99353,-22.961861
5557011,99330,-24.005581
5562011,99308,-22.961861
5567011,99285,-24.005581
5572011,99263,-22.961861
5577011,99240,-24.005581
5582011,99218,-22.961861
5587011,99195,-24.005581
5592011,99173,-22.961861
5597011,99150,-24.005581
5602011,99128,-22.961861
5607011,99105,-24.005581
5612011,99083,-22.961861
5617011,99060,-24.005581
5622011,99038,-22.961861
5627011,99015,-24.005581
5632011,98993,-22.961861
5637011,98970,-24.005581
5642011,98948,-22.961861
5647011,98925,-24.005581
5652011,98903,-22.961861
5657011,98880,-24.005581
5662011,98857,-24.005581
5667011,98835,-22.961861
5672011,98812,-24.005581
5677011,98790,-22.961861
5682011,98767,-24.005581
5687011,98745,-22.961861
5692011,98722,-24.005581
5697011,98700,-22.961861
5702011,98677,-24.005581
5707011,98655,-22.961861
5712011,98632,-24.005581
5717011,98609,-24.005581
5722011,98587,-22.961861
5727011,98564,-24.005581
5732011,98542,-22.961861
5737011,98519,-24.005581
5742011,98497,-22.961861
5747011,98474,-24.005581
5752011,98451,-24.005581
5757011,98429,-22.961861
5762011,98406,-24.005581
5767011,98384,-22.961861
5772011,98361,-24.005581
5777011,98339,-22.961861
5782011,98316,-24.005581
5787011,98294,-22.961861
5792011,98271,-24.005581
5797011,98249,-22.961861
5802011,98226,-24.005581
5807011,98203,-24.005581
5812011,98181,-22.961861
5817011,98158,-24.005581
5822011,98136,-22.961861
5827011,98113,-24.005581
5832011,98091,-22.961861
5837011,98068,-24.005581
5842011,98045,-24.005581
5847011,98023,-22.961861
5852011,98000,-24.005581
5857011,97978,-22.961861
5862011,97955,-24.005581
5867011,97933,-22.961861
5872011,97910,-24.005581
5877011,97887,-24.005581
5882011,97865,-22.961861
5887011,97842,-24.005581
5892011,97820,-22.961861
5897011,97797,-24.005581
5902011,97775,-22.961861
5907011,97752,-24.005581
5912011,97729,-24.005581
5917011,97707,-22.961861
5922011,97684,-24.005581
5927011,97662,-22.961861
5932011,97639,-24.005581
5937011,97617,-22.961861
5942011,97594,-24.005581
5947011,97571,-24.005581
5952011,97549,-22.961861
5957011,97526,-24.005581
5962011,97504,-22.961861
5967011,97481,-24.005581
5972011,97459,-22.961861
5977011,97436,-24.005581
5982011,97413,-24.005581
5987011,97391,-22.961861
5992011,97368,-24.005581
5997011,97346,-22.961861
6002011,97323,-24.005581
6007011,97301,-22.961861
6012011,97278,-24.005581
6017011,97255,-24.005581
6022011,97233,-22.961861
6027011,97210,-24.005581
6032011,97188,-22.961861
6037011,97165,-24.005581
6042011,97143,-22.961861
6047011,97120,-24.005581
6052011,97098,-22.961861
6057011,97075,-24.005581
6062011,97052,-24.005581
6067011,97030,-22.961861
6072011,97007,-24.005581
6077011,96985,-22.961861
6082011,96962,-24.005581
6087011,96940,-22.961861
6092011,96917,-24.005581
6097011,96895,-22.961861
6102011,96872,-24.005581
6107011,96849,-24.005581
6112011,96827,-22.961861
6117011,96804,-24.005581
6122011,96782,-22.961861
6127011,96759,-24.005581
6132011,96737,-22.961861
6137011,96714,-24.005581
6142011,96692,-22.961861
6147011,96669,-24.005581
6152011,96647,-22.961861
6157011,96624,-24.005581
6162011,96601,-24.005581
6167011,96579,-22.961861
6172011,96556,-24.005581
6177011,96534,-22.961861
6182011,96511,-24.005581
6187011,96489,-22.961861
6192011,96466,-24.005581
6197011,96443,-24.005581
6202011,96421,-22.961861
6207011,96398,-24.005581
6212011,96376,-22.961861
6217011,96353,-24.005581
6222011,96331,-22.961861
6227011,96308,-24.005581
6232011,96285,-24.005581
6237011,96263,-22.961861
6242011,96240,-24.005581
6247011,96218,-22.961861
6252011,96195,-24.005581
6257011,96173,-22.961861
6262011,96150,-24.005581
6267011,96128,-22.961861
6272011,96105,-24.005581
6277011,96083,-22.961861
6282011,96060,-24.005581
6287011,96037,-24.005581
6292011,96015,-22.961861
6297011,95992,-24.005581
6302011,95970,-22.961861
6307011,95947,-24.005581
6312011,95925,-22.961861
6317011,95902,-24.005581
6322011,95880,-22.961861
6327011,95857,-24.005581
6332011,95835,-22.961861
6337011,95812,-24.005581
6342011,95790,-22.961861
6347011,95767,-24.005581
6352011,95745,-22.961861
6357011,95722,-24.005581
6362011,95699,-24.005581
6367011,95677,-22.961861
6372011,95654,-24.005581
6377011,95632,-22.961861
6382011,95609,-24.005581
6387011,95587,-22.961861
6392011,95564,-24.005581
6397011,95542,-22.961861
6402011,95519,-24.005581
6407011,95497,-22.961861
6412011,95474,-24.005581
6417011,95451,-24.005581
6422011,95429,-22.961861
6427011,95406,-24.005581
6432011,95384,-22.961861
6437011,95361,-24.005581
6442011,95339,-22.961861
6447011,95316,-24.005581
6452011,95294,-22.961861
6457011,95271,-24.005581
6462011,95249,-22.961861
6467011,95226,-24.005581
6472011,95203,-24.005581
6477011,95181,-22.961861
6482011,95158,-24.005581
6487011,95136,-22.961861
6492011,95113,-24.005581
6497011,95091,-22.961861
6502011,95068,-24.005581
6507011,95045,-24.005581
6512011,95023,-22.961861
6517011,95000,-24.005581
6522011,94978,-22.961861
6527011,94955,-24.005581
6532011,94933,-22.961861
6537011,94910,-24.005581
6542011,94887,-24.005581
6547011,94865,-22.961861
6552011,94842,-24.005581
6557011,94820,-22.961861
6562011,94797,-24.005581
6567011,94775,-22.961861
6572011,94752,-24.005581
6577011,94729,-24.005581
6582011,94707,-22.961861
6587011,94684,-24.005581
6592011,94662,-22.961861
6597011,94639,-24.005581
6602011,94616,-24.005581
6607011,94594,-22.961861
6612011,94571,-24.005581
6617011,94549,-22.961861
6622011,94526,-24.005581
6627011,94503,-24.005581
6632011,94481,-22.961861
6637011,94458,-24.005581
6642011,94435,-24.005581
6647011,94413,-22.961861
6652011,94390,-24.005581
6657011,94368,-22.961861
6662011,94345,-24.005581
6667011,94322,-24.005581
6672011,94300,-22.961861
6677011,94277,-24.005581
6682011,94255,-22.961861
6687011,94232,-24.005581
6692011,94209,-24.005581
6697011,94187,-22.961861
6702011,94164,-24.005581
6707011,94141,-24.005581
6712011,94119,-22.961861
6717011,94096,-24.005581
6722011,94074,-22.961861
6727011,94051,-24.005581
6732011,94028,-24.005581
6737011,94006,-22.961861
6742011,93983,-24.005581
6747011,93961,-22.961861
6752011,93938,-24.005581
6757011,93915,-24.005581
6762011,93893,-22.961861
6767011,93870,-24.005581
6772011,93847,-24.005581
6777011,93825,-22.961861
6782011,93802,-24.005581
6787011,93780,-22.961861
6792011,93757,-24.005581
6797011,93734,-24.005581
6802011,93712,-22.961861
6807011,93689,-24.005581
6812011,93667,-22.961861
6817011,93644,-24.005581
6822011,93621,-24.005581
6827011,93599,-22.961861
6832011,93576,-24.005581
6837011,93554,-22.961861
6842011,93531,-24.005581
6847011,93508,-24.005581
6852011,93486,-22.961861
6857011,93463,-24.005581
6862011,93441,-22.961861
6867011,93418,-24.005581
6872011,93395,-24.005581
6877011,93373,-22.961861
6882011,93350,-24.005581
6887011,93328,-22.961861
6892011,93305,-24.005581
6897011,93282,-24.005581
6902011,93260,-22.961861
6907011,93237,-24.005581
6912011,93215,-22.961861
6917011,93192,-24.005581
6922011,93169,-24.005581
6927011,93147,-22.961861
6932011,93124,-24.005581
6937011,93102,-22.961861
6942011,93079,-24.005581
6947011,93057,-22.961861
6952011,93034,-24.005581
6957011,93012,-22.961861
6962011,92989,-24.005581
6967011,92967,-22.961861
6972011,92944,-24.005581
6977011,92921,-24.005581
6982011,92899,-22.961861
6987011,92877,-22.961861
6992011,92854,-24.005581
6997011,92831,-24.005581
7002011,92809,-22.961861
7007011,92786,-24.005581
7012011,92764,-22.961861
7017011,92741,-24.005581
7022011,92719,-22.961861
7027011,92696,-24.005581
7032011,92674,-22.961861
7037011,92651,-24.005581
7042011,92629,-22.961861
7047011,92606,-24.005581
7052011,92584,-22.961861
7057011,92561,-24.005581
7062011,92539,-22.961861
7067011,92516,-24.005581
7072011,92494,-22.961861
7077011,92471,-24.005581
7082011,92449,-22.961861
7087011,92426,-24.005581
7092011,92404,-22.961861
7097011,92381,-24.005581
7102011,92359,-22.961861
7107011,92336,-24.005581
7112011,92313,-24.005581
7117011,92291,-22.961861
7122011,92268,-24.005581
7127011,92246,-22.961861
7132011,92223,-24.005581
7137011,92201,-22.961861
7142011,92178,-24.005581
7147011,92155,-24.005581
7152011,92133,-22.961861
7157011,92110,-24.005581
7162011,92088,-22.961861
7167011,92065,-24.005581
7172011,92043,-22.961861
7177011,92020,-24.005581
7182011,91997,-24.005581
7187011,91975,-22.961861
7192011,91952,-24.005581
7197011,91930,-22.961861
7202011,91907,-24.005581
7207011,91884,-24.005581
7212011,91862,-22.961861
7217011,91839,-24.005581
7222011,91817,-22.961861
7227011,91794,-24.005581
7232011,91771,-24.005581
7237011,91749,-22.961861
7242011,91726,-24.005581
7247011,91703,-24.005581
7252011,91681,-22.961861
7257011,91658,-24.005581
7262011,91636,-22.961861
7267011,91613,-24.005581
7272011,91590,-24.005581
7277011,91568,-22.961861
7282011,91545,-24.005581
7287011,91523,-22.961861
7292011,91500,-24.005581
7297011,91477,-24.005581
7302011,91455,-22.961861
7307011,91432,-24.005581
7312011,91409,-24.005581
7317011,91387,-22.961861
7322011,91364,-24.005581
7327011,91342,-22.961861
7332011,91319,-24.005581
7337011,91296,-24.005581
7342011,91274,-22.961861
7347011,91251,-24.005581
7352011,91229,-22.961861
7357011,91206,-24.005581
7362011,91183,-24.005581
7367011,91161,-22.961861
7372011,91138,-24.005581
7377011,91115,-24.005581
7382011,91093,-22.961861
7387011,91070,-24.005581
7392011,91048,-22.961861
7397011,91025,-24.005581
7402011,91002,-24.005581
7407011,90980,-22.961861
7412011,90957,-24.005581
7417011,90934,-24.005581
7422011,90912,-22.961861
7427011,90889,-24.005581
7432011,90867,-22.961861
7437011,90844,-24.005581
7442011,90821,-24.005581
7447011,90799,-22.961861
7452011,90776,-24.005581
7457011,90753,-24.005581
7462011,90731,-22.961861
7467011,90708,-24.005581
7472011,90686,-22.961861
7477011,90663,-24.005581
7482011,90640,-24.005581
7487011,90618,-22.961861
7492011,90595,-24.005581
7497011,90572,-24.005581
7502011,90550,-22.961861
7507011,90527,-24.005581
7512011,90505,-22.961861
7517011,90482,-24.005581
7522011,90459,-24.005581
7527011,90437,-22.961861
7532011,90414,-24.005581
7537011,90391,-24.005581
7542011,90369,-22.961861
7547011,90346,-24.005581
7552011,90323,-24.005581
7557011,90301,-22.961861
7562011,90278,-24.005581
7567011,90256,-22.961861
7572011,90233,-24.005581
7577011,90210,-24.005581
7582011,90188,-22.961861
7587011,90165,-24.005581
7592011,90142,-24.005581
7597011,90120,-22.961861
7602011,90097,-24.005581
7607011,90075,-22.961861
7612011,90052,-24.005581
7617011,90029,-24.005581
7622011,90007,-22.961861
7627011,89984,-24.005581
7632011,89961,-24.005581
7637011,89939,-22.961861
7642011,89916,-24.005581
7647011,89893,-24.005581
7652011,89871,-22.961861
7657011,89848,-24.005581
7662011,89825,-24.005581
7667011,89803,-22.961861
7672011,89780,-24.005581
7677011,89758,-22.961861
7682011,89735,-24.005581
7687011,89712,-24.005581
7692011,89690,-22.961861
7697011,89667,-24.005581
7702011,89644,-24.005581
7707011,89622,-22.961861
7712011,89599,-24.005581
7717011,89577,-22.961861
7722011,89554,-24.005581
7727011,89531,-24.005581
7732011,89509,-22.961861
7737011,89486,-24.005581
7742011,89463,-24.005581
7747011,89441,-22.961861
7752011,89418,-24.005581
7757011,89395,-24.005581
7762011,89373,-22.961861
7767011,89350,-24.005581
7772011,89328,-22.961861
7777011,89305,-24.005581
7782011,89282,-24.005581
7787011,89260,-22.961861
7792011,89237,-24.005581
7797011,89214,-24.005581
7802011,89192,-22.961861
7807011,89169,-24.005581
7812011,89147,-22.961861
7817011,89124,-24.005581
7822011,89101,-24.005581
7827011,89079,-22.961861
7832011,89056,-24.005581
7837011,89033,-24.005581
7842011,89011,-22.961861
7847011,88988,-24.005581
7852011,88966,-22.961861
7857011,88943,-24.005581
7862011,88920,-24.005581
7867011,88898,-22.961861
7872011,88875,-24.005581
7877011,88853,-22.961861
7882011,88830,-24.005581
7887011,88807,-24.005581
7892011,88785,-22.961861
7897011,88762,-24.005581
7902011,88739,-24.005581
7907011,88717,-22.961861
7912011,88694,-24.005581
7917011,88672,-22.961861
7922011,88649,-24.005581
7927011,88626,-24.005581
7932011,88604,-22.961861
7937011,88581,-24.005581
7942011,88559,-22.961861
7947011,88536,-24.005581
7952011,88513,-24.005581
7957011,88491,-22.961861
7962011,88468,-24.005581
7967011,88446,-22.961861
7972011,88423,-24.005581
7977011,88400,-24.005581
7982011,88378,-22.961861
7987011,88355,-24.005581
7992011,88333,-22.961861
7997011,88310,-24.005581
8002011,88287,-24.005581
8007011,88265,-22.961861
8012011,88242,-24.005581
8017011,88220,-22.961861
8022011,88197,-24.005581
8027011,88175,-22.961861
8032011,88152,-24.005581
8037011,88129,-24.005581
8042011,88107,-22.961861
8047011,88084,-24.005581
8052011,88062,-22.961861
8057011,88039,-24.005581
8062011,88017,-22.961861
8067011,87994,-24.005581
8072011,87971,-24.005581
8077011,87949,-22.961861
8082011,87926,-24.005581
8087011,87904,-22.961861
8092011,87881,-24.005581
8097011,87859,-22.961861
8102011,87836,-24.005581
8107011,87814,-22.961861
8112011,87791,-24.005581
8117011,87768,-24.005581
8122011,87746,-22.961861
8127011,87723,-24.005581
8132011,87701,-22.961861
8137011,87678,-24.005581
8142011,87656,-22.961861
8147011,87633,-24.005581
8152011,87611,-22.961861
8157011,87588,-24.005581
8162011,87565,-24.005581
8167011,87543,-22.961861
8172011,87520,-24.005581
8177011,87498,-22.961861
8182011,87475,-24.005581
8187011,87452,-24.005581
8192011,87430,-22.961861
8197011,87407,-24.005581
8202011,87385,-22.961861
8207011,87362,-24.005581
8212011,87339,-24.005581
8217011,87317,-22.961861
8222011,87294,-24.005581
8227011,87272,-22.961861
8232011,87249,-24.005581
8237011,87226,-24.005581
8242011,87204,-22.961861
8247011,87181,-24.005581
8252011,87159,-22.961861
8257011,87136,-24.005581
8262011,87113,-24.005581
8267011,87091,-22.961861
8272011,87068,-24.005581
8277011,87045,-24.005581
8282011,87023,-22.961861
8287011,87000,-24.005581
8292011,86977,-24.005581
8297011,86955,-22.961861
8302011,86932,-24.005581
8307011,86910,-22.961861
8312011,86887,-24.005581
8317011,86864,-24.005581
8322011,86842,-22.961861
8327011,86819,-24.005581
8332011,86797,-22.961861
8337011,86774,-24.005581
8342011,86751,-24.005581
8347011,86729,-22.961861
8352011,86706,-24.005581
8357011,86683,-24.005581
8362011,86661,-22.961861
8367011,86638,-24.005581
8372011,86615,-24.005581
8377011,86593,-22.961861
8382011,86570,-24.005581
8387011,86548,-22.961861
8392011,86525,-24.005581
8397011,86502,-24.005581
8402011,86480,-22.961861
8407011,86457,-24.005581
8412011,86434,-24.005581
8417011,86412,-22.961861
8422011,86389,-24.005581
8427011,86366,-24.005581
8432011,86344,-22.961861
8437011,86321,-24.005581
8442011,86299,-22.961861
8447011,86276,-24.005581
8452011,86253,-24.005581
8457011,86231,-22.961861
8462011,86208,-24.005581
8467011,86185,-24.005581
8472011,86163,-22.961861
8477011,86140,-24.005581
8482011,86117,-24.005581
8487011,86095,-22.961861
8492011,86072,-24.005581
8497011,86050,-22.961861
8502011,86027,-24.005581
8507011,86004,-24.005581
8512011,85982,-22.961861
8517011,85959,-24.005581
8522011,85937,-22.961861
8527011,85914,-24.005581
8532011,85891,-24.005581
8537011,85869,-22.961861
8542011,85846,-24.005581
8547011,85823,-24.005581
8552011,85801,-22.961861
8557011,85778,-24.005581
8562011,85756,-22.961861
8567011,85733,-24.005581
8572011,85710,-24.005581
8577011,85688,-22.961861
8582011,85665,-24.005581
8587011,85643,-22.961861
8592011,85620,-24.005581
8597011,85597,-24.005581
8602011,85575,-22.961861
8607011,85552,-24.005581
8612011,85529,-24.005581
8617011,85507,-22.961861
8622011,85484,-24.005581
8627011,85461,-24.005581
8632011,85439,-22.961861
8637011,85416,-24.005581
8642011,85394,-22.961861
8647011,85371,-24.005581
8652011,85348,-24.005581
8657011,85326,-22.961861
8662011,85303,-24.005581
8667011,85280,-24.005581
8672011,85258,-22.961861
8677011,85235,-24.005581
8682011,85213,-22.961861
8687011,85190,-24.005581
8692011,85167,-24.005581
8697011,85145,-22.961861
8702011,85122,-24.005581
8707011,85099,-24.005581
8712011,85077,-22.961861
8717011,85054,-24.005581
8722011,85031,-24.005581
8727011,85009,-22.961861
8732011,84986,-24.005581
8737011,84963,-24.005581
8742011,84941,-22.961861
8747011,84918,-24.005581
8752011,84895,-24.005581
8757011,84873,-22.961861
8762011,84850,-24.005581
8767011,84827,-24.005581
8772011,84805,-22.961861
8777011,84782,-24.005581
8782011,84759,-24.005581
8787011,84737,-22.961861
8792011,84714,-24.005581
8797011,84692,-22.961861
8802011,84669,-24.005581
8807011,84646,-24.005581
8812011,84624,-22.961861
8817011,84601,-24.005581
8822011,84578,-24.005581
8827011,84556,-22.961861
8832011,84533,-24.005581
8837011,84510,-24.005581
8842011,84488,-22.961861
8847011,84465,-24.005581
8852011,84443,-22.961861
8857011,84420,-24.005581
8862011,84397,-24.005581
8867011,84375,-22.961861
8872011,84352,-24.005581
8877011,84329,-24.005581
8882011,84307,-22.961861
8887011,84284,-24.005581
8892011,84262,-22.961861
8897011,84239,-24.005581
8902011,84216,-24.005581
8907011,84194,-22.961861
8912011,84171,-24.005581
8917011,84149,-22.961861
8922011,84126,-24.005581
8927011,84103,-24.005581
8932011,84081,-22.961861
8937011,84058,-24.005581
8942011,84035,-24.005581
8947011,84013,-22.961861
8952011,83990,-24.005581
8957011,83968,-22.961861
8962011,83945,-24.005581
8967011,83922,-24.005581
8972011,83900,-22.961861
8977011,83877,-24.005581
8982011,83855,-22.961861
8987011,83832,-24.005581
8992011,83809,-24.005581
8997011,83787,-22.961861
9002011,83764,-24.005581
9007011,83741,-24.005581
9012011,83719,-22.961861
9017011,83696,-24.005581
9022011,83674,-22.961861
9027011,83651,-24.005581
9032011,83628,-24.005581
9037011,83606,-22.961861
9042011,83583,-24.005581
9047011,83560,-24.005581
9052011,83538,-22.961861
9057011,83515,-24.005581
9062011,83493,-22.961861
9067011,83470,-24.005581
9072011,83447,-24.005581
9077011,83425,-22.961861
9082011,83402,-24.005581
9087011,83379,-24.005581
9092011,83357,-22.961861
9097011,83334,-24.005581
9102011,83311,-24.005581
9107011,83289,-22.961861
9112011,83266,-24.005581
9117011,83244,-22.961861
9122011,83221,-24.005581
9127011,83198,-24.005581
9132011,83176,-22.961861
9137011,83153,-24.005581
9142011,83130,-24.005581
9147011,83108,-22.961861
9152011,83085,-24.005581
9157011,83062,-24.005581
9162011,83040,-22.961861
9167011,83017,-24.005581
9172011,82995,-22.961861
9177011,82972,-24.005581
9182011,82949,-24.005581
9187011,82927,-22.961861
9192011,82904,-24.005581
9197011,82881,-24.005581
9202011,82859,-22.961861
9207011,82836,-24.005581
9212011,82813,-24.005581
9217011,82791,-22.961861
9222011,82768,-24.005581
9227011,82745,-24.005581
9232011,82723,-22.961861
9237011,82700,-24.005581
9242011,82678,-22.961861
9247011,82655,-24.005581
9252011,82632,-24.005581
9257011,82610,-22.961861
9262011,82587,-24.005581
9267011,82564,-24.005581
9272011,82542,-22.961861
9277011,82519,-24.005581
9282011,82497,-22.961861
9287011,82474,-24.005581
9292011,82451,-24.005581
9297011,82429,-22.961861
9302011,82406,-24.005581
9307011,82383,-24.005581
9312011,82361,-22.961861
9317011,82338,-24.005581
9322011,82315,-24.005581
9327011,82293,-22.961861
9332011,82270,-24.005581
9337011,82248,-22.961861
9342011,82225,-24.005581
9347011,82202,-24.005581
9352011,82180,-22.961861
9357011,82157,-24.005581
9362011,82135,-22.961861
9367011,82112,-24.005581
9372011,82089,-24.005581
9377011,82067,-22.961861
9382011,82044,-24.005581
9387011,82021,-24.005581
9392011,81999,-22.961861
9397011,81976,-24.005581
9402011,81953,-24.005581
9407011,81931,-22.961861
9412011,81908,-24.005581
9417011,81886,-22.961861
9422011,81863,-24.005581
9427011,81840,-24.005581
9432011,81818,-22.961861
9437011,81795,-24.005581
9442011,81773,-22.961861
9447011,81750,-24.005581
9452011,81727,-24.005581
9457011,81705,-22.961861
9462011,81682,-24.005581
9467011,81659,-24.005581
9472011,81637,-22.961861
9477011,81614,-24.005581
9482011,81591,-24.005581
9487011,81569,-22.961861
9492011,81546,-24.005581
9497011,81524,-22.961861
9502011,81501,-24.005581
9507011,81478,-24.005581
9512011,81456,-22.961861
9517011,81433,-24.005581
9522011,81410,-24.005581
9527011,81388,-22.961861
9532011,81365,-24.005581
9537011,81342,-24.005581
9542011,81320,-22.961861
9547011,81297,-24.005581
9552011,81274,-24.005581
9557011,81252,-22.961861
9562011,81229,-24.005581
9567011,81207,-22.961861
9572011,81184,-24.005581
9577011,81161,-24.005581
9582011,81139,-22.961861
9587011,81116,-24.005581
9592011,81093,-24.005581
9597011,81071,-22.961861
9602011,81048,-24.005581
9607011,81025,-24.005581
9612011,81003,-22.961861
9617011,80980,-24.005581
9622011,80957,-24.005581
9627011,80935,-22.961861
9632011,80912,-24.005581
9637011,80889,-24.005581
9642011,80867,-22.961861
9647011,80844,-24.005581
9652011,80821,-24.005581
9657011,80799,-22.961861
9662011,80776,-24.005581
9667011,80753,-24.005581
9672011,80731,-22.961861
9677011,80708,-24.005581
9682011,80685,-24.005581
9687011,80663,-22.961861
9692011,80640,-24.005581
9697011,80617,-24.005581
9702011,80595,-22.961861
9707011,80572,-24.005581
9712011,80549,-24.005581
9717011,80527,-22.961861
9722011,80504,-24.005581
9727011,80481,-24.005581
9732011,80459,-22.961861
9737011,80436,-24.005581
9742011,80413,-24.005581
9747011,80391,-22.961861
9752011,80368,-24.005581
9757011,80345,-24.005581
9762011,80323,-22.961861
9767011,80300,-24.005581
9772011,80277,-24.005581
9777011,80255,-22.961861
9782011,80232,-24.005581
9787011,80209,-24.005581
9792011,80187,-22.961861
9797011,80164,-24.005581
9802011,80141,-24.005581
9807011,80119,-22.961861
9812011,80096,-24.005581
9817011,80073,-24.005581
9822011,80051,-22.961861
9827011,80028,-24.005581
9832011,80005,-24.005581
9837011,79983,-22.961861
9842011,79960,-24.005581
9847011,79937,-24.005581
9852011,79915,-22.961861
9857011,79892,-24.005581
9862011,79870,-22.961861
9867011,79847,-24.005581
9872011,79824,-24.005581
9877011,79802,-22.961861
9882011,79779,-24.005581
9887011,79756,-24.005581
9892011,79734,-22.961861
9897011,79711,-24.005581
9902011,79689,-22.961861
9907011,79666,-24.005581
9912011,79643,-24.005581
9917011,79621,-22.961861
9922011,79598,-24.005581
9927011,79575,-24.005581
9932011,79553,-22.961861
9937011,79530,-24.005581
9942011,79508,-22.961861
9947011,79485,-24.005581
9952011,79462,-24.005581
9957011,79440,-22.961861
9962011,79417,-24.005581
9967011,79394,-24.005581
9972011,79372,-22.961861
9977011,79349,-24.005581
9982011,79326,-24.005581
9987011,79304,-22.961861
9992011,79281,-24.005581
9997011,79259,-22.961861
10002011,79236,-24.005581
10007011,79213,-24.005581
10012011,79191,-22.961861
10017011,79168,-24.005581
10022011,79145,-24.005581
10027011,79123,-22.961861
10032011,79100,-24.005581
10037011,79077,-24.005581
10042011,79055,-22.961861
10047011,79032,-24.005581
10052011,79009,-24.005581
10057011,78987,-22.961861
10062011,78964,-24.005581
10067011,78942,-22.961861
10072011,78919,-24.005581
10077011,78896,-24.005581
10082011,78874,-22.961861
10087011,78851,-24.005581
10092011,78828,-24.005581
10097011,78806,-22.961861
10102011,78783,-24.005581
10107011,78760,-24.005581
10112011,78738,-22.961861
10117011,78715,-24.005581
10122011,78693,-22.961861
10127011,78670,-24.005581
10132011,78647,-24.005581
10137011,78625,-22.961861
10142011,78602,-24.005581
10147011,78579,-24.005581
10152011,78557,-22.961861
10157011,78534,-24.005581
10162011,78511,-24.005581
10167011,78489,-22.961861
10172011,78466,-24.005581
10177011,78443,-24.005581
10182011,78421,-22.961861
10187011,78398,-24.005581
10192011,78376,-22.961861
10197011,78353,-24.005581
10202011,78330,-24.005581
10207011,78308,-22.961861
10212011,78285,-24.005581
10217011,78263,-22.961861
10222011,78240,-24.005581
10227011,78217,-24.005581
10232011,78195,-22.961861
10237011,78172,-24.005581
10242011,78150,-22.961861
10247011,78127,-24.005581
10252011,78105,-22.961861
10257011,78082,-24.005581
10262011,78059,-24.005581
10267011,78037,-22.961861
10272011,78014,-24.005581
10277011,77992,-22.961861
10282011,77969,-24.005581
10287011,77946,-24.005581
10292011,77924,-22.961861
10297011,77901,-24.005581
10302011,77879,-22.961861
10307011,77856,-24.005581
10312011,77833,-24.005581
