
Time_us,Position,Speed_rad_per_s
1312008,334118,0.000000
1317008,334117,-1.043721
1322008,334116,-1.043721
1327009,334113,-3.130537
1332009,334109,-4.174884
1337009,334104,-5.218605
1342010,334098,-6.261073
1347010,334091,-7.306046
1352011,334083,-8.348098
1357011,334074,-9.393488
1362011,334065,-9.393488
1367011,334055,-10.437209
1372011,334044,-11.480930
1377011,334033,-11.480930
1382011,334021,-12.524651
1387011,334009,-12.524651
1392011,333996,-13.568372
1397011,333982,-14.612093
1402011,333968,-14.612093
1407011,333954,-14.612093
1412011,333939,-15.655814
1417011,333924,-15.655814
1422011,333909,-15.655814
1427011,333893,-16.699535
1432011,333876,-17.743256
1437011,333860,-16.699535
1442011,333843,-17.743256
1447011,333826,-17.743256
1452011,333809,-17.743256
1457011,333791,-18.786976
1462011,333773,-18.786976
1467011,333755,-18.786976
1472011,333736,-19.830698
1477011,333718,-18.786976
1482011,333699,-19.830698
1487011,333680,-19.830698
1492011,333661,-19.830698
1497011,333642,-19.830698
1502011,333622,-20.874418
1507011,333603,-19.830698
1512011,333583,-20.874418
1517011,333563,-20.874418
1522011,333543,-20.874418
1527011,333522,-21.918139
1532011,333502,-20.874418
1537011,333481,-21.918139
1542011,333461,-20.874418
1547011,333440,-21.918139
1552011,333419,-21.918139
1557011,333398,-21.918139
1562011,333377,-21.918139
1567011,333356,-21.918139
1572011,333335,-21.918139
1577011,333314,-21.918139
1582011,333293,-21.918139
1587011,333271,-22.961861
1592011,333250,-21.918139
1597011,333228,-22.961861
1602011,333207,-21.918139
1607011,333185,-22.961861
1612011,333164,-21.918139
1617011,333142,-22.961861
1622011,333120,-22.961861
1627011,333098,-22.961861
1632011,333076,-22.961861
1637011,333055,-21.918139
1642011,333033,-22.961861
1647011,333011,-22.961861
1652011,332989,-22.961861
1657011,332967,-22.961861
1662011,332945,-22.961861
1667011,332924,-21.918139
1672011,332902,-22.961861
1677011,332880,-22.961861
1682011,332858,-22.961861
1687011,332836,-22.961861
1692011,332814,-22.961861
1697011,332793,-21.918139
1702011,332771,-22.961861
1707011,332749,-22.961861
1712011,332727,-22.961861
1717011,332705,-22.961861
1722011,332684,-21.918139
1727011,332662,-22.961861
1732011,332640,-22.961861
1737011,332618,-22.961861
1742011,332596,-22.961861
1747011,332574,-22.961861
1752011,332553,-21.918139
1757011,332531,-22.961861
1762011,332509,-22.961861
1767011,332487,-22.961861
1772011,332465,-22.961861
1777011,332443,-22.961861
1782011,332422,-21.918139
1787011,332400,-22.961861
1792011,332378,-22.961861
1797011,332356,-22.961861
1802011,332334,-22.961861
1807011,332312,-22.961861
1812011,332291,-21.918139
1817011,332269,-22.961861
1822011,332247,-22.961861
1827011,332225,-22.961861
1832011,332203,-22.961861
1837011,332181,-22.961861
1842011,332159,-22.961861
1847011,332137,-22.961861
1852011,332116,-21.918139
1857011,332094,-22.961861
1862011,332072,-22.961861
1867011,332050,-22.961861
1872011,332028,-22.961861
1877011,332006,-22.961861
1882011,331984,-22.961861
1887011,331962,-22.961861
1892011,331941,-21.918139
1897011,331919,-22.961861
1902011,331897,-22.961861
1907011,331875,-22.961861
1912011,331853,-22.961861
1917011,331831,-22.961861
1922011,331809,-22.961861
1927011,331787,-22.961861
1932011,331766,-21.918139
1937011,331744,-22.961861
1942011,331722,-22.961861
1947011,331700,-22.961861
1952011,331678,-22.961861
1957011,331656,-22.961861
1962011,331634,-22.961861
1967011,331612,-22.961861
1972011,331591,-21.918139
1977011,331569,-22.961861
1982011,331547,-22.961861
1987011,331525,-22.961861
1992011,331503,-22.961861
1997011,331481,-22.961861
2002011,331459,-22.961861
2007011,331437,-22.961861
2012011,331416,-21.918139
2017011,331394,-22.961861
2022011,331372,-22.961861
2027011,331350,-22.961861
2032011,331328,-22.961861
2037011,331306,-22.961861
2042011,331284,-22.961861
2047011,331263,-21.918139
2052011,331241,-22.961861
2057011,331219,-22.961861
2062011,331197,-22.961861
2067011,331175,-22.961861
2072011,331154,-21.918139
2077011,331132,-22.961861
2082011,331110,-22.961861
2087011,331088,-22.961861
2092011,331066,-22.961861
2097011,331044,-22.961861
2102011,331023,-21.918139
2107011,331001,-22.961861
2112011,330979,-22.961861
2117011,330957,-22.961861
2122011,330935,-22.961861
2127011,330914,-21.918139
2132011,330892,-22.961861
2137011,330870,-22.961861
2142011,330848,-22.961861
2147011,330826,-22.961861
2152011,330804,-22.961861
2157011,330783,-21.918139
2162011,330761,-22.961861
2167011,330739,-22.961861
2172011,330717,-22.961861
2177011,330696,-21.918139
2182011,330674,-22.961861
2187011,330652,-22.961861
2192011,330630,-22.961861
2197011,330608,-22.961861
2202011,330587,-21.918139
2207011,330565,-22.961861
2212011,330543,-22.961861
2217011,330521,-22.961861
2222011,330499,-22.961861
2227011,330478,-21.918139
2232011,330456,-22.961861
2237011,330434,-22.961861
2242011,330412,-22.961861
2247011,330390,-22.961861
2252011,330369,-21.918139
2257011,330347,-22.961861
2262011,330325,-22.961861
2267011,330303,-22.961861
2272011,330282,-21.918139
2277011,330260,-22.961861
2282011,330238,-22.961861
2287011,330216,-22.961861
2292011,330194,-22.961861
2297011,330173,-21.918139
2302011,330151,-22.961861
2307011,330129,-22.961861
2312011,330107,-22.961861
2317011,330086,-21.918139
2322011,330064,-22.961861
2327011,330042,-22.961861
2332011,330020,-22.961861
2337011,329999,-21.918139
2342011,329977,-22.961861
2347011,329955,-22.961861
2352011,329933,-22.961861
2357011,329911,-22.961861
2362011,329890,-21.918139
2367011,329868,-22.961861
2372011,329846,-22.961861
2377011,329824,-22.961861
2382011,329802,-22.961861
2387011,329780,-22.961861
2392011,329759,-21.918139
2397011,329737,-22.961861
2402011,329715,-22.961861
2407011,329693,-22.961861
2412011,329671,-22.961861
2417011,329649,-22.961861
2422011,329628,-21.918139
2427011,329606,-22.961861
2432011,329584,-22.961861
2437011,329562,-22.961861
2442011,329540,-22.961861
2447011,329519,-21.918139
2452011,329497,-22.961861
2457011,329475,-22.961861
2462011,329453,-22.961861
2467011,329431,-22.961861
2472011,329409,-22.961861
2477011,329388,-21.918139
2482011,329366,-22.961861
2487011,329344,-22.961861
2492011,329322,-22.961861
2497011,329300,-22.961861
2502011,329278,-22.961861
2507011,329256,-22.961861
2512011,329234,-22.961861
2517011,329213,-21.918139
2522011,329191,-22.961861
2527011,329169,-22.961861
2532011,329147,-22.961861
2537011,329125,-22.961861
2542011,329103,-22.961861
2547011,329081,-22.961861
2552011,329059,-22.961861
2557011,329038,-21.918139
2562011,329016,-22.961861
2567011,328994,-22.961861
2572011,328972,-22.961861
2577011,328950,-22.961861
2582011,328928,-22.961861
2587011,328906,-22.961861
2592011,328884,-22.961861
2597011,328862,-22.961861
2602011,328840,-22.961861
2607011,328818,-22.961861
2612011,328796,-22.961861
2617011,328774,-22.961861
2622011,328752,-22.961861
2627011,328731,-21.918139
2632011,328709,-22.961861
2637011,328687,-22.961861
2642011,328665,-22.961861
2647011,328643,-22.961861
2652011,328621,-22.961861
2657011,328599,-22.961861
2662011,328577,-22.961861
2667011,328555,-22.961861
2672011,328533,-22.961861
2677011,328511,-22.961861
2682011,328489,-22.961861
2687011,328467,-22.961861
2692011,328445,-22.961861
2697011,328423,-22.961861
2702011,328401,-22.961861
2707011,328379,-22.961861
2712011,328357,-22.961861
2717011,328335,-22.961861
2722011,328313,-22.961861
2727011,328291,-22.961861
2732011,328269,-22.961861
2737011,328247,-22.961861
2742011,328225,-22.961861
2747011,328203,-22.961861
2752011,328181,-22.961861
2757011,328159,-22.961861
2762011,328137,-22.961861
2767011,328115,-22.961861
2772011,328093,-22.961861
2777011,328072,-21.918139
2782011,328050,-22.961861
2787011,328028,-22.961861
2792011,328006,-22.961861
2797011,327984,-22.961861
2802011,327962,-22.961861
2807011,327940,-22.961861
2812011,327918,-22.961861
2817011,327897,-21.918139
2822011,327875,-22.961861
2827011,327853,-22.961861
2832011,327831,-22.961861
2837011,327809,-22.961861
2842011,327787,-22.961861
2847011,327765,-22.961861
2852011,327743,-22.961861
2857011,327722,-21.918139
2862011,327700,-22.961861
2867011,327678,-22.961861
2872011,327656,-22.961861
2877011,327634,-22.961861
2882011,327612,-22.961861
2887011,327590,-22.961861
2892011,327568,-22.961861
2897011,327546,-22.961861
2902011,327525,-21.918139
2907011,327503,-22.961861
2912011,327481,-22.961861
2917011,327459,-22.961861
2922011,327437,-22.961861
2927011,327415,-22.961861
2932011,327393,-22.961861
2937011,327372,-21.918139
2942011,327350,-22.961861
2947011,327328,-22.961861
2952011,327306,-22.961861
2957011,327284,-22.961861
2962011,327262,-22.961861
2967011,327240,-22.961861
2972011,327218,-22.961861
2977011,327196,-22.961861
2982011,327174,-22.961861
2987011,327153,-21.918139
2992011,327131,-22.961861
2997011,327109,-22.961861
3002011,327087,-22.961861
3007011,327065,-22.961861
3012011,327043,-22.961861
3017011,327021,-22.961861
3022011,326999,-22.961861
3027011,326977,-22.961861
3032011,326955,-22.961861
3037011,326933,-22.961861
3042011,326911,-22.961861
3047011,326889,-22.961861
3052011,326867,-22.961861
3057011,326845,-22.961861
3062011,326823,-22.961861
3067011,326801,-22.961861
3072011,326779,-22.961861
3077011,326757,-22.961861
3082011,326736,-21.918139
3087011,326714,-22.961861
3092011,326692,-22.961861
3097011,326670,-22.961861
3102011,326648,-22.961861
3107011,326626,-22.961861
3112011,326604,-22.961861
3117011,326582,-22.961861
3122011,326560,-22.961861
3127011,326538,-22.961861
3132011,326516,-22.961861
3137011,326494,-22.961861
3142011,326472,-22.961861
3147011,326450,-22.961861
3152011,326428,-22.961861
3157011,326406,-22.961861
3162011,326384,-22.961861
3167011,326363,-21.918139
3172011,326341,-22.961861
3177011,326319,-22.961861
3182011,326297,-22.961861
3187011,326275,-22.961861
3192011,326253,-22.961861
3197011,326231,-22.961861
3202011,326209,-22.961861
3207011,326187,-22.961861
3212011,326165,-22.961861
3217011,326143,-22.961861
3222011,326121,-22.961861
3227011,326099,-22.961861
3232011,326078,-21.918139
3237011,326056,-22.961861
3242011,326034,-22.961861
3247011,326012,-22.961861
3252011,325990,-22.961861
3257011,325968,-22.961861
3262011,325946,-22.961861
3267011,325924,-22.961861
3272011,325902,-22.961861
3277011,325880,-22.961861
3282011,325858,-22.961861
3287011,325836,-22.961861
3292011,325815,-21.918139
3297011,325793,-22.961861
3302011,325771,-22.961861
3307011,325749,-22.961861
3312011,325727,-22.961861
3317011,325705,-22.961861
3322011,325683,-22.961861
3327011,325661,-22.961861
3332011,325639,-22.961861
3337011,325618,-21.918139
3342011,325596,-22.961861
3347011,325574,-22.961861
3352011,325552,-22.961861
3357011,325530,-22.961861
3362011,325508,-22.961861
3367011,325486,-22.961861
3372011,325464,-22.961861
3377011,325442,-22.961861
3382011,325420,-22.961861
3387011,325399,-21.918139
3392011,325377,-22.961861
3397011,325355,-22.961861
3402011,325333,-22.961861
3407011,325311,-22.961861
3412011,325289,-22.961861
3417011,325267,-22.961861
3422011,325245,-22.961861
3427011,325224,-21.918139
3432011,325202,-22.961861
3437011,325180,-22.961861
3442011,325158,-22.961861
3447011,325136,-22.961861
3452011,325114,-22.961861
3457011,325092,-22.961861
3462011,325070,-22.961861
3467011,325049,-21.918139
3472011,325027,-22.961861
3477011,325005,-22.961861
3482011,324983,-22.961861
3487011,324961,-22.961861
3492011,324939,-22.961861
3497011,324917,-22.961861
3502011,324895,-22.961861
3507011,324873,-22.961861
3512011,324851,-22.961861
3517011,324830,-21.918139
3522011,324808,-22.961861
3527011,324786,-22.961861
3532011,324764,-22.961861
3537011,324742,-22.961861
3542011,324720,-22.961861
3547011,324698,-22.961861
3552011,324676,-22.961861
3557011,324654,-22.961861
3562011,324632,-22.961861
3567011,324610,-22.961861
3572011,324588,-22.961861
3577011,324567,-21.918139
3582011,324545,-22.961861
3587011,324523,-22.961861
3592011,324501,-22.961861
3597011,324479,-22.961861
3602011,324457,-22.961861
3607011,324435,-22.961861
3612011,324413,-22.961861
3617011,324391,-22.961861
3622011,324369,-22.961861
3627011,324347,-22.961861
3632011,324325,-22.961861
3637011,324303,-22.961861
3642011,324282,-21.918139
3647011,324260,-22.961861
3652011,324238,-22.961861
3657011,324216,-22.961861
3662011,324194,-22.961861
3667011,324172,-22.961861
3672011,324150,-22.961861
3677011,324128,-22.961861
3682011,324106,-22.961861
3687011,324084,-22.961861
3692011,324062,-22.961861
3697011,324040,-22.961861
3702011,324018,-22.961861
3707011,323996,-22.961861
3712011,323975,-21.918139
3717011,323953,-22.961861
3722011,323931,-22.961861
3727011,323909,-22.961861
3732011,323887,-22.961861
3737011,323865,-22.961861
3742011,323843,-22.961861
3747011,323821,-22.961861
3752011,323799,-22.961861
3757011,323777,-22.961861
3762011,323755,-22.961861
3767011,323733,-22.961861
3772011,323711,-22.961861
3777011,323689,-22.961861
3782011,323667,-22.961861
3787011,323646,-21.918139
3792011,323624,-22.961861
3797011,323602,-22.961861
3802011,323580,-22.961861
3807011,323558,-22.961861
3812011,323536,-22.961861
3817011,323514,-22.961861
3822011,323492,-22.961861
3827011,323470,-22.961861
3832011,323448,-22.961861
3837011,323426,-22.961861
3842011,323404,-22.961861
3847011,323382,-22.961861
3852011,323360,-22.961861
3857011,323338,-22.961861
3862011,323316,-22.961861
3867011,323294,-22.961861
3872011,323272,-22.961861
3877011,323250,-22.961861
3882011,323228,-22.961861
3887011,323206,-22.961861
3892011,323184,-22.961861
3897011,323162,-22.961861
3902011,323140,-22.961861
3907011,323118,-22.961861
3912011,323096,-22.961861
3917011,323074,-22.961861
3922011,323052,-22.961861
3927011,323030,-22.961861
3932011,323008,-22.961861
3937011,322986,-22.961861
3942011,322964,-22.961861
3947011,322942,-22.961861
3952011,322920,-22.961861
3957011,322898,-22.961861
3962011,322876,-22.961861
3967011,322854,-22.961861
3972011,322832,-22.961861
3977011,322810,-22.961861
3982011,322788,-22.961861
3987011,322766,-22.961861
3992011,322744,-22.961861
3997011,322722,-22.961861
4002011,322700,-22.961861
4007011,322678,-22.961861
4012011,322656,-22.961861
4017011,322634,-22.961861
4022011,322612,-22.961861
4027011,322590,-22.961861
4032011,322569,-21.918139
4037011,322547,-22.961861
4042011,322525,-22.961861
4047011,322503,-22.961861
4052011,322481,-22.961861
4057011,322459,-22.961861
4062011,322437,-22.961861
4067011,322415,-22.961861
4072011,322393,-22.961861
4077011,322371,-22.961861
4082011,322349,-22.961861
4087011,322327,-22.961861
4092011,322305,-22.961861
4097011,322283,-22.961861
4102011,322261,-22.961861
4107011,322239,-22.961861
4112011,322217,-22.961861
4117011,322195,-22.961861
4122011,322173,-22.961861
4127011,322151,-22.961861
4132011,322129,-22.961861
4137011,322107,-22.961861
4142011,322085,-22.961861
4147011,322063,-22.961861
4152011,322041,-22.961861
4157011,322019,-22.961861
4162011,321997,-22.961861
4167011,321975,-22.961861
4172011,321953,-22.961861
4177011,321931,-22.961861
4182011,321909,-22.961861
4187011,321887,-22.961861
4192011,321865,-22.961861
4197011,321843,-22.961861
4202011,321821,-22.961861
4207011,321799,-22.961861
4212011,321777,-22.961861
4217011,321755,-22.961861
4222011,321733,-22.961861
4227011,321711,-22.961861
4232011,321689,-22.961861
4237011,321667,-22.961861
4242011,321645,-22.961861
4247011,321623,-22.961861
4252011,321601,-22.961861
4257011,321579,-22.961861
4262011,321557,-22.961861
4267011,321535,-22.961861
4272011,321513,-22.961861
4277011,321491,-22.961861
4282011,321469,-22.961861
4287011,321447,-22.961861
4292011,321425,-22.961861
4297011,321403,-22.961861
4302011,321381,-22.961861
4307011,321359,-22.961861
4312011,321337,-22.961861
4317011,321315,-22.961861
4322011,321293,-22.961861
4327011,321271,-22.961861
4332011,321249,-22.961861
4337011,321226,-24.005581
4342011,321204,-22.961861
4347011,321182,-22.961861
4352011,321160,-22.961861
4357011,321138,-22.961861
4362011,321116,-22.961861
4367011,321094,-22.961861
4372011,321072,-22.961861
4377011,321050,-22.961861
4382011,321028,-22.961861
4387011,321006,-22.961861
4392011,320984,-22.961861
4397011,320962,-22.961861
4402011,320940,-22.961861
4407011,320918,-22.961861
4412011,320896,-22.961861
4417011,320874,-22.961861
4422011,320852,-22.961861
4427011,320831,-21.918139
4432011,320808,-24.005581
4437011,320787,-21.918139
4442011,320765,-22.961861
4447011,320743,-22.961861
4452011,320721,-22.961861
4457011,320699,-22.961861
4462011,320677,-22.961861
4467011,320655,-22.961861
4472011,320633,-22.961861
4477011,320611,-22.961861
4482011,320589,-22.961861
4487011,320567,-22.961861
4492011,320545,-22.961861
4497011,320523,-22.961861
4502011,320501,-22.961861
4507011,320479,-22.961861
4512011,320457,-22.961861
4517011,320435,-22.961861
4522011,320413,-22.961861
4527011,320391,-22.961861
4532011,320368,-24.005581
4537011,320346,-22.961861
4542011,320324,-22.961861
4547011,320302,-22.961861
4552011,320280,-22.961861
4557011,320258,-22.961861
4562011,320236,-22.961861
4567011,320214,-22.961861
4572011,320192,-22.961861
4577011,320170,-22.961861
4582011,320148,-22.961861
4587011,320126,-22.961861
4592011,320104,-22.961861
4597011,320081,-24.005581
4602011,320059,-22.961861
4607011,320037,-22.961861
4612011,320015,-22.961861
4617011,319993,-22.961861
4622011,319971,-22.961861
4627011,319948,-24.005581
4632011,319926,-22.961861
4637011,319904,-22.961861
4642011,319882,-22.961861
4647011,319860,-22.961861
4652011,319838,-22.961861
4657011,319816,-22.961861
4662011,319794,-22.961861
4667011,319771,-24.005581
4672011,319749,-22.961861
4677011,319727,-22.961861
4682011,319705,-22.961861
4687011,319683,-22.961861
4692011,319661,-22.961861
4697011,319638,-24.005581
4702011,319616,-22.961861
4707011,319594,-22.961861
4712011,319572,-22.961861
4717011,319550,-22.961861
4722011,319528,-22.961861
4727011,319506,-22.961861
4732011,319483,-24.005581
4737011,319461,-22.961861
4742011,319439,-22.961861
4747011,319417,-22.961861
4752011,319395,-22.961861
4757011,319373,-22.961861
4762011,319351,-22.961861
4767011,319328,-24.005581
4772011,319306,-22.961861
4777011,319284,-22.961861
4782011,319262,-22.961861
4787011,319240,-22.961861
4792011,319218,-22.961861
4797011,319196,-22.961861
4802011,319173,-24.005581
4807011,319151,-22.961861
4812011,319129,-22.961861
4817011,319107,-22.961861
4822011,319085,-22.961861
4827011,319063,-22.961861
4832011,319041,-22.961861
4837011,319019,-22.961861
4842011,318997,-22.961861
4847011,318974,-24.005581
4852011,318952,-22.961861
4857011,318930,-22.961861
4862011,318908,-22.961861
4867011,318886,-22.961861
4872011,318864,-22.961861
4877011,318842,-22.961861
4882011,318820,-22.961861
4887011,318798,-22.961861
4892011,318776,-22.961861
4897011,318754,-22.961861
4902011,318731,-24.005581
4907011,318709,-22.961861
4912011,318687,-22.961861
4917011,318665,-22.961861
4922011,318643,-22.961861
4927011,318621,-22.961861
4932011,318599,-22.961861
4937011,318577,-22.961861
4942011,318555,-22.961861
4947011,318533,-22.961861
4952011,318511,-22.961861
4957011,318489,-22.961861
4962011,318467,-22.961861
4967011,318445,-22.961861
4972011,318423,-22.961861
4977011,318400,-24.005581
4982011,318378,-22.961861
4987011,318356,-22.961861
4992011,318334,-22.961861
4997011,318312,-22.961861
5002011,318290,-22.961861
5007011,318268,-22.961861
5012011,318246,-22.961861
5017011,318224,-22.961861
5022011,318202,-22.961861
5027011,318179,-24.005581
5032011,318157,-22.961861
5037011,318135,-22.961861
5042011,318113,-22.961861
5047011,318091,-22.961861
5052011,318069,-22.961861
5057011,318047,-22.961861
5062011,318025,-22.961861
5067011,318003,-22.961861
5072011,317981,-22.961861
5077011,317958,-24.005581
5082011,317936,-22.961861
5087011,317914,-22.961861
5092011,317892,-22.961861
5097011,317870,-22.961861
5102011,317848,-22.961861
5107011,317826,-22.961861
5112011,317804,-22.961861
5117011,317782,-22.961861
5122011,317760,-22.961861
5127011,317738,-22.961861
5132011,317716,-22.961861
5137011,317694,-22.961861
5142011,317672,-22.961861
5147011,317650,-22.961861
5152011,317628,-22.961861
5157011,317606,-22.961861
5162011,317583,-24.005581
5167011,317561,-22.961861
5172011,317539,-22.961861
5177011,317517,-22.961861
5182011,317495,-22.961861
5187011,317473,-22.961861
5192011,317451,-22.961861
5197011,317429,-22.961861
5202011,317407,-22.961861
5207011,317385,-22.961861
5212011,317362,-24.005581
5217011,317340,-22.961861
5222011,317318,-22.961861
5227011,317296,-22.961861
5232011,317274,-22.961861
5237011,317252,-22.961861
5242011,317230,-22.961861
5247011,317208,-22.961861
5252011,317185,-24.005581
5257011,317163,-22.961861
5262011,317141,-22.961861
5267011,317119,-22.961861
5272011,317097,-22.961861
5277011,317075,-22.961861
5282011,317053,-22.961861
5287011,317031,-22.961861
5292011,317009,-22.961861
5297011,316986,-24.005581
5302011,316964,-22.961861
5307011,316942,-22.961861
5312011,316920,-22.961861
5317011,316898,-22.961861
5322011,316876,-22.961861
5327011,316854,-22.961861
5332011,316832,-22.961861
5337011,316810,-22.961861
5342011,316787,-24.005581
5347011,316765,-22.961861
5352011,316743,-22.961861
5357011,316721,-22.961861
5362011,316699,-22.961861
5367011,316677,-22.961861
5372011,316655,-22.961861
5377011,316633,-22.961861
5382011,316611,-22.961861
5387011,316589,-22.961861
5392011,316566,-24.005581
5397011,316544,-22.961861
5402011,316522,-22.961861
5407011,316500,-22.961861
5412011,316478,-22.961861
5417011,316456,-22.961861
5422011,316434,-22.961861
5427011,316412,-22.961861
5432011,316390,-22.961861
5437011,316368,-22.961861
5442011,316346,-22.961861
5447011,316323,-24.005581
5452011,316301,-22.961861
5457011,316279,-22.961861
5462011,316257,-22.961861
5467011,316235,-22.961861
5472011,316213,-22.961861
5477011,316191,-22.961861
5482011,316169,-22.961861
5487011,316147,-22.961861
5492011,316125,-22.961861
5497011,316103,-22.961861
5502011,316081,-22.961861
5507011,316059,-22.961861
5512011,316037,-22.961861
5517011,316015,-22.961861
5522011,315993,-22.961861
5527011,315970,-24.005581
5532011,315948,-22.961861
5537011,315926,-22.961861
5542011,315904,-22.961861
5547011,315882,-22.961861
5552011,315860,-22.961861
5557011,315838,-22.961861
5562011,315816,-22.961861
5567011,315794,-22.961861
5572011,315772,-22.961861
5577011,315750,-22.961861
5582011,315728,-22.961861
5587011,315706,-22.961861
5592011,315684,-22.961861
5597011,315661,-24.005581
5602011,315639,-22.961861
5607011,315617,-22.961861
5612011,315595,-22.961861
5617011,315573,-22.961861
5622011,315551,-22.961861
5627011,315529,-22.961861
5632011,315507,-22.961861
5637011,315485,-22.961861
5642011,315463,-22.961861
5647011,315441,-22.961861
5652011,315419,-22.961861
5657011,315397,-22.961861
5662011,315374,-24.005581
5667011,315352,-22.961861
5672011,315330,-22.961861
5677011,315308,-22.961861
5682011,315286,-22.961861
5687011,315264,-22.961861
5692011,315242,-22.961861
5697011,315219,-24.005581
5702011,315197,-22.961861
5707011,315175,-22.961861
5712011,315153,-22.961861
5717011,315131,-22.961861
5722011,315109,-22.961861
5727011,315087,-22.961861
5732011,315065,-22.961861
5737011,315042,-24.005581
5742011,315020,-22.961861
5747011,314998,-22.961861
5752011,314976,-22.961861
5757011,314954,-22.961861
5762011,314932,-22.961861
5767011,314910,-22.961861
5772011,314888,-22.961861
5777011,314865,-24.005581
5782011,314843,-22.961861
5787011,314821,-22.961861
5792011,314799,-22.961861
5797011,314777,-22.961861
5802011,314755,-22.961861
5807011,314733,-22.961861
5812011,314711,-22.961861
5817011,314689,-22.961861
5822011,314666,-24.005581
5827011,314644,-22.961861
5832011,314622,-22.961861
5837011,314600,-22.961861
5842011,314578,-22.961861
5847011,314556,-22.961861
5852011,314534,-22.961861
5857011,314512,-22.961861
5862011,314490,-22.961861
5867011,314467,-24.005581
5872011,314445,-22.961861
5877011,314423,-22.961861
5882011,314401,-22.961861
5887011,314379,-22.961861
5892011,314357,-22.961861
5897011,314335,-22.961861
5902011,314313,-22.961861
5907011,314290,-24.005581
5912011,314268,-22.961861
5917011,314246,-22.961861
5922011,314224,-22.961861
5927011,314202,-22.961861
5932011,314180,-22.961861
5937011,314157,-24.005581
5942011,314135,-22.961861
5947011,314113,-22.961861
5952011,314091,-22.961861
5957011,314069,-22.961861
5962011,314046,-24.005581
5967011,314024,-22.961861
5972011,314002,-22.961861
5977011,313980,-22.961861
5982011,313958,-22.961861
5987011,313936,-22.961861
5992011,313914,-22.961861
5997011,313891,-24.005581
6002011,313869,-22.961861
6007011,313847,-22.961861
6012011,313825,-22.961861
6017011,313803,-22.961861
6022011,313781,-22.961861
6027011,313759,-22.961861
6032011,313737,-22.961861
6037011,313715,-22.961861
6042011,313692,-24.005581
6047011,313670,-22.961861
6052011,313648,-22.961861
6057011,313626,-22.961861
6062011,313604,-22.961861
6067011,313582,-22.961861
6072011,313560,-22.961861
6077011,313538,-22.961861
6082011,313516,-22.961861
6087011,313494,-22.961861
6092011,313472,-22.961861
6097011,313450,-22.961861
6102011,313428,-22.961861
6107011,313406,-22.961861
6112011,313384,-22.961861
6117011,313362,-22.961861
6122011,313340,-22.961861
6127011,313318,-22.961861
6132011,313296,-22.961861
6137011,313273,-24.005581
6142011,313251,-22.961861
6147011,313229,-22.961861
6152011,313207,-22.961861
6157011,313185,-22.961861
6162011,313163,-22.961861
6167011,313141,-22.961861
6172011,313119,-22.961861
6177011,313097,-22.961861
6182011,313075,-22.961861
6187011,313052,-24.005581
6192011,313030,-22.961861
6197011,313008,-22.961861
6202011,312986,-22.961861
6207011,312964,-22.961861
6212011,312942,-22.961861
6217011,312920,-22.961861
6222011,312898,-22.961861
6227011,312876,-22.961861
6232011,312853,-24.005581
6237011,312831,-22.961861
6242011,312809,-22.961861
6247011,312787,-22.961861
6252011,312765,-22.961861
6257011,312743,-22.961861
6262011,312721,-22.961861
6267011,312699,-22.961861
6272011,312677,-22.961861
6277011,312655,-22.961861
6282011,312633,-22.961861
6287011,312611,-22.961861
6292011,312589,-22.961861
6297011,312567,-22.961861
6302011,312545,-22.961861
6307011,312522,-24.005581
6312011,312500,-22.961861
6317011,312478,-22.961861
6322011,312456,-22.961861
6327011,312434,-22.961861
6332011,312412,-22.961861
6337011,312390,-22.961861
6342011,312368,-22.961861
6347011,312346,-22.961861
6352011,312324,-22.961861
6357011,312302,-22.961861
6362011,312280,-22.961861
6367011,312258,-22.961861
6372011,312236,-22.961861
6377011,312214,-22.961861
6382011,312192,-22.961861
6387011,312170,-22.961861
6392011,312148,-22.961861
6397011,312125,-24.005581
6402011,312103,-22.961861
6407011,312081,-22.961861
6412011,312059,-22.961861
6417011,312037,-22.961861
6422011,312015,-22.961861
6427011,311993,-22.961861
6432011,311971,-22.961861
6437011,311949,-22.961861
6442011,311927,-22.961861
6447011,311904,-24.005581
6452011,311882,-22.961861
6457011,311860,-22.961861
6462011,311838,-22.961861
6467011,311816,-22.961861
6472011,311794,-22.961861
6477011,311772,-22.961861
6482011,311750,-22.961861
6487011,311728,-22.961861
6492011,311706,-22.961861
6497011,311684,-22.961861
6502011,311661,-24.005581
6507011,311639,-22.961861
6512011,311617,-22.961861
6517011,311595,-22.961861
6522011,311573,-22.961861
6527011,311551,-22.961861
6532011,311529,-22.961861
6537011,311507,-22.961861
6542011,311485,-22.961861
6547011,311463,-22.961861
6552011,311440,-24.005581
6557011,311418,-22.961861
6562011,311396,-22.961861
6567011,311374,-22.961861
6572011,311352,-22.961861
6577011,311330,-22.961861
6582011,311308,-22.961861
6587011,311286,-22.961861
6592011,311263,-24.005581
6597011,311241,-22.961861
6602011,311219,-22.961861
6607011,311197,-22.961861
6612011,311175,-22.961861
6617011,311153,-22.961861
6622011,311131,-22.961861
6627011,311109,-22.961861
6632011,311087,-22.961861
6637011,311064,-24.005581
6642011,311042,-22.961861
6647011,311020,-22.961861
6652011,310998,-22.961861
6657011,310976,-22.961861
6662011,310954,-22.961861
6667011,310932,-22.961861
6672011,310910,-22.961861
6677011,310888,-22.961861
6682011,310866,-22.961861
6687011,310843,-24.005581
6692011,310821,-22.961861
6697011,310799,-22.961861
6702011,310777,-22.961861
6707011,310755,-22.961861
6712011,310733,-22.961861
6717011,310711,-22.961861
6722011,310689,-22.961861
6727011,310667,-22.961861
6732011,310645,-22.961861
6737011,310623,-22.961861
6742011,310601,-22.961861
6747011,310579,-22.961861
6752011,310557,-22.961861
6757011,310535,-22.961861
6762011,310512,-24.005581
6767011,310490,-22.961861
6772011,310468,-22.961861
6777011,310446,-22.961861
6782011,310424,-22.961861
6787011,310402,-22.961861
6792011,310380,-22.961861
6797011,310358,-22.961861
6802011,310336,-22.961861
6807011,310314,-22.961861
6812011,310292,-22.961861
6817011,310270,-22.961861
6822011,310248,-22.961861
6827011,310225,-24.005581
6832011,310203,-22.961861
6837011,310181,-22.961861
6842011,310159,-22.961861
6847011,310137,-22.961861
6852011,310115,-22.961861
6857011,310093,-22.961861
6862011,310071,-22.961861
6867011,310049,-22.961861
6872011,310026,-24.005581
6877011,310004,-22.961861
6882011,309982,-22.961861
6887011,309960,-22.961861
6892011,309938,-22.961861
6897011,309916,-22.961861
6902011,309894,-22.961861
6907011,309872,-22.961861
6912011,309850,-22.961861
6917011,309828,-22.961861
6922011,309805,-24.005581
6927011,309783,-22.961861
6932011,309761,-22.961861
6937011,309739,-22.961861
6942011,309717,-22.961861
6947011,309695,-22.961861
6952011,309673,-22.961861
6957011,309650,-24.005581
6962011,309628,-22.961861
6967011,309606,-22.961861
6972011,309584,-22.961861
6977011,309562,-22.961861
6982011,309540,-22.961861
6987011,309518,-22.961861
6992011,309495,-24.005581
6997011,309473,-22.961861
7002011,309451,-22.961861
7007011,309429,-22.961861
7012011,309407,-22.961861
7017011,309385,-22.961861
7022011,309363,-22.961861
7027011,309341,-22.961861
7032011,309318,-24.005581
7037011,309296,-22.961861
7042011,309274,-22.961861
7047011,309252,-22.961861
7052011,309230,-22.961861
7057011,309208,-22.961861
7062011,309186,-22.961861
7067011,309164,-22.961861
7072011,309142,-22.961861
7077011,309120,-22.961861
7082011,309097,-24.005581
7087011,309075,-22.961861
7092011,309053,-22.961861
7097011,309031,-22.961861
7102011,309009,-22.961861
7107011,308987,-22.961861
7112011,308965,-22.961861
7117011,308943,-22.961861
7122011,308920,-24.005581
7127011,308898,-22.961861
7132011,308876,-22.961861
7137011,308854,-22.961861
7142011,308832,-22.961861
7147011,308810,-22.961861
7152011,308788,-22.961861
7157011,308766,-22.961861
7162011,308744,-22.961861
7167011,308721,-24.005581
7172011,308699,-22.961861
7177011,308677,-22.961861
7182011,308655,-22.961861
7187011,308633,-22.961861
7192011,308611,-22.961861
7197011,308589,-22.961861
7202011,308566,-24.005581
7207011,308544,-22.961861
7212011,308522,-22.961861
7217011,308500,-22.961861
7222011,308478,-22.961861
7227011,308456,-22.961861
7232011,308434,-22.961861
7237011,308412,-22.961861
7242011,308390,-22.961861
7247011,308367,-24.005581
7252011,308345,-22.961861
7257011,308323,-22.961861
7262011,308301,-22.961861
7267011,308279,-22.961861
7272011,308257,-22.961861
7277011,308235,-22.961861
7282011,308212,-24.005581
7287011,308190,-22.961861
7292011,308168,-22.961861
7297011,308146,-22.961861
7302011,308124,-22.961861
7307011,308102,-22.961861
7312011,308079,-24.005581
7317011,308057,-22.961861
7322011,308035,-22.961861
7327011,308013,-22.961861
7332011,307991,-22.961861
7337011,307968,-24.005581
7342011,307946,-22.961861
7347011,307924,-22.961861
7352011,307902,-22.961861
7357011,307880,-22.961861
7362011,307857,-24.005581
7367011,307835,-22.961861
7372011,307813,-22.961861
7377011,307791,-22.961861
7382011,307769,-22.961861
7387011,307746,-24.005581
7392011,307724,-22.961861
7397011,307702,-22.961861
7402011,307680,-22.961861
7407011,307658,-22.961861
7412011,307636,-22.961861
7417011,307613,-24.005581
7422011,307591,-22.961861
7427011,307569,-22.961861
7432011,307547,-22.961861
7437011,307525,-22.961861
7442011,307503,-22.961861
7447011,307480,-24.005581
7452011,307458,-22.961861
7457011,307436,-22.961861
7462011,307414,-22.961861
7467011,307392,-22.961861
7472011,307370,-22.961861
7477011,307348,-22.961861
7482011,307326,-22.961861
7487011,307304,-22.961861
7492011,307281,-24.005581
7497011,307259,-22.961861
7502011,307237,-22.961861
7507011,307215,-22.961861
7512011,307193,-22.961861
7517011,307171,-22.961861
7522011,307149,-22.961861
7527011,307126,-24.005581
7532011,307104,-22.961861
7537011,307082,-22.961861
7542011,307060,-22.961861
7547011,307038,-22.961861
7552011,307016,-22.961861
7557011,306994,-22.961861
7562011,306972,-22.961861
7567011,306949,-24.005581
7572011,306927,-22.961861
7577011,306905,-22.961861
7582011,306883,-22.961861
7587011,306861,-22.961861
7592011,306838,-24.005581
7597011,306816,-22.961861
7602011,306794,-22.961861
7607011,306772,-22.961861
7612011,306750,-22.961861
7617011,306728,-22.961861
7622011,306705,-24.005581
7627011,306683,-22.961861
7632011,306661,-22.961861
7637011,306639,-22.961861
7642011,306617,-22.961861
7647011,306595,-22.961861
7652011,306573,-22.961861
7657011,306550,-24.005581
7662011,306528,-22.961861
7667011,306506,-22.961861
7672011,306484,-22.961861
7677011,306462,-22.961861
7682011,306440,-22.961861
7687011,306418,-22.961861
7692011,306395,-24.005581
7697011,306373,-22.961861
7702011,306351,-22.961861
7707011,306329,-22.961861
7712011,306307,-22.961861
7717011,306285,-22.961861
7722011,306263,-22.961861
7727011,306240,-24.005581
7732011,306218,-22.961861
7737011,306196,-22.961861
7742011,306174,-22.961861
7747011,306151,-24.005581
7752011,306129,-22.961861
7757011,306107,-22.961861
7762011,306085,-22.961861
7767011,306062,-24.005581
7772011,306040,-22.961861
7777011,306018,-22.961861
7782011,305996,-22.961861
7787011,305973,-24.005581
7792011,305951,-22.961861
7797011,305929,-22.961861
7802011,305906,-24.005581
7807011,305884,-22.961861
7812011,305862,-22.961861
7817011,305839,-24.005581
7822011,305817,-22.961861
7827011,305794,-24.005581
7832011,305772,-22.961861
7837011,305750,-22.961861
7842011,305727,-24.005581
7847011,305705,-22.961861
7852011,305682,-24.005581
7857011,305660,-22.961861
7862011,305638,-22.961861
7867011,305615,-24.005581
7872011,305593,-22.961861
7877011,305571,-22.961861
7882011,305548,-24.005581
7887011,305526,-22.961861
7892011,305503,-24.005581
7897011,305481,-22.961861
7902011,305459,-22.961861
7907011,305436,-24.005581
7912011,305414,-22.961861
7917011,305391,-24.005581
7922011,305369,-22.961861
7927011,305347,-22.961861
7932011,305324,-24.005581
7937011,305302,-22.961861
7942011,305279,-24.005581
7947011,305257,-22.961861
7952011,305234,-24.005581
7957011,305212,-22.961861
7962011,305189,-24.005581
7967011,305167,-22.961861
7972011,305145,-22.961861
7977011,305122,-24.005581
7982011,305100,-22.961861
7987011,305077,-24.005581
7992011,305055,-22.961861
7997011,305032,-24.005581
8002011,305010,-22.961861
8007011,304988,-22.961861
8012011,304965,-24.005581
8017011,304943,-22.961861
8022011,304920,-24.005581
8027011,304898,-22.961861
8032011,304876,-22.961861
8037011,304853,-24.005581
8042011,304831,-22.961861
8047011,304808,-24.005581
8052011,304786,-22.961861
8057011,304764,-22.961861
8062011,304741,-24.005581
8067011,304719,-22.961861
8072011,304697,-22.961861
8077011,304674,-24.005581
8082011,304652,-22.961861
8087011,304629,-24.005581
8092011,304607,-22.961861
8097011,304585,-22.961861
8102011,304562,-24.005581
8107011,304540,-22.961861
8112011,304518,-22.961861
8117011,304495,-24.005581
8122011,304473,-22.961861
8127011,304451,-22.961861
8132011,304428,-24.005581
8137011,304406,-22.961861
8142011,304384,-22.961861
8147011,304361,-24.005581
8152011,304339,-22.961861
8157011,304316,-24.005581
8162011,304294,-22.961861
8167011,304272,-22.961861
8172011,304249,-24.005581
8177011,304227,-22.961861
8182011,304205,-22.961861
8187011,304182,-24.005581
8192011,304160,-22.961861
8197011,304138,-22.961861
8202011,304115,-24.005581
8207011,304093,-22.961861
8212011,304071,-22.961861
8217011,304048,-24.005581
8222011,304026,-22.961861
8227011,304004,-22.961861
8232011,303981,-24.005581
8237011,303959,-22.961861
8242011,303937,-22.961861
8247011,303914,-24.005581
8252011,303892,-22.961861
8257011,303870,-22.961861
8262011,303847,-24.005581
8267011,303825,-22.961861
8272011,303803,-22.961861
8277011,303780,-24.005581
8282011,303758,-22.961861
8287011,303736,-22.961861
8292011,303714,-22.961861
8297011,303691,-24.005581
8302011,303669,-22.961861
8307011,303647,-22.961861
8312011,303624,-24.005581
8317011,303602,-22.961861
8322011,303580,-22.961861
8327011,303557,-24.005581
8332011,303535,-22.961861
8337011,303513,-22.961861
8342011,303490,-24.005581
8347011,303468,-22.961861
8352011,303446,-22.961861
8357011,303424,-22.961861
8362011,303401,-24.005581
8367011,303379,-22.961861
8372011,303357,-22.961861
8377011,303334,-24.005581
8382011,303312,-22.961861
8387011,303290,-22.961861
8392011,303267,-24.005581
8397011,303245,-22.961861
8402011,303223,-22.961861
8407011,303201,-22.961861
8412011,303178,-24.005581
8417011,303156,-22.961861
8422011,303134,-22.961861
8427011,303111,-24.005581
8432011,303089,-22.961861
8437011,303067,-22.961861
8442011,303045,-22.961861
8447011,303022,-24.005581
8452011,303000,-22.961861
8457011,302978,-22.961861
8462011,302956,-22.961861
8467011,302933,-24.005581
8472011,302911,-22.961861
8477011,302889,-22.961861
8482011,302866,-24.005581
8487011,302844,-22.961861
8492011,302822,-22.961861
8497011,302799,-24.005581
8502011,302777,-22.961861
8507011,302755,-22.961861
8512011,302733,-22.961861
8517011,302710,-24.005581
8522011,302688,-22.961861
8527011,302666,-22.961861
8532011,302643,-24.005581
8537011,302621,-22.961861
8542011,302599,-22.961861
8547011,302577,-22.961861
8552011,302554,-24.005581
8557011,302532,-22.961861
8562011,302510,-22.961861
8567011,302487,-24.005581
8572011,302465,-22.961861
8577011,302443,-22.961861
8582011,302421,-22.961861
8587011,302398,-24.005581
8592011,302376,-22.961861
8597011,302354,-22.961861
8602011,302331,-24.005581
8607011,302309,-22.961861
8612011,302287,-22.961861
8617011,302265,-22.961861
8622011,302242,-24.005581
8627011,302220,-22.961861
8632011,302198,-22.961861
8637011,302175,-24.005581
8642011,302153,-22.961861
8647011,302131,-22.961861
8652011,302109,-22.961861
8657011,302086,-24.005581
8662011,302064,-22.961861
8667011,302042,-22.961861
8672011,302019,-24.005581
8677011,301997,-22.961861
8682011,301975,-22.961861
8687011,301952,-24.005581
8692011,301930,-22.961861
8697011,301908,-22.961861
8702011,301886,-22.961861
8707011,301863,-24.005581
8712011,301841,-22.961861
8717011,301819,-22.961861
8722011,301796,-24.005581
8727011,301774,-22.961861
8732011,301752,-22.961861
8737011,301729,-24.005581
8742011,301707,-22.961861
8747011,301684,-24.005581
8752011,301662,-22.961861
8757011,301640,-22.961861
8762011,301617,-24.005581
8767011,301595,-22.961861
8772011,301573,-22.961861
8777011,301550,-24.005581
8782011,301528,-22.961861
8787011,301505,-24.005581
8792011,301483,-22.961861
8797011,301461,-22.961861
8802011,301438,-24.005581
8807011,301416,-22.961861
8812011,301394,-22.961861
8817011,301371,-24.005581
8822011,301349,-22.961861
8827011,301327,-22.961861
8832011,301304,-24.005581
8837011,301282,-22.961861
8842011,301259,-24.005581
8847011,301237,-22.961861
8852011,301214,-24.005581
8857011,301192,-22.961861
8862011,301170,-22.961861
8867011,301147,-24.005581
8872011,301125,-22.961861
8877011,301102,-24.005581
8882011,301080,-22.961861
8887011,301057,-24.005581
8892011,301035,-22.961861
8897011,301012,-24.005581
8902011,300990,-22.961861
8907011,300968,-22.961861
8912011,300945,-24.005581
8917011,300923,-22.961861
8922011,300900,-24.005581
8927011,300878,-22.961861
8932011,300855,-24.005581
8937011,300833,-22.961861
8942011,300810,-24.005581
8947011,300788,-22.961861
8952011,300765,-24.005581
8957011,300743,-22.961861
8962011,300720,-24.005581
8967011,300698,-22.961861
8972011,300675,-24.005581
8977011,300653,-22.961861
8982011,300630,-24.005581
8987011,300608,-22.961861
8992011,300585,-24.005581
8997011,300563,-22.961861
9002011,300541,-22.961861
9007011,300518,-24.005581
9012011,300496,-22.961861
9017011,300473,-24.005581
9022011,300451,-22.961861
9027011,300428,-24.005581
9032011,300406,-22.961861
9037011,300383,-24.005581
9042011,300361,-22.961861
9047011,300338,-24.005581
9052011,300316,-22.961861
9057011,300293,-24.005581
9062011,300271,-22.961861
9067011,300249,-22.961861
9072011,300226,-24.005581
9077011,300204,-22.961861
9082011,300181,-24.005581
9087011,300159,-22.961861
9092011,300136,-24.005581
9097011,300114,-22.961861
9102011,300091,-24.005581
9107011,300069,-22.961861
9112011,300046,-24.005581
9117011,300024,-22.961861
9122011,300001,-24.005581
9127011,299979,-22.961861
9132011,299956,-24.005581
9137011,299934,-22.961861
9142011,299912,-22.961861
9147011,299889,-24.005581
9152011,299866,-24.005581
9157011,299844,-22.961861
9162011,299822,-22.961861
9167011,299799,-24.005581
9172011,299777,-22.961861
9177011,299754,-24.005581
9182011,299732,-22.961861
9187011,299709,-24.005581
9192011,299687,-22.961861
9197011,299664,-24.005581
9202011,299642,-22.961861
9207011,299619,-24.005581
9212011,299597,-22.961861
9217011,299574,-24.005581
9222011,299552,-22.961861
9227011,299529,-24.005581
9232011,299507,-22.961861
9237011,299484,-24.005581
9242011,299462,-22.961861
9247011,299440,-22.961861
9252011,299417,-24.005581
9257011,299395,-22.961861
9262011,299372,-24.005581
9267011,299350,-22.961861
9272011,299327,-24.005581
9277011,299305,-22.961861
9282011,299282,-24.005581
9287011,299260,-22.961861
9292011,299237,-24.005581
9297011,299215,-22.961861
9302011,299192,-24.005581
9307011,299170,-22.961861
9312011,299147,-24.005581
9317011,299125,-22.961861
9322011,299102,-24.005581
9327011,299080,-22.961861
9332011,299057,-24.005581
9337011,299035,-22.961861
9342011,299012,-24.005581
9347011,298990,-22.961861
9352011,298967,-24.005581
9357011,298945,-22.961861
9362011,298922,-24.005581
9367011,298900,-22.961861
9372011,298877,-24.005581
9377011,298855,-22.961861
9382011,298832,-24.005581
9387011,298810,-22.961861
9392011,298787,-24.005581
9397011,298765,-22.961861
9402011,298742,-24.005581
9407011,298720,-22.961861
9412011,298698,-22.961861
9417011,298675,-24.005581
9422011,298653,-22.961861
9427011,298630,-24.005581
9432011,298608,-22.961861
9437011,298585,-24.005581
9442011,298563,-22.961861
9447011,298540,-24.005581
9452011,298518,-22.961861
9457011,298495,-24.005581
9462011,298473,-22.961861
9467011,298450,-24.005581
9472011,298428,-22.961861
9477011,298405,-24.005581
9482011,298383,-22.961861
9487011,298360,-24.005581
9492011,298338,-22.961861
9497011,298316,-22.961861
9502011,298293,-24.005581
9507011,298271,-22.961861
9512011,298248,-24.005581
9517011,298226,-22.961861
9522011,298203,-24.005581
9527011,298181,-22.961861
9532011,298158,-24.005581
9537011,298136,-22.961861
9542011,298114,-22.961861
9547011,298091,-24.005581
9552011,298069,-22.961861
9557011,298046,-24.005581
9562011,298024,-22.961861
9567011,298002,-22.961861
9572011,297979,-24.005581
9577011,297957,-22.961861
9582011,297934,-24.005581
9587011,297912,-22.961861
9592011,297890,-22.961861
9597011,297867,-24.005581
9602011,297844,-24.005581
9607011,297822,-22.961861
9612011,297800,-22.961861
9617011,297777,-24.005581
9622011,297755,-22.961861
9627011,297732,-24.005581
9632011,297710,-22.961861
9637011,297688,-22.961861
9642011,297665,-24.005581
9647011,297643,-22.961861
9652011,297620,-24.005581
9657011,297598,-22.961861
9662011,297575,-24.005581
9667011,297553,-22.961861
9672011,297530,-24.005581
9677011,297508,-22.961861
9682011,297485,-24.005581
9687011,297463,-22.961861
9692011,297440,-24.005581
9697011,297418,-22.961861
9702011,297395,-24.005581
9707011,297373,-22.961861
9712011,297350,-24.005581
9717011,297328,-22.961861
9722011,297306,-22.961861
9727011,297283,-24.005581
9732011,297261,-22.961861
9737011,297238,-24.005581
9742011,297216,-22.961861
9747011,297193,-24.005581
9752011,297171,-22.961861
9757011,297148,-24.005581
9762011,297126,-22.961861
9767011,297103,-24.005581
9772011,297081,-22.961861
9777011,297058,-24.005581
9782011,297036,-22.961861
9787011,297014,-22.961861
9792011,296991,-24.005581
9797011,296969,-22.961861
9802011,296946,-24.005581
9807011,296924,-22.961861
9812011,296901,-24.005581
9817011,296879,-22.961861
9822011,296856,-24.005581
9827011,296834,-22.961861
9832011,296811,-24.005581
9837011,296789,-22.961861
9842011,296766,-24.005581
9847011,296744,-22.961861
9852011,296721,-24.005581
9857011,296699,-22.961861
9862011,296676,-24.005581
9867011,296654,-22.961861
9872011,296632,-22.961861
9877011,296609,-24.005581
9882011,296587,-22.961861
9887011,296564,-24.005581
9892011,296542,-22.961861
9897011,296519,-24.005581
9902011,296497,-22.961861
9907011,296474,-24.005581
9912011,296452,-22.961861
9917011,296429,-24.005581
9922011,296407,-22.961861
9927011,296384,-24.005581
9932011,296362,-22.961861
9937011,296340,-22.961861
9942011,296317,-24.005581
9947011,296295,-22.961861
9952011,296272,-24.005581
9957011,296250,-22.961861
9962011,296228,-22.961861
9967011,296205,-24.005581
9972011,296183,-22.961861
9977011,296160,-24.005581
9982011,296138,-22.961861
9987011,296115,-24.005581
9992011,296093,-22.961861
9997011,296071,-22.961861
10002011,296048,-24.005581
10007011,296026,-22.961861
10012011,296003,-24.005581
10017011,295981,-22.961861
10022011,295959,-22.961861
10027011,295936,-24.005581
10032011,295914,-22.961861
10037011,295891,-24.005581
10042011,295869,-22.961861
10047011,295847,-22.961861
10052011,295824,-24.005581
10057011,295802,-22.961861
10062011,295779,-24.005581
10067011,295757,-22.961861
10072011,295734,-24.005581
10077011,295712,-22.961861
10082011,295690,-22.961861
10087011,295667,-24.005581
10092011,295645,-22.961861
10097011,295622,-24.005581
10102011,295600,-22.961861
10107011,295578,-22.961861
10112011,295555,-24.005581
10117011,295533,-22.961861
10122011,295511,-22.961861
10127011,295489,-22.961861
10132011,295466,-24.005581
10137011,295444,-22.961861
10142011,295422,-22.961861
10147011,295399,-24.005581
10152011,295377,-22.961861
10157011,295354,-24.005581
10162011,295332,-22.961861
10167011,295309,-24.005581
10172011,295287,-22.961861
10177011,295265,-22.961861
10182011,295242,-24.005581
10187011,295220,-22.961861
10192011,295197,-24.005581
10197011,295175,-22.961861
10202011,295153,-22.961861
10207011,295130,-24.005581
10212011,295108,-22.961861
10217011,295085,-24.005581
10222011,295063,-22.961861
10227011,295041,-22.961861
10232011,295018,-24.005581
10237011,294996,-22.961861
10242011,294973,-24.005581
10247011,294951,-22.961861
10252011,294928,-24.005581
10257011,294906,-22.961861
10262011,294883,-24.005581
10267011,294861,-22.961861
10272011,294838,-24.005581
10277011,294816,-22.961861
10282011,294794,-22.961861
10287011,294771,-24.005581
10292011,294749,-22.961861
10297011,294726,-24.005581
10302011,294704,-22.961861
10307011,294681,-24.005581
10312011,294659,-22.961861
