
Time_us,Position,Speed_rad_per_s
1312008,169045,0.000000
1317008,169044,-1.043721
1322008,169041,-3.131163
1327008,169037,-4.174884
1332008,169031,-6.262325
1337008,169023,-8.349768
1342008,169014,-9.393488
1347008,169004,-10.437209
1352008,168993,-11.480930
1357008,168981,-12.524651
1362008,168967,-14.612093
1367008,168953,-14.612093
1372008,168938,-15.655814
1377008,168922,-16.699535
1382008,168906,-16.699535
1387008,168889,-17.743256
1392008,168871,-18.786976
1397008,168853,-18.786976
1402008,168834,-19.830698
1407008,168815,-19.830698
1412008,168795,-20.874418
1417008,168775,-20.874418
1422008,168754,-21.918139
1427008,168733,-21.918139
1432008,168712,-21.918139
1437008,168690,-22.961861
1442008,168668,-22.961861
1447008,168646,-22.961861
1452008,168623,-24.005581
1457008,168601,-22.961861
1462008,168578,-24.005581
1467008,168555,-24.005581
1472008,168532,-24.005581
1477008,168508,-25.049301
1482008,168485,-24.005581
1487008,168461,-25.049301
1492008,168437,-25.049301
1497008,168413,-25.049301
1502008,168389,-25.049301
1507008,168365,-25.049301
1512008,168341,-25.049301
1517008,168317,-25.049301
1522008,168293,-25.049301
1527008,168268,-26.093023
1532008,168243,-26.093023
1537008,168219,-25.049301
1542008,168194,-26.093023
1547008,168169,-26.093023
1552008,168145,-25.049301
1557008,168120,-26.093023
1562008,168095,-26.093023
1567008,168070,-26.093023
1572008,168045,-26.093023
1577008,168020,-26.093023
1582008,167995,-26.093023
1587008,167970,-26.093023
1592008,167945,-26.093023
1597008,167919,-27.136744
1602008,167894,-26.093023
1607008,167869,-26.093023
1612008,167844,-26.093023
1617008,167818,-27.136744
1622008,167793,-26.093023
1627008,167767,-27.136744
1632008,167742,-26.093023
1637008,167717,-26.093023
1642008,167691,-27.136744
1647008,167666,-26.093023
1652008,167640,-27.136744
1657008,167615,-26.093023
1662008,167589,-27.136744
1667008,167564,-26.093023
1672008,167538,-27.136744
1677008,167513,-26.093023
1682008,167487,-27.136744
1687008,167461,-27.136744
1692008,167436,-26.093023
1697008,167410,-27.136744
1702008,167385,-26.093023
1707008,167359,-27.136744
1712008,167333,-27.136744
1717008,167308,-26.093023
1722008,167282,-27.136744
1727008,167256,-27.136744
1732008,167231,-26.093023
1737008,167205,-27.136744
1742008,167179,-27.136744
1747008,167154,-26.093023
1752008,167128,-27.136744
1757008,167102,-27.136744
1762008,167077,-26.093023
1767008,167051,-27.136744
1772008,167025,-27.136744
1777008,166999,-27.136744
1782008,166973,-27.136744
1787008,166948,-26.093023
1792008,166922,-27.136744
1797008,166896,-27.136744
1802008,166871,-26.093023
1807008,166845,-27.136744
1812008,166819,-27.136744
1817008,166793,-27.136744
1822008,166767,-27.136744
1827008,166742,-26.093023
1832008,166716,-27.136744
1837008,166690,-27.136744
1842008,166664,-27.136744
1847008,166639,-26.093023
1852008,166613,-27.136744
1857008,166587,-27.136744
1862008,166561,-27.136744
1867008,166535,-27.136744
1872008,166510,-26.093023
1877008,166484,-27.136744
1882008,166458,-27.136744
1887008,166432,-27.136744
1892008,166406,-27.136744
1897008,166380,-27.136744
1902008,166355,-26.093023
1907008,166329,-27.136744
1912008,166303,-27.136744
1917008,166277,-27.136744
1922008,166251,-27.136744
1927008,166225,-27.136744
1932008,166200,-26.093023
1937008,166174,-27.136744
1942008,166148,-27.136744
1947008,166122,-27.136744
1952008,166096,-27.136744
1957008,166070,-27.136744
1962008,166045,-26.093023
1967008,166019,-27.136744
1972008,165993,-27.136744
1977008,165967,-27.136744
1982008,165941,-27.136744
1987008,165915,-27.136744
1992008,165889,-27.136744
1997008,165864,-26.093023
2002008,165838,-27.136744
2007008,165812,-27.136744
2012008,165786,-27.136744
2017008,165760,-27.136744
2022008,165734,-27.136744
2027008,165708,-27.136744
2032008,165683,-26.093023
2037008,165657,-27.136744
2042008,165631,-27.136744
2047008,165605,-27.136744
2052008,165579,-27.136744
2057008,165553,-27.136744
2062008,165527,-27.136744
2067008,165501,-27.136744
2072008,165476,-26.093023
2077008,165450,-27.136744
2082008,165424,-27.136744
2087008,165398,-27.136744
2092008,165372,-27.136744
2097008,165346,-27.136744
2102008,165320,-27.136744
2107008,165295,-26.093023
2112008,165269,-27.136744
2117008,165243,-27.136744
2122008,165217,-27.136744
2127008,165191,-27.136744
2132008,165165,-27.136744
2137008,165139,-27.136744
2142008,165113,-27.136744
2147008,165088,-26.093023
2152008,165062,-27.136744
2157008,165036,-27.136744
2162008,165010,-27.136744
2167008,164984,-27.136744
2172008,164958,-27.136744
2177008,164932,-27.136744
2182008,164907,-26.093023
2187008,164881,-27.136744
2192008,164855,-27.136744
2197008,164829,-27.136744
2202008,164803,-27.136744
2207008,164777,-27.136744
2212008,164751,-27.136744
2217008,164725,-27.136744
2222008,164700,-26.093023
2227008,164674,-27.136744
2232008,164648,-27.136744
2237008,164622,-27.136744
2242008,164596,-27.136744
2247008,164570,-27.136744
2252008,164544,-27.136744
2257008,164518,-27.136744
2262008,164493,-26.093023
2267008,164467,-27.136744
2272008,164441,-27.136744
2277008,164415,-27.136744
2282008,164389,-27.136744
2287008,164363,-27.136744
2292008,164337,-27.136744
2297008,164311,-27.136744
2302008,164285,-27.136744
2307008,164259,-27.136744
2312008,164234,-26.093023
2317008,164208,-27.136744
2322008,164182,-27.136744
2327008,164156,-27.136744
2332008,164130,-27.136744
2337008,164104,-27.136744
2342008,164078,-27.136744
2347008,164052,-27.136744
2352008,164026,-27.136744
2357008,164000,-27.136744
2362008,163974,-27.136744
2367008,163949,-26.093023
2372008,163923,-27.136744
2377008,163897,-27.136744
2382008,163871,-27.136744
2387008,163845,-27.136744
2392008,163819,-27.136744
2397008,163793,-27.136744
2402008,163767,-27.136744
2407008,163741,-27.136744
2412008,163715,-27.136744
2417008,163689,-27.136744
2422008,163664,-26.093023
2427008,163638,-27.136744
2432008,163612,-27.136744
2437008,163586,-27.136744
2442008,163560,-27.136744
2447008,163534,-27.136744
2452008,163508,-27.136744
2457008,163482,-27.136744
2462008,163456,-27.136744
2467008,163430,-27.136744
2472008,163405,-26.093023
2477008,163379,-27.136744
2482008,163353,-27.136744
2487008,163327,-27.136744
2492008,163301,-27.136744
2497008,163275,-27.136744
2502008,163249,-27.136744
2507008,163223,-27.136744
2512008,163197,-27.136744
2517008,163171,-27.136744
2522008,163145,-27.136744
2527008,163120,-26.093023
2532008,163094,-27.136744
2537008,163068,-27.136744
2542008,163042,-27.136744
2547008,163016,-27.136744
2552008,162990,-27.136744
2557008,162964,-27.136744
2562008,162938,-27.136744
2567008,162912,-27.136744
2572008,162886,-27.136744
2577008,162860,-27.136744
2582008,162835,-26.093023
2587008,162809,-27.136744
2592008,162783,-27.136744
2597008,162757,-27.136744
2602008,162731,-27.136744
2607008,162705,-27.136744
2612008,162679,-27.136744
2617008,162653,-27.136744
2622008,162627,-27.136744
2627008,162601,-27.136744
2632008,162575,-27.136744
2637008,162549,-27.136744
2642008,162524,-26.093023
2647008,162498,-27.136744
2652008,162472,-27.136744
2657008,162446,-27.136744
2662008,162420,-27.136744
2667008,162394,-27.136744
2672008,162368,-27.136744
2677008,162342,-27.136744
2682008,162316,-27.136744
2687008,162290,-27.136744
2692008,162264,-27.136744
2697008,162238,-27.136744
2702008,162213,-26.093023
2707008,162187,-27.136744
2712008,162161,-27.136744
2717008,162135,-27.136744
2722008,162109,-27.136744
2727008,162083,-27.136744
2732008,162057,-27.136744
2737008,162031,-27.136744
2742008,162005,-27.136744
2747008,161979,-27.136744
2752008,161953,-27.136744
2757008,161927,-27.136744
2762008,161902,-26.093023
2767008,161876,-27.136744
2772008,161850,-27.136744
2777008,161824,-27.136744
2782008,161798,-27.136744
2787008,161772,-27.136744
2792008,161746,-27.136744
2797008,161720,-27.136744
2802008,161694,-27.136744
2807008,161668,-27.136744
2812008,161642,-27.136744
2817008,161617,-26.093023
2822008,161591,-27.136744
2827008,161565,-27.136744
2832008,161539,-27.136744
2837008,161513,-27.136744
2842008,161487,-27.136744
2847008,161461,-27.136744
2852008,161435,-27.136744
2857008,161409,-27.136744
2862008,161383,-27.136744
2867008,161357,-27.136744
2872008,161332,-26.093023
2877008,161306,-27.136744
2882008,161280,-27.136744
2887008,161254,-27.136744
2892008,161228,-27.136744
2897008,161202,-27.136744
2902008,161176,-27.136744
2907008,161150,-27.136744
2912008,161125,-26.093023
2917008,161099,-27.136744
2922008,161073,-27.136744
2927008,161047,-27.136744
2932008,161021,-27.136744
2937008,160995,-27.136744
2942008,160969,-27.136744
2947008,160943,-27.136744
2952008,160917,-27.136744
2957008,160891,-27.136744
2962008,160865,-27.136744
2967008,160840,-26.093023
2972008,160814,-27.136744
2977008,160788,-27.136744
2982008,160762,-27.136744
2987008,160736,-27.136744
2992008,160710,-27.136744
2997008,160684,-27.136744
3002008,160658,-27.136744
3007008,160632,-27.136744
3012008,160606,-27.136744
3017008,160581,-26.093023
3022008,160555,-27.136744
3027008,160529,-27.136744
3032008,160503,-27.136744
3037008,160477,-27.136744
3042008,160451,-27.136744
3047008,160425,-27.136744
3052008,160399,-27.136744
3057008,160373,-27.136744
3062008,160347,-27.136744
3067008,160322,-26.093023
3072008,160296,-27.136744
3077008,160270,-27.136744
3082008,160244,-27.136744
3087008,160218,-27.136744
3092008,160192,-27.136744
3097008,160166,-27.136744
3102008,160140,-27.136744
3107008,160114,-27.136744
3112008,160088,-27.136744
3117008,160063,-26.093023
3122008,160037,-27.136744
3127008,160011,-27.136744
3132008,159985,-27.136744
3137008,159959,-27.136744
3142008,159933,-27.136744
3147008,159907,-27.136744
3152008,159881,-27.136744
3157008,159855,-27.136744
3162008,159829,-27.136744
3167008,159803,-27.136744
3172008,159778,-26.093023
3177008,159752,-27.136744
3182008,159726,-27.136744
3187008,159700,-27.136744
3192008,159674,-27.136744
3197008,159648,-27.136744
3202008,159622,-27.136744
3207008,159596,-27.136744
3212008,159570,-27.136744
3217008,159544,-27.136744
3222008,159518,-27.136744
3227008,159493,-26.093023
3232008,159467,-27.136744
3237008,159441,-27.136744
3242008,159415,-27.136744
3247008,159389,-27.136744
3252008,159363,-27.136744
3257008,159337,-27.136744
3262008,159311,-27.136744
3267008,159285,-27.136744
3272008,159259,-27.136744
3277008,159233,-27.136744
3282008,159207,-27.136744
3287008,159182,-26.093023
3292008,159156,-27.136744
3297008,159130,-27.136744
3302008,159104,-27.136744
3307008,159078,-27.136744
3312008,159052,-27.136744
3317008,159026,-27.136744
3322008,159000,-27.136744
3327008,158974,-27.136744
3332008,158948,-27.136744
3337008,158922,-27.136744
3342008,158897,-26.093023
3347008,158871,-27.136744
3352008,158845,-27.136744
3357008,158819,-27.136744
3362008,158793,-27.136744
3367008,158767,-27.136744
3372008,158741,-27.136744
3377008,158715,-27.136744
3382008,158689,-27.136744
3387008,158663,-27.136744
3392008,158637,-27.136744
3397008,158612,-26.093023
3402008,158586,-27.136744
3407008,158560,-27.136744
3412008,158534,-27.136744
3417008,158508,-27.136744
3422008,158482,-27.136744
3427008,158456,-27.136744
3432008,158430,-27.136744
3437008,158404,-27.136744
3442008,158379,-26.093023
3447008,158353,-27.136744
3452008,158327,-27.136744
3457008,158301,-27.136744
3462008,158275,-27.136744
3467008,158249,-27.136744
3472008,158223,-27.136744
3477008,158197,-27.136744
3482008,158171,-27.136744
3487008,158146,-26.093023
3492008,158120,-27.136744
3497008,158094,-27.136744
3502008,158068,-27.136744
3507008,158042,-27.136744
3512008,158016,-27.136744
3517008,157990,-27.136744
3522008,157964,-27.136744
3527008,157939,-26.093023
3532008,157913,-27.136744
3537008,157887,-27.136744
3542008,157861,-27.136744
3547008,157835,-27.136744
3552008,157809,-27.136744
3557008,157783,-27.136744
3562008,157757,-27.136744
3567008,157732,-26.093023
3572008,157706,-27.136744
3577008,157680,-27.136744
3582008,157654,-27.136744
3587008,157628,-27.136744
3592008,157602,-27.136744
3597008,157577,-26.093023
3602008,157551,-27.136744
3607008,157525,-27.136744
3612008,157499,-27.136744
3617008,157473,-27.136744
3622008,157447,-27.136744
3627008,157421,-27.136744
3632008,157395,-27.136744
3637008,157369,-27.136744
3642008,157344,-26.093023
3647008,157318,-27.136744
3652008,157292,-27.136744
3657008,157266,-27.136744
3662008,157240,-27.136744
3667008,157214,-27.136744
3672008,157188,-27.136744
3677008,157162,-27.136744
3682008,157137,-26.093023
3687008,157111,-27.136744
3692008,157085,-27.136744
3697008,157059,-27.136744
3702008,157033,-27.136744
3707008,157007,-27.136744
3712008,156981,-27.136744
3717008,156955,-27.136744
3722008,156929,-27.136744
3727008,156904,-26.093023
3732008,156878,-27.136744
3737008,156852,-27.136744
3742008,156826,-27.136744
3747008,156800,-27.136744
3752008,156774,-27.136744
3757008,156748,-27.136744
3762008,156722,-27.136744
3767008,156697,-26.093023
3772008,156671,-27.136744
3777008,156645,-27.136744
3782008,156619,-27.136744
3787008,156593,-27.136744
3792008,156567,-27.136744
3797008,156541,-27.136744
3802008,156515,-27.136744
3807008,156490,-26.093023
3812008,156464,-27.136744
3817008,156438,-27.136744
3822008,156412,-27.136744
3827008,156386,-27.136744
3832008,156360,-27.136744
3837008,156334,-27.136744
3842008,156308,-27.136744
3847008,156283,-26.093023
3852008,156257,-27.136744
3857008,156231,-27.136744
3862008,156205,-27.136744
3867008,156179,-27.136744
3872008,156153,-27.136744
3877008,156127,-27.136744
3882008,156101,-27.136744
3887008,156076,-26.093023
3892008,156050,-27.136744
3897008,156024,-27.136744
3902008,155998,-27.136744
3907008,155972,-27.136744
3912008,155946,-27.136744
3917008,155920,-27.136744
3922008,155895,-26.093023
3927008,155869,-27.136744
3932008,155843,-27.136744
3937008,155817,-27.136744
3942008,155791,-27.136744
3947008,155765,-27.136744
3952008,155739,-27.136744
3957008,155713,-27.136744
3962008,155687,-27.136744
3967008,155662,-26.093023
3972008,155636,-27.136744
3977008,155610,-27.136744
3982008,155584,-27.136744
3987008,155558,-27.136744
3992008,155532,-27.136744
3997008,155506,-27.136744
4002008,155480,-27.136744
4007008,155455,-26.093023
4012008,155429,-27.136744
4017008,155403,-27.136744
4022008,155377,-27.136744
4027008,155351,-27.136744
4032008,155325,-27.136744
4037008,155299,-27.136744
4042008,155273,-27.136744
4047008,155247,-27.136744
4052008,155221,-27.136744
4057008,155196,-26.093023
4062008,155170,-27.136744
4067008,155144,-27.136744
4072008,155118,-27.136744
4077008,155092,-27.136744
4082008,155066,-27.136744
4087008,155040,-27.136744
4092008,155014,-27.136744
4097008,154988,-27.136744
4102008,154963,-26.093023
4107008,154937,-27.136744
4112008,154911,-27.136744
4117008,154885,-27.136744
4122008,154859,-27.136744
4127008,154833,-27.136744
4132008,154807,-27.136744
4137008,154781,-27.136744
4142008,154755,-27.136744
4147008,154729,-27.136744
4152008,154704,-26.093023
4157008,154678,-27.136744
4162008,154652,-27.136744
4167008,154626,-27.136744
4172008,154600,-27.136744
4177008,154574,-27.136744
4182008,154548,-27.136744
4187008,154522,-27.136744
4192008,154496,-27.136744
4197008,154470,-27.136744
4202008,154444,-27.136744
4207008,154419,-26.093023
4212008,154393,-27.136744
4217008,154367,-27.136744
4222008,154341,-27.136744
4227008,154315,-27.136744
4232008,154289,-27.136744
4237008,154263,-27.136744
4242008,154237,-27.136744
4247008,154211,-27.136744
4252008,154185,-27.136744
4257008,154159,-27.136744
4262008,154133,-27.136744
4267008,154107,-27.136744
4272008,154081,-27.136744
4277008,154056,-26.093023
4282008,154030,-27.136744
4287008,154004,-27.136744
4292008,153978,-27.136744
4297008,153952,-27.136744
4302008,153926,-27.136744
4307008,153900,-27.136744
4312008,153874,-27.136744
4317008,153848,-27.136744
4322008,153822,-27.136744
4327008,153796,-27.136744
4332008,153771,-26.093023
4337008,153745,-27.136744
4342008,153719,-27.136744
4347008,153693,-27.136744
4352008,153667,-27.136744
4357008,153641,-27.136744
4362008,153615,-27.136744
4367008,153589,-27.136744
4372008,153563,-27.136744
4377008,153537,-27.136744
4382008,153511,-27.136744
4387008,153485,-27.136744
4392008,153460,-26.093023
4397008,153434,-27.136744
4402008,153408,-27.136744
4407008,153382,-27.136744
4412008,153356,-27.136744
4417008,153330,-27.136744
4422008,153304,-27.136744
4427008,153278,-27.136744
4432008,153252,-27.136744
4437008,153226,-27.136744
4442008,153200,-27.136744
4447008,153175,-26.093023
4452008,153149,-27.136744
4457008,153123,-27.136744
4462008,153097,-27.136744
4467008,153071,-27.136744
4472008,153045,-27.136744
4477008,153019,-27.136744
4482008,152993,-27.136744
4487008,152967,-27.136744
4492008,152941,-27.136744
4497008,152916,-26.093023
4502008,152890,-27.136744
4507008,152864,-27.136744
4512008,152838,-27.136744
4517008,152812,-27.136744
4522008,152786,-27.136744
4527008,152760,-27.136744
4532008,152734,-27.136744
4537008,152709,-26.093023
4542008,152683,-27.136744
4547008,152657,-27.136744
4552008,152631,-27.136744
4557008,152605,-27.136744
4562008,152579,-27.136744
4567008,152553,-27.136744
4572008,152527,-27.136744
4577008,152501,-27.136744
4582008,152476,-26.093023
4587008,152450,-27.136744
4592008,152424,-27.136744
4597008,152398,-27.136744
4602008,152372,-27.136744
4607008,152346,-27.136744
4612008,152320,-27.136744
4617008,152294,-27.136744
4622008,152269,-26.093023
4627008,152243,-27.136744
4632008,152217,-27.136744
4637008,152191,-27.136744
4642008,152165,-27.136744
4647008,152139,-27.136744
4652008,152113,-27.136744
4657008,152087,-27.136744
4662008,152061,-27.136744
4667008,152035,-27.136744
4672008,152010,-26.093023
4677008,151984,-27.136744
4682008,151958,-27.136744
4687008,151932,-27.136744
4692008,151906,-27.136744
4697008,151880,-27.136744
4702008,151854,-27.136744
4707008,151828,-27.136744
4712008,151803,-26.093023
4717008,151777,-27.136744
4722008,151751,-27.136744
4727008,151725,-27.136744
4732008,151699,-27.136744
4737008,151673,-27.136744
4742008,151647,-27.136744
4747008,151621,-27.136744
4752008,151596,-26.093023
4757008,151570,-27.136744
4762008,151544,-27.136744
4767008,151518,-27.136744
4772008,151492,-27.136744
4777008,151466,-27.136744
4782008,151441,-26.093023
4787008,151415,-27.136744
4792008,151389,-27.136744
4797008,151363,-27.136744
4802008,151337,-27.136744
4807008,151311,-27.136744
4812008,151285,-27.136744
4817008,151259,-27.136744
4822008,151234,-26.093023
4827008,151208,-27.136744
4832008,151182,-27.136744
4837008,151156,-27.136744
4842008,151130,-27.136744
4847008,151104,-27.136744
4852008,151078,-27.136744
4857008,151053,-26.093023
4862008,151027,-27.136744
4867008,151001,-27.136744
4872008,150975,-27.136744
4877008,150949,-27.136744
4882008,150923,-27.136744
4887008,150897,-27.136744
4892008,150871,-27.136744
4897008,150846,-26.093023
4902008,150820,-27.136744
4907008,150794,-27.136744
4912008,150768,-27.136744
4917008,150742,-27.136744
4922008,150716,-27.136744
4927008,150690,-27.136744
4932008,150664,-27.136744
4937008,150639,-26.093023
4942008,150613,-27.136744
4947008,150587,-27.136744
4952008,150561,-27.136744
4957008,150535,-27.136744
4962008,150509,-27.136744
4967008,150483,-27.136744
4972008,150457,-27.136744
4977008,150432,-26.093023
4982008,150406,-27.136744
4987008,150380,-27.136744
4992008,150354,-27.136744
4997008,150328,-27.136744
5002008,150302,-27.136744
5007008,150277,-26.093023
5012008,150251,-27.136744
5017008,150225,-27.136744
5022008,150199,-27.136744
5027008,150173,-27.136744
5032008,150147,-27.136744
5037008,150121,-27.136744
5042008,150096,-26.093023
5047008,150070,-27.136744
5052008,150044,-27.136744
5057008,150018,-27.136744
5062008,149992,-27.136744
5067008,149966,-27.136744
5072008,149940,-27.136744
5077008,149915,-26.093023
5082008,149889,-27.136744
5087008,149863,-27.136744
5092008,149837,-27.136744
5097008,149811,-27.136744
5102008,149785,-27.136744
5107008,149759,-27.136744
5112008,149733,-27.136744
5117008,149708,-26.093023
5122008,149682,-27.136744
5127008,149656,-27.136744
5132008,149630,-27.136744
5137008,149604,-27.136744
5142008,149578,-27.136744
5147008,149552,-27.136744
5152008,149526,-27.136744
5157008,149501,-26.093023
5162008,149475,-27.136744
5167008,149449,-27.136744
5172008,149423,-27.136744
5177008,149397,-27.136744
5182008,149371,-27.136744
5187008,149345,-27.136744
5192008,149319,-27.136744
5197008,149293,-27.136744
5202008,149267,-27.136744
5207008,149242,-26.093023
5212008,149216,-27.136744
5217008,149190,-27.136744
5222008,149164,-27.136744
5227008,149138,-27.136744
5232008,149112,-27.136744
5237008,149086,-27.136744
5242008,149060,-27.136744
5247008,149035,-26.093023
5252008,149009,-27.136744
5257008,148983,-27.136744
5262008,148957,-27.136744
5267008,148931,-27.136744
5272008,148905,-27.136744
5277008,148879,-27.136744
5282008,148853,-27.136744
5287008,148827,-27.136744
5292008,148802,-26.093023
5297008,148776,-27.136744
5302008,148750,-27.136744
5307008,148724,-27.136744
5312008,148698,-27.136744
5317008,148672,-27.136744
5322008,148646,-27.136744
5327008,148621,-26.093023
5332008,148595,-27.136744
5337008,148569,-27.136744
5342008,148543,-27.136744
5347008,148517,-27.136744
5352008,148491,-27.136744
5357008,148465,-27.136744
5362008,148439,-27.136744
5367008,148414,-26.093023
5372008,148388,-27.136744
5377008,148362,-27.136744
5382008,148336,-27.136744
5387008,148310,-27.136744
5392008,148284,-27.136744
5397008,148258,-27.136744
5402008,148232,-27.136744
5407008,148207,-26.093023
5412008,148181,-27.136744
5417008,148155,-27.136744
5422008,148129,-27.136744
5427008,148103,-27.136744
5432008,148077,-27.136744
5437008,148051,-27.136744
5442008,148025,-27.136744
5447008,148000,-26.093023
5452008,147974,-27.136744
5457008,147948,-27.136744
5462008,147922,-27.136744
5467008,147896,-27.136744
5472008,147870,-27.136744
5477008,147844,-27.136744
5482008,147819,-26.093023
5487008,147793,-27.136744
5492008,147767,-27.136744
5497008,147741,-27.136744
5502008,147715,-27.136744
5507008,147689,-27.136744
5512008,147663,-27.136744
5517008,147637,-27.136744
5522008,147611,-27.136744
5527008,147586,-26.093023
5532008,147560,-27.136744
5537008,147534,-27.136744
5542008,147508,-27.136744
5547008,147482,-27.136744
5552008,147456,-27.136744
5557008,147430,-27.136744
5562008,147404,-27.136744
5567008,147378,-27.136744
5572008,147353,-26.093023
5577008,147327,-27.136744
5582008,147301,-27.136744
5587008,147275,-27.136744
5592008,147249,-27.136744
5597008,147223,-27.136744
5602008,147197,-27.136744
5607008,147171,-27.136744
5612008,147145,-27.136744
5617008,147119,-27.136744
5622008,147093,-27.136744
5627008,147067,-27.136744
5632008,147042,-26.093023
5637008,147016,-27.136744
5642008,146990,-27.136744
5647008,146964,-27.136744
5652008,146938,-27.136744
5657008,146912,-27.136744
5662008,146886,-27.136744
5667008,146860,-27.136744
5672008,146834,-27.136744
5677008,146808,-27.136744
5682008,146782,-27.136744
5687008,146756,-27.136744
5692008,146731,-26.093023
5697008,146705,-27.136744
5702008,146679,-27.136744
5707008,146653,-27.136744
5712008,146627,-27.136744
5717008,146601,-27.136744
5722008,146575,-27.136744
5727008,146549,-27.136744
5732008,146523,-27.136744
5737008,146497,-27.136744
5742008,146471,-27.136744
5747008,146445,-27.136744
5752008,146420,-26.093023
5757008,146394,-27.136744
5762008,146368,-27.136744
5767008,146342,-27.136744
5772008,146316,-27.136744
5777008,146290,-27.136744
5782008,146264,-27.136744
5787008,146238,-27.136744
5792008,146212,-27.136744
5797008,146186,-27.136744
5802008,146160,-27.136744
5807008,146134,-27.136744
5812008,146109,-26.093023
5817008,146083,-27.136744
5822008,146057,-27.136744
5827008,146031,-27.136744
5832008,146005,-27.136744
5837008,145979,-27.136744
5842008,145953,-27.136744
5847008,145927,-27.136744
5852008,145901,-27.136744
5857008,145875,-27.136744
5862008,145849,-27.136744
5867008,145823,-27.136744
5872008,145798,-26.093023
5877008,145772,-27.136744
5882008,145746,-27.136744
5887008,145720,-27.136744
5892008,145694,-27.136744
5897008,145668,-27.136744
5902008,145642,-27.136744
5907008,145616,-27.136744
5912008,145590,-27.136744
5917008,145564,-27.136744
5922008,145539,-26.093023
5927008,145513,-27.136744
5932008,145487,-27.136744
5937008,145461,-27.136744
5942008,145435,-27.136744
5947008,145409,-27.136744
5952008,145383,-27.136744
5957008,145357,-27.136744
5962008,145331,-27.136744
5967008,145306,-26.093023
5972008,145280,-27.136744
5977008,145254,-27.136744
5982008,145228,-27.136744
5987008,145202,-27.136744
5992008,145176,-27.136744
5997008,145150,-27.136744
6002008,145125,-26.093023
6007008,145099,-27.136744
6012008,145073,-27.136744
6017008,145047,-27.136744
6022008,145021,-27.136744
6027008,144995,-27.136744
6032008,144969,-27.136744
6037008,144943,-27.136744
6042008,144918,-26.093023
6047008,144892,-27.136744
6052008,144866,-27.136744
6057008,144840,-27.136744
6062008,144814,-27.136744
6067008,144788,-27.136744
6072008,144763,-26.093023
6077008,144737,-27.136744
6082008,144711,-27.136744
6087008,144685,-27.136744
6092008,144659,-27.136744
6097008,144633,-27.136744
6102008,144607,-27.136744
6107008,144581,-27.136744
6112008,144555,-27.136744
6117008,144530,-26.093023
6122008,144504,-27.136744
6127008,144478,-27.136744
6132008,144452,-27.136744
6137008,144426,-27.136744
6142008,144400,-27.136744
6147008,144374,-27.136744
6152008,144349,-26.093023
6157008,144323,-27.136744
6162008,144297,-27.136744
6167008,144271,-27.136744
6172008,144245,-27.136744
6177008,144219,-27.136744
6182008,144193,-27.136744
6187008,144167,-27.136744
6192008,144141,-27.136744
6197008,144116,-26.093023
6202008,144090,-27.136744
6207008,144064,-27.136744
6212008,144038,-27.136744
6217008,144012,-27.136744
6222008,143986,-27.136744
6227008,143960,-27.136744
6232008,143934,-27.136744
6237008,143909,-26.093023
6242008,143883,-27.136744
6247008,143857,-27.136744
6252008,143831,-27.136744
6257008,143805,-27.136744
6262008,143779,-27.136744
6267008,143753,-27.136744
6272008,143727,-27.136744
6277008,143701,-27.136744
6282008,143675,-27.136744
6287008,143650,-26.093023
6292008,143624,-27.136744
6297008,143598,-27.136744
6302008,143572,-27.136744
6307008,143546,-27.136744
6312008,143520,-27.136744
6317008,143494,-27.136744
6322008,143468,-27.136744
6327008,143443,-26.093023
6332008,143417,-27.136744
6337008,143391,-27.136744
6342008,143365,-27.136744
6347008,143339,-27.136744
6352008,143313,-27.136744
6357008,143287,-27.136744
6362008,143261,-27.136744
6367008,143235,-27.136744
6372008,143209,-27.136744
6377008,143183,-27.136744
6382008,143158,-26.093023
6387008,143132,-27.136744
6392008,143106,-27.136744
6397008,143080,-27.136744
6402008,143054,-27.136744
6407008,143028,-27.136744
6412008,143002,-27.136744
6417008,142976,-27.136744
6422008,142950,-27.136744
6427008,142924,-27.136744
6432008,142898,-27.136744
6437008,142873,-26.093023
6442008,142847,-27.136744
6447008,142821,-27.136744
6452008,142795,-27.136744
6457008,142769,-27.136744
6462008,142743,-27.136744
6467008,142717,-27.136744
6472008,142691,-27.136744
6477008,142665,-27.136744
6482008,142639,-27.136744
6487008,142613,-27.136744
6492008,142587,-27.136744
6497008,142561,-27.136744
6502008,142536,-26.093023
6507008,142510,-27.136744
6512008,142484,-27.136744
6517008,142458,-27.136744
6522008,142432,-27.136744
6527008,142406,-27.136744
6532008,142380,-27.136744
6537008,142354,-27.136744
6542008,142328,-27.136744
6547008,142302,-27.136744
6552008,142277,-26.093023
6557008,142251,-27.136744
6562008,142225,-27.136744
6567008,142199,-27.136744
6572008,142173,-27.136744
6577008,142147,-27.136744
6582008,142121,-27.136744
6587008,142095,-27.136744
6592008,142069,-27.136744
6597008,142043,-27.136744
6602008,142017,-27.136744
6607008,141991,-27.136744
6612008,141966,-26.093023
6617008,141940,-27.136744
6622008,141914,-27.136744
6627008,141888,-27.136744
6632008,141862,-27.136744
6637008,141836,-27.136744
6642008,141810,-27.136744
6647008,141784,-27.136744
6652008,141758,-27.136744
6657008,141732,-27.136744
6662008,141706,-27.136744
6667008,141681,-26.093023
6672008,141655,-27.136744
6677008,141629,-27.136744
6682008,141603,-27.136744
6687008,141577,-27.136744
6692008,141551,-27.136744
6697008,141525,-27.136744
6702008,141499,-27.136744
6707008,141473,-27.136744
6712008,141448,-26.093023
6717008,141422,-27.136744
6722008,141396,-27.136744
6727008,141370,-27.136744
6732008,141344,-27.136744
6737008,141318,-27.136744
6742008,141292,-27.136744
6747008,141266,-27.136744
6752008,141241,-26.093023
6757008,141215,-27.136744
6762008,141189,-27.136744
6767008,141163,-27.136744
6772008,141137,-27.136744
6777008,141111,-27.136744
6782008,141085,-27.136744
6787008,141060,-26.093023
6792008,141034,-27.136744
6797008,141008,-27.136744
6802008,140982,-27.136744
6807008,140956,-27.136744
6812008,140930,-27.136744
6817008,140905,-26.093023
6822008,140879,-27.136744
6827008,140853,-27.136744
6832008,140827,-27.136744
6837008,140801,-27.136744
6842008,140775,-27.136744
6847008,140749,-27.136744
6852008,140724,-26.093023
6857008,140698,-27.136744
6862008,140672,-27.136744
6867008,140646,-27.136744
6872008,140620,-27.136744
6877008,140594,-27.136744
6882008,140569,-26.093023
6887008,140543,-27.136744
6892008,140517,-27.136744
6897008,140491,-27.136744
6902008,140465,-27.136744
6907008,140439,-27.136744
6912008,140413,-27.136744
6917008,140388,-26.093023
6922008,140362,-27.136744
6927008,140336,-27.136744
6932008,140310,-27.136744
6937008,140284,-27.136744
6942008,140258,-27.136744
6947008,140233,-26.093023
6952008,140207,-27.136744
6957008,140181,-27.136744
6962008,140155,-27.136744
6967008,140129,-27.136744
6972008,140103,-27.136744
6977008,140078,-26.093023
6982008,140052,-27.136744
6987008,140026,-27.136744
6992008,140000,-27.136744
6997008,139974,-27.136744
7002008,139949,-26.093023
7007008,139923,-27.136744
7012008,139897,-27.136744
7017008,139871,-27.136744
7022008,139845,-27.136744
7027008,139819,-27.136744
7032008,139793,-27.136744
7037008,139768,-26.093023
7042008,139742,-27.136744
7047008,139716,-27.136744
7052008,139690,-27.136744
7057008,139664,-27.136744
7062008,139638,-27.136744
7067008,139612,-27.136744
7072008,139587,-26.093023
7077008,139561,-27.136744
7082008,139535,-27.136744
7087008,139509,-27.136744
7092008,139483,-27.136744
7097008,139457,-27.136744
7102008,139431,-27.136744
7107008,139405,-27.136744
7112008,139380,-26.093023
7117008,139354,-27.136744
7122008,139328,-27.136744
7127008,139302,-27.136744
7132008,139276,-27.136744
7137008,139250,-27.136744
7142008,139225,-26.093023
7147008,139199,-27.136744
7152008,139173,-27.136744
7157008,139147,-27.136744
7162008,139121,-27.136744
7167008,139095,-27.136744
7172008,139069,-27.136744
7177008,139044,-26.093023
7182008,139018,-27.136744
7187008,138992,-27.136744
7192008,138966,-27.136744
7197008,138940,-27.136744
7202008,138914,-27.136744
7207008,138889,-26.093023
7212008,138863,-27.136744
7217008,138837,-27.136744
7222008,138811,-27.136744
7227008,138785,-27.136744
7232008,138759,-27.136744
7237008,138734,-26.093023
7242008,138708,-27.136744
7247008,138682,-27.136744
7252008,138656,-27.136744
7257008,138630,-27.136744
7262008,138605,-26.093023
7267008,138579,-27.136744
7272008,138553,-27.136744
7277008,138527,-27.136744
7282008,138501,-27.136744
7287008,138475,-27.136744
7292008,138450,-26.093023
7297008,138424,-27.136744
7302008,138398,-27.136744
7307008,138372,-27.136744
7312008,138346,-27.136744
7317008,138321,-26.093023
7322008,138295,-27.136744
7327008,138269,-27.136744
7332008,138243,-27.136744
7337008,138217,-27.136744
7342008,138192,-26.093023
7347008,138166,-27.136744
7352008,138140,-27.136744
7357008,138114,-27.136744
7362008,138088,-27.136744
7367008,138063,-26.093023
7372008,138037,-27.136744
7377008,138011,-27.136744
7382008,137985,-27.136744
7387008,137959,-27.136744
7392008,137933,-27.136744
7397008,137908,-26.093023
7402008,137882,-27.136744
7407008,137856,-27.136744
7412008,137830,-27.136744
7417008,137804,-27.136744
7422008,137778,-27.136744
7427008,137753,-26.093023
7432008,137727,-27.136744
7437008,137701,-27.136744
7442008,137675,-27.136744
7447008,137649,-27.136744
7452008,137623,-27.136744
7457008,137597,-27.136744
7462008,137571,-27.136744
7467008,137546,-26.093023
7472008,137520,-27.136744
7477008,137494,-27.136744
7482008,137468,-27.136744
7487008,137442,-27.136744
7492008,137416,-27.136744
7497008,137390,-27.136744
7502008,137365,-26.093023
7507008,137339,-27.136744
7512008,137313,-27.136744
7517008,137287,-27.136744
7522008,137261,-27.136744
7527008,137235,-27.136744
7532008,137209,-27.136744
7537008,137183,-27.136744
7542008,137158,-26.093023
7547008,137132,-27.136744
7552008,137106,-27.136744
7557008,137080,-27.136744
7562008,137054,-27.136744
7567008,137028,-27.136744
7572008,137002,-27.136744
7577008,136977,-26.093023
7582008,136951,-27.136744
7587008,136925,-27.136744
7592008,136899,-27.136744
7597008,136873,-27.136744
7602008,136847,-27.136744
7607008,136821,-27.136744
7612008,136795,-27.136744
7617008,136770,-26.093023
7622008,136744,-27.136744
7627008,136718,-27.136744
7632008,136692,-27.136744
7637008,136666,-27.136744
7642008,136640,-27.136744
7647008,136615,-26.093023
7652008,136589,-27.136744
7657008,136563,-27.136744
7662008,136537,-27.136744
7667008,136511,-27.136744
7672008,136485,-27.136744
7677008,136459,-27.136744
7682008,136433,-27.136744
7687008,136408,-26.093023
7692008,136382,-27.136744
7697008,136356,-27.136744
7702008,136330,-27.136744
7707008,136304,-27.136744
7712008,136278,-27.136744
7717008,136252,-27.136744
7722008,136227,-26.093023
7727008,136201,-27.136744
7732008,136175,-27.136744
7737008,136149,-27.136744
7742008,136123,-27.136744
7747008,136097,-27.136744
7752008,136071,-27.136744
7757008,136046,-26.093023
7762008,136020,-27.136744
7767008,135994,-27.136744
7772008,135968,-27.136744
7777008,135942,-27.136744
7782008,135916,-27.136744
7787008,135890,-27.136744
7792008,135865,-26.093023
7797008,135839,-27.136744
7802008,135813,-27.136744
7807008,135787,-27.136744
7812008,135761,-27.136744
7817008,135735,-27.136744
7822008,135709,-27.136744
7827008,135683,-27.136744
7832008,135658,-26.093023
7837008,135632,-27.136744
7842008,135606,-27.136744
7847008,135580,-27.136744
7852008,135554,-27.136744
7857008,135528,-27.136744
7862008,135503,-26.093023
7867008,135477,-27.136744
7872008,135451,-27.136744
7877008,135425,-27.136744
7882008,135399,-27.136744
7887008,135373,-27.136744
7892008,135347,-27.136744
7897008,135321,-27.136744
7902008,135295,-27.136744
7907008,135270,-26.093023
7912008,135244,-27.136744
7917008,135218,-27.136744
7922008,135192,-27.136744
7927008,135166,-27.136744
7932008,135140,-27.136744
7937008,135114,-27.136744
7942008,135088,-27.136744
7947008,135062,-27.136744
7952008,135037,-26.093023
7957008,135011,-27.136744
7962008,134985,-27.136744
7967008,134959,-27.136744
7972008,134933,-27.136744
7977008,134907,-27.136744
7982008,134881,-27.136744
7987008,134855,-27.136744
7992008,134829,-27.136744
7997008,134803,-27.136744
8002008,134777,-27.136744
8007008,134751,-27.136744
8012008,134725,-27.136744
8017008,134699,-27.136744
8022008,134673,-27.136744
8027008,134647,-27.136744
8032008,134621,-27.136744
8037008,134595,-27.136744
8042008,134570,-26.093023
8047008,134544,-27.136744
8052008,134518,-27.136744
8057008,134492,-27.136744
8062008,134466,-27.136744
8067008,134440,-27.136744
8072008,134414,-27.136744
8077008,134388,-27.136744
8082008,134362,-27.136744
8087008,134336,-27.136744
8092008,134310,-27.136744
8097008,134284,-27.136744
8102008,134258,-27.136744
8107008,134232,-27.136744
8112008,134206,-27.136744
8117008,134180,-27.136744
8122008,134154,-27.136744
8127008,134129,-26.093023
8132008,134103,-27.136744
8137008,134077,-27.136744
8142008,134051,-27.136744
8147008,134025,-27.136744
8152008,133999,-27.136744
8157008,133973,-27.136744
8162008,133947,-27.136744
8167008,133921,-27.136744
8172008,133895,-27.136744
8177008,133869,-27.136744
8182008,133843,-27.136744
8187008,133817,-27.136744
8192008,133791,-27.136744
8197008,133765,-27.136744
8202008,133740,-26.093023
8207008,133714,-27.136744
8212008,133688,-27.136744
8217008,133662,-27.136744
8222008,133636,-27.136744
8227008,133610,-27.136744
8232008,133584,-27.136744
8237008,133558,-27.136744
8242008,133532,-27.136744
8247008,133506,-27.136744
8252008,133480,-27.136744
8257008,133454,-27.136744
8262008,133428,-27.136744
8267008,133402,-27.136744
8272008,133376,-27.136744
8277008,133351,-26.093023
8282008,133325,-27.136744
8287008,133299,-27.136744
8292008,133273,-27.136744
8297008,133247,-27.136744
8302008,133221,-27.136744
8307008,133195,-27.136744
8312008,133169,-27.136744
8317008,133143,-27.136744
8322008,133117,-27.136744
8327008,133091,-27.136744
8332008,133065,-27.136744
8337008,133039,-27.136744
8342008,133013,-27.136744
8347008,132987,-27.136744
8352008,132961,-27.136744
8357008,132935,-27.136744
8362008,132909,-27.136744
8367008,132883,-27.136744
8372008,132858,-26.093023
8377008,132832,-27.136744
8382008,132806,-27.136744
8387008,132780,-27.136744
8392008,132754,-27.136744
8397008,132728,-27.136744
8402008,132702,-27.136744
8407008,132676,-27.136744
8412008,132650,-27.136744
8417008,132624,-27.136744
8422008,132598,-27.136744
8427008,132572,-27.136744
8432008,132546,-27.136744
8437008,132520,-27.136744
8442008,132495,-26.093023
8447008,132469,-27.136744
8452008,132443,-27.136744
8457008,132417,-27.136744
8462008,132391,-27.136744
8467008,132365,-27.136744
8472008,132339,-27.136744
8477008,132313,-27.136744
8482008,132287,-27.136744
8487008,132261,-27.136744
8492008,132235,-27.136744
8497008,132209,-27.136744
8502008,132183,-27.136744
8507008,132157,-27.136744
8512008,132131,-27.136744
8517008,132105,-27.136744
8522008,132079,-27.136744
8527008,132053,-27.136744
8532008,132028,-26.093023
8537008,132002,-27.136744
8542008,131976,-27.136744
8547008,131950,-27.136744
8552008,131924,-27.136744
8557008,131898,-27.136744
8562008,131872,-27.136744
8567008,131846,-27.136744
8572008,131820,-27.136744
8577008,131794,-27.136744
8582008,131768,-27.136744
8587008,131742,-27.136744
8592008,131716,-27.136744
8597008,131690,-27.136744
8602008,131664,-27.136744
8607008,131638,-27.136744
8612008,131613,-26.093023
8617008,131587,-27.136744
8622008,131561,-27.136744
8627008,131535,-27.136744
8632008,131509,-27.136744
8637008,131483,-27.136744
8642008,131457,-27.136744
8647008,131431,-27.136744
8652008,131405,-27.136744
8657008,131379,-27.136744
8662008,131353,-27.136744
8667008,131328,-26.093023
8672008,131302,-27.136744
8677008,131276,-27.136744
8682008,131250,-27.136744
8687008,131224,-27.136744
8692008,131198,-27.136744
8697008,131172,-27.136744
8702008,131146,-27.136744
8707008,131121,-26.093023
8712008,131095,-27.136744
8717008,131069,-27.136744
8722008,131043,-27.136744
8727008,131017,-27.136744
8732008,130991,-27.136744
8737008,130965,-27.136744
8742008,130939,-27.136744
8747008,130913,-27.136744
8752008,130887,-27.136744
8757008,130861,-27.136744
8762008,130835,-27.136744
8767008,130809,-27.136744
8772008,130783,-27.136744
8777008,130757,-27.136744
8782008,130731,-27.136744
8787008,130705,-27.136744
8792008,130679,-27.136744
8797008,130653,-27.136744
8802008,130627,-27.136744
8807008,130601,-27.136744
8812008,130576,-26.093023
8817008,130550,-27.136744
8822008,130524,-27.136744
8827008,130498,-27.136744
8832008,130472,-27.136744
8837008,130446,-27.136744
8842008,130420,-27.136744
8847008,130394,-27.136744
8852008,130368,-27.136744
8857008,130342,-27.136744
8862008,130316,-27.136744
8867008,130290,-27.136744
8872008,130264,-27.136744
8877008,130238,-27.136744
8882008,130212,-27.136744
8887008,130186,-27.136744
8892008,130160,-27.136744
8897008,130134,-27.136744
8902008,130108,-27.136744
8907008,130082,-27.136744
8912008,130056,-27.136744
8917008,130030,-27.136744
8922008,130004,-27.136744
8927008,129978,-27.136744
8932008,129952,-27.136744
8937008,129926,-27.136744
8942008,129900,-27.136744
8947008,129874,-27.136744
8952008,129848,-27.136744
8957008,129822,-27.136744
8962008,129796,-27.136744
8967008,129770,-27.136744
8972008,129744,-27.136744
8977008,129718,-27.136744
8982008,129692,-27.136744
8987008,129666,-27.136744
8992008,129641,-26.093023
8997008,129615,-27.136744
9002008,129589,-27.136744
9007008,129563,-27.136744
9012008,129537,-27.136744
9017008,129511,-27.136744
9022008,129485,-27.136744
9027008,129459,-27.136744
9032008,129433,-27.136744
9037008,129407,-27.136744
9042008,129381,-27.136744
9047008,129355,-27.136744
9052008,129329,-27.136744
9057008,129303,-27.136744
9062008,129277,-27.136744
9067008,129251,-27.136744
9072008,129225,-27.136744
9077008,129199,-27.136744
9082008,129173,-27.136744
9087008,129147,-27.136744
9092008,129121,-27.136744
9097008,129095,-27.136744
9102008,129069,-27.136744
9107008,129043,-27.136744
9112008,129017,-27.136744
9117008,128991,-27.136744
9122008,128965,-27.136744
9127008,128939,-27.136744
9132008,128913,-27.136744
9137008,128887,-27.136744
9142008,128861,-27.136744
9147008,128836,-26.093023
9152008,128810,-27.136744
9157008,128784,-27.136744
9162008,128758,-27.136744
9167008,128732,-27.136744
9172008,128706,-27.136744
9177008,128680,-27.136744
9182008,128654,-27.136744
9187008,128628,-27.136744
9192008,128602,-27.136744
9197008,128576,-27.136744
9202008,128550,-27.136744
9207008,128525,-26.093023
9212008,128499,-27.136744
9217008,128473,-27.136744
9222008,128447,-27.136744
9227008,128421,-27.136744
9232008,128395,-27.136744
9237008,128369,-27.136744
9242008,128343,-27.136744
9247008,128317,-27.136744
9252008,128291,-27.136744
9257008,128266,-26.093023
9262008,128240,-27.136744
9267008,128214,-27.136744
9272008,128188,-27.136744
9277008,128162,-27.136744
9282008,128136,-27.136744
9287008,128110,-27.136744
9292008,128084,-27.136744
9297008,128058,-27.136744
9302008,128032,-27.136744
9307008,128007,-26.093023
9312008,127981,-27.136744
9317008,127955,-27.136744
9322008,127929,-27.136744
9327008,127903,-27.136744
9332008,127877,-27.136744
9337008,127851,-27.136744
9342008,127825,-27.136744
9347008,127799,-27.136744
9352008,127773,-27.136744
9357008,127747,-27.136744
9362008,127721,-27.136744
9367008,127696,-26.093023
9372008,127670,-27.136744
9377008,127644,-27.136744
9382008,127618,-27.136744
9387008,127592,-27.136744
9392008,127566,-27.136744
9397008,127540,-27.136744
9402008,127514,-27.136744
9407008,127488,-27.136744
9412008,127462,-27.136744
9417008,127436,-27.136744
9422008,127410,-27.136744
9427008,127385,-26.093023
9432008,127359,-27.136744
9437008,127333,-27.136744
9442008,127307,-27.136744
9447008,127281,-27.136744
9452008,127255,-27.136744
9457008,127229,-27.136744
9462008,127203,-27.136744
9467008,127177,-27.136744
9472008,127151,-27.136744
9477008,127125,-27.136744
9482008,127099,-27.136744
9487008,127073,-27.136744
9492008,127047,-27.136744
9497008,127021,-27.136744
9502008,126996,-26.093023
9507008,126970,-27.136744
9512008,126944,-27.136744
9517008,126918,-27.136744
9522008,126892,-27.136744
9527008,126866,-27.136744
9532008,126840,-27.136744
9537008,126814,-27.136744
9542008,126788,-27.136744
9547008,126762,-27.136744
9552008,126736,-27.136744
9557008,126710,-27.136744
9562008,126684,-27.136744
9567008,126658,-27.136744
9572008,126632,-27.136744
9577008,126606,-27.136744
9582008,126581,-26.093023
9587008,126555,-27.136744
9592008,126529,-27.136744
9597008,126503,-27.136744
9602008,126477,-27.136744
9607008,126451,-27.136744
9612008,126425,-27.136744
9617008,126399,-27.136744
9622008,126373,-27.136744
9627008,126347,-27.136744
9632008,126321,-27.136744
9637008,126295,-27.136744
9642008,126269,-27.136744
9647008,126244,-26.093023
9652008,126218,-27.136744
9657008,126192,-27.136744
9662008,126166,-27.136744
9667008,126140,-27.136744
9672008,126114,-27.136744
9677008,126088,-27.136744
9682008,126062,-27.136744
9687008,126036,-27.136744
9692008,126011,-26.093023
9697008,125985,-27.136744
9702008,125959,-27.136744
9707008,125933,-27.136744
9712008,125907,-27.136744
9717008,125881,-27.136744
9722008,125855,-27.136744
9727008,125829,-27.136744
9732008,125803,-27.136744
9737008,125778,-26.093023
9742008,125752,-27.136744
9747008,125726,-27.136744
9752008,125700,-27.136744
9757008,125674,-27.136744
9762008,125648,-27.136744
9767008,125623,-26.093023
9772008,125597,-27.136744
9777008,125571,-27.136744
9782008,125545,-27.136744
9787008,125519,-27.136744
9792008,125494,-26.093023
9797008,125468,-27.136744
9802008,125442,-27.136744
9807008,125416,-27.136744
9812008,125390,-27.136744
9817008,125365,-26.093023
9822008,125339,-27.136744
9827008,125313,-27.136744
9832008,125287,-27.136744
9837008,125261,-27.136744
9842008,125236,-26.093023
9847008,125210,-27.136744
9852008,125184,-27.136744
9857008,125158,-27.136744
9862008,125133,-26.093023
9867008,125107,-27.136744
9872008,125081,-27.136744
9877008,125055,-27.136744
9882008,125030,-26.093023
9887008,125004,-27.136744
9892008,124978,-27.136744
9897008,124952,-27.136744
9902008,124927,-26.093023
9907008,124901,-27.136744
9912008,124875,-27.136744
9917008,124849,-27.136744
9922008,124823,-27.136744
9927008,124798,-26.093023
9932008,124772,-27.136744
9937008,124746,-27.136744
9942008,124720,-27.136744
9947008,124695,-26.093023
9952008,124669,-27.136744
9957008,124643,-27.136744
9962008,124617,-27.136744
9967008,124592,-26.093023
9972008,124566,-27.136744
9977008,124540,-27.136744
9982008,124514,-27.136744
9987008,124489,-26.093023
9992008,124463,-27.136744
9997008,124437,-27.136744
10002008,124411,-27.136744
10007008,124385,-27.136744
10012008,124360,-26.093023
10017008,124334,-27.136744
10022008,124308,-27.136744
10027008,124283,-26.093023
10032008,124257,-27.136744
10037008,124231,-27.136744
10042008,124205,-27.136744
10047008,124180,-26.093023
10052008,124154,-27.136744
10057008,124128,-27.136744
10062008,124102,-27.136744
10067008,124077,-26.093023
10072008,124051,-27.136744
10077008,124025,-27.136744
10082008,123999,-27.136744
10087008,123973,-27.136744
10092008,123948,-26.093023
10097008,123922,-27.136744
10102008,123896,-27.136744
10107008,123870,-27.136744
10112008,123845,-26.093023
10117008,123819,-27.136744
10122008,123793,-27.136744
10127008,123767,-27.136744
10132008,123741,-27.136744
10137008,123716,-26.093023
10142008,123690,-27.136744
10147008,123664,-27.136744
10152008,123638,-27.136744
10157008,123613,-26.093023
10162008,123587,-27.136744
10167008,123561,-27.136744
10172008,123535,-27.136744
10177008,123509,-27.136744
10182008,123484,-26.093023
10187008,123458,-27.136744
10192008,123432,-27.136744
10197008,123406,-27.136744
10202008,123381,-26.093023
10207008,123355,-27.136744
10212008,123329,-27.136744
10217008,123303,-27.136744
10222008,123277,-27.136744
10227008,123252,-26.093023
10232008,123226,-27.136744
10237008,123200,-27.136744
10242008,123174,-27.136744
10247008,123149,-26.093023
10252008,123123,-27.136744
10257008,123097,-27.136744
10262008,123071,-27.136744
10267008,123045,-27.136744
10272008,123020,-26.093023
10277008,122994,-27.136744
10282008,122968,-27.136744
10287008,122942,-27.136744
10292008,122916,-27.136744
10297008,122891,-26.093023
10302008,122865,-27.136744
10307008,122839,-27.136744
10312008,122813,-27.136744
