
Time_us,Position,Speed_rad_per_s
1312008,220177,0.000000
1317008,220176,-1.043721
1322008,220173,-3.131163
1327008,220167,-6.262325
1332008,220159,-8.349768
1337008,220149,-10.437209
1342008,220138,-11.480930
1347008,220125,-13.568372
1352008,220110,-15.655814
1357008,220095,-15.655814
1362008,220078,-17.743256
1367008,220060,-18.786976
1372008,220042,-18.786976
1377008,220022,-20.874418
1382008,220002,-20.874418
1387008,219981,-21.918139
1392008,219960,-21.918139
1397008,219938,-22.961861
1402008,219916,-22.961861
1407008,219893,-24.005581
1412008,219870,-24.005581
1417008,219846,-25.049301
1422008,219822,-25.049301
1427008,219798,-25.049301
1432008,219774,-25.049301
1437008,219749,-26.093023
1442008,219724,-26.093023
1447008,219699,-26.093023
1452008,219673,-27.136744
1457008,219648,-26.093023
1462008,219622,-27.136744
1467008,219596,-27.136744
1472008,219570,-27.136744
1477008,219544,-27.136744
1482008,219517,-28.180466
1487008,219491,-27.136744
1492008,219465,-27.136744
1497008,219438,-28.180466
1502008,219411,-28.180466
1507008,219384,-28.180466
1512008,219357,-28.180466
1517008,219330,-28.180466
1522008,219303,-28.180466
1527008,219276,-28.180466
1532008,219249,-28.180466
1537008,219222,-28.180466
1542008,219195,-28.180466
1547008,219167,-29.224186
1552008,219140,-28.180466
1557008,219113,-28.180466
1562008,219085,-29.224186
1567008,219058,-28.180466
1572008,219030,-29.224186
1577008,219003,-28.180466
1582008,218975,-29.224186
1587008,218948,-28.180466
1592008,218920,-29.224186
1597008,218893,-28.180466
1602008,218865,-29.224186
1607008,218837,-29.224186
1612008,218810,-28.180466
1617008,218782,-29.224186
1622008,218754,-29.224186
1627008,218727,-28.180466
1632008,218699,-29.224186
1637008,218671,-29.224186
1642008,218643,-29.224186
1647008,218616,-28.180466
1652008,218588,-29.224186
1657008,218560,-29.224186
1662008,218532,-29.224186
1667008,218505,-28.180466
1672008,218477,-29.224186
1677008,218449,-29.224186
1682008,218421,-29.224186
1687008,218393,-29.224186
1692008,218365,-29.224186
1697008,218338,-28.180466
1702008,218310,-29.224186
1707008,218282,-29.224186
1712008,218254,-29.224186
1717008,218226,-29.224186
1722008,218198,-29.224186
1727008,218171,-28.180466
1732008,218143,-29.224186
1737008,218115,-29.224186
1742008,218087,-29.224186
1747008,218059,-29.224186
1752008,218031,-29.224186
1757008,218003,-29.224186
1762008,217975,-29.224186
1767008,217948,-28.180466
1772008,217920,-29.224186
1777008,217892,-29.224186
1782008,217864,-29.224186
1787008,217836,-29.224186
1792008,217808,-29.224186
1797008,217780,-29.224186
1802008,217752,-29.224186
1807008,217724,-29.224186
1812008,217697,-28.180466
1817008,217669,-29.224186
1822008,217641,-29.224186
1827008,217613,-29.224186
1832008,217585,-29.224186
1837008,217557,-29.224186
1842008,217529,-29.224186
1847008,217501,-29.224186
1852008,217473,-29.224186
1857008,217445,-29.224186
1862008,217417,-29.224186
1867008,217389,-29.224186
1872008,217361,-29.224186
1877008,217334,-28.180466
1882008,217306,-29.224186
1887008,217278,-29.224186
1892008,217250,-29.224186
1897008,217222,-29.224186
1902008,217194,-29.224186
1907008,217166,-29.224186
1912008,217138,-29.224186
1917008,217110,-29.224186
1922008,217082,-29.224186
1927008,217054,-29.224186
1932008,217026,-29.224186
1937008,216998,-29.224186
1942008,216970,-29.224186
1947008,216942,-29.224186
1952008,216914,-29.224186
1957008,216886,-29.224186
1962008,216859,-28.180466
1967008,216831,-29.224186
1972008,216803,-29.224186
1977008,216775,-29.224186
1982008,216747,-29.224186
1987008,216719,-29.224186
1992008,216691,-29.224186
1997008,216663,-29.224186
2002008,216635,-29.224186
2007008,216607,-29.224186
2012008,216579,-29.224186
2017008,216551,-29.224186
2022008,216523,-29.224186
2027008,216495,-29.224186
2032008,216467,-29.224186
2037008,216439,-29.224186
2042008,216411,-29.224186
2047008,216383,-29.224186
2052008,216355,-29.224186
2057008,216327,-29.224186
2062008,216299,-29.224186
2067008,216271,-29.224186
2072008,216243,-29.224186
2077008,216215,-29.224186
2082008,216187,-29.224186
2087008,216159,-29.224186
2092008,216131,-29.224186
2097008,216103,-29.224186
2102008,216075,-29.224186
2107008,216047,-29.224186
2112008,216019,-29.224186
2117008,215991,-29.224186
2122008,215963,-29.224186
2127008,215935,-29.224186
2132008,215907,-29.224186
2137008,215879,-29.224186
2142008,215852,-28.180466
2147008,215824,-29.224186
2152008,215796,-29.224186
2157008,215768,-29.224186
2162008,215740,-29.224186
2167008,215712,-29.224186
2172008,215684,-29.224186
2177008,215656,-29.224186
2182008,215628,-29.224186
2187008,215600,-29.224186
2192008,215572,-29.224186
2197008,215544,-29.224186
2202008,215516,-29.224186
2207008,215488,-29.224186
2212008,215460,-29.224186
2217008,215432,-29.224186
2222008,215404,-29.224186
2227008,215376,-29.224186
2232008,215348,-29.224186
2237008,215320,-29.224186
2242008,215292,-29.224186
2247008,215264,-29.224186
2252008,215236,-29.224186
2257008,215208,-29.224186
2262008,215180,-29.224186
2267008,215152,-29.224186
2272008,215124,-29.224186
2277008,215096,-29.224186
2282008,215068,-29.224186
2287008,215040,-29.224186
2292008,215012,-29.224186
2297008,214984,-29.224186
2302008,214956,-29.224186
2307008,214928,-29.224186
2312008,214900,-29.224186
2317008,214872,-29.224186
2322008,214844,-29.224186
2327008,214816,-29.224186
2332008,214788,-29.224186
2337008,214759,-30.267906
2342008,214731,-29.224186
2347008,214703,-29.224186
2352008,214675,-29.224186
2357008,214647,-29.224186
2362008,214619,-29.224186
2367008,214591,-29.224186
2372008,214563,-29.224186
2377008,214535,-29.224186
2382008,214507,-29.224186
2387008,214479,-29.224186
2392008,214451,-29.224186
2397008,214423,-29.224186
2402008,214395,-29.224186
2407008,214367,-29.224186
2412008,214339,-29.224186
2417008,214311,-29.224186
2422008,214283,-29.224186
2427008,214255,-29.224186
2432008,214227,-29.224186
2437008,214199,-29.224186
2442008,214171,-29.224186
2447008,214143,-29.224186
2452008,214115,-29.224186
2457008,214087,-29.224186
2462008,214059,-29.224186
2467008,214031,-29.224186
2472008,214003,-29.224186
2477008,213975,-29.224186
2482008,213947,-29.224186
2487008,213919,-29.224186
2492008,213891,-29.224186
2497008,213863,-29.224186
2502008,213835,-29.224186
2507008,213807,-29.224186
2512008,213779,-29.224186
2517008,213751,-29.224186
2522008,213723,-29.224186
2527008,213695,-29.224186
2532008,213667,-29.224186
2537008,213639,-29.224186
2542008,213611,-29.224186
2547008,213583,-29.224186
2552008,213555,-29.224186
2557008,213527,-29.224186
2562008,213499,-29.224186
2567008,213471,-29.224186
2572008,213443,-29.224186
2577008,213415,-29.224186
2582008,213387,-29.224186
2587008,213359,-29.224186
2592008,213331,-29.224186
2597008,213303,-29.224186
2602008,213275,-29.224186
2607008,213247,-29.224186
2612008,213219,-29.224186
2617008,213190,-30.267906
2622008,213162,-29.224186
2627008,213134,-29.224186
2632008,213106,-29.224186
2637008,213078,-29.224186
2642008,213050,-29.224186
2647008,213022,-29.224186
2652008,212994,-29.224186
2657008,212966,-29.224186
2662008,212938,-29.224186
2667008,212910,-29.224186
2672008,212882,-29.224186
2677008,212854,-29.224186
2682008,212826,-29.224186
2687008,212798,-29.224186
2692008,212770,-29.224186
2697008,212742,-29.224186
2702008,212714,-29.224186
2707008,212686,-29.224186
2712008,212658,-29.224186
2717008,212630,-29.224186
2722008,212602,-29.224186
2727008,212574,-29.224186
2732008,212546,-29.224186
2737008,212518,-29.224186
2742008,212489,-30.267906
2747008,212461,-29.224186
2752008,212433,-29.224186
2757008,212405,-29.224186
2762008,212377,-29.224186
2767008,212349,-29.224186
2772008,212321,-29.224186
2777008,212293,-29.224186
2782008,212265,-29.224186
2787008,212237,-29.224186
2792008,212209,-29.224186
2797008,212181,-29.224186
2802008,212153,-29.224186
2807008,212125,-29.224186
2812008,212097,-29.224186
2817008,212069,-29.224186
2822008,212041,-29.224186
2827008,212013,-29.224186
2832008,211985,-29.224186
2837008,211957,-29.224186
2842008,211929,-29.224186
2847008,211901,-29.224186
2852008,211873,-29.224186
2857008,211845,-29.224186
2862008,211817,-29.224186
2867008,211789,-29.224186
2872008,211761,-29.224186
2877008,211733,-29.224186
2882008,211705,-29.224186
2887008,211676,-30.267906
2892008,211648,-29.224186
2897008,211620,-29.224186
2902008,211592,-29.224186
2907008,211564,-29.224186
2912008,211536,-29.224186
2917008,211508,-29.224186
2922008,211480,-29.224186
2927008,211452,-29.224186
2932008,211424,-29.224186
2937008,211396,-29.224186
2942008,211368,-29.224186
2947008,211340,-29.224186
2952008,211312,-29.224186
2957008,211284,-29.224186
2962008,211256,-29.224186
2967008,211228,-29.224186
2972008,211200,-29.224186
2977008,211172,-29.224186
2982008,211144,-29.224186
2987008,211116,-29.224186
2992008,211088,-29.224186
2997008,211060,-29.224186
3002008,211032,-29.224186
3007008,211004,-29.224186
3012008,210976,-29.224186
3017008,210948,-29.224186
3022008,210920,-29.224186
3027008,210891,-30.267906
3032008,210863,-29.224186
3037008,210835,-29.224186
3042008,210807,-29.224186
3047008,210779,-29.224186
3052008,210751,-29.224186
3057008,210723,-29.224186
3062008,210695,-29.224186
3067008,210667,-29.224186
3072008,210639,-29.224186
3077008,210611,-29.224186
3082008,210583,-29.224186
3087008,210555,-29.224186
3092008,210527,-29.224186
3097008,210499,-29.224186
3102008,210471,-29.224186
3107008,210443,-29.224186
3112008,210415,-29.224186
3117008,210387,-29.224186
3122008,210359,-29.224186
3127008,210331,-29.224186
3132008,210303,-29.224186
3137008,210275,-29.224186
3142008,210247,-29.224186
3147008,210219,-29.224186
3152008,210191,-29.224186
3157008,210163,-29.224186
3162008,210135,-29.224186
3167008,210107,-29.224186
3172008,210079,-29.224186
3177008,210051,-29.224186
3182008,210022,-30.267906
3187008,209994,-29.224186
3192008,209966,-29.224186
3197008,209938,-29.224186
3202008,209910,-29.224186
3207008,209882,-29.224186
3212008,209854,-29.224186
3217008,209826,-29.224186
3222008,209798,-29.224186
3227008,209770,-29.224186
3232008,209742,-29.224186
3237008,209714,-29.224186
3242008,209686,-29.224186
3247008,209658,-29.224186
3252008,209630,-29.224186
3257008,209602,-29.224186
3262008,209574,-29.224186
3267008,209546,-29.224186
3272008,209518,-29.224186
3277008,209490,-29.224186
3282008,209462,-29.224186
3287008,209434,-29.224186
3292008,209405,-30.267906
3297008,209377,-29.224186
3302008,209349,-29.224186
3307008,209321,-29.224186
3312008,209293,-29.224186
3317008,209265,-29.224186
3322008,209237,-29.224186
3327008,209209,-29.224186
3332008,209181,-29.224186
3337008,209153,-29.224186
3342008,209125,-29.224186
3347008,209097,-29.224186
3352008,209069,-29.224186
3357008,209041,-29.224186
3362008,209013,-29.224186
3367008,208985,-29.224186
3372008,208957,-29.224186
3377008,208929,-29.224186
3382008,208901,-29.224186
3387008,208873,-29.224186
3392008,208845,-29.224186
3397008,208817,-29.224186
3402008,208789,-29.224186
3407008,208761,-29.224186
3412008,208733,-29.224186
3417008,208705,-29.224186
3422008,208677,-29.224186
3427008,208649,-29.224186
3432008,208621,-29.224186
3437008,208593,-29.224186
3442008,208564,-30.267906
3447008,208536,-29.224186
3452008,208508,-29.224186
3457008,208480,-29.224186
3462008,208452,-29.224186
3467008,208424,-29.224186
3472008,208396,-29.224186
3477008,208368,-29.224186
3482008,208340,-29.224186
3487008,208312,-29.224186
3492008,208284,-29.224186
3497008,208256,-29.224186
3502008,208228,-29.224186
3507008,208200,-29.224186
3512008,208172,-29.224186
3517008,208144,-29.224186
3522008,208116,-29.224186
3527008,208088,-29.224186
3532008,208059,-30.267906
3537008,208031,-29.224186
3542008,208003,-29.224186
3547008,207975,-29.224186
3552008,207947,-29.224186
3557008,207919,-29.224186
3562008,207891,-29.224186
3567008,207863,-29.224186
3572008,207835,-29.224186
3577008,207807,-29.224186
3582008,207779,-29.224186
3587008,207751,-29.224186
3592008,207723,-29.224186
3597008,207695,-29.224186
3602008,207667,-29.224186
3607008,207639,-29.224186
3612008,207611,-29.224186
3617008,207583,-29.224186
3622008,207554,-30.267906
3627008,207526,-29.224186
3632008,207498,-29.224186
3637008,207470,-29.224186
3642008,207442,-29.224186
3647008,207414,-29.224186
3652008,207386,-29.224186
3657008,207358,-29.224186
3662008,207330,-29.224186
3667008,207302,-29.224186
3672008,207274,-29.224186
3677008,207246,-29.224186
3682008,207218,-29.224186
3687008,207190,-29.224186
3692008,207161,-30.267906
3697008,207133,-29.224186
3702008,207105,-29.224186
3707008,207077,-29.224186
3712008,207049,-29.224186
3717008,207021,-29.224186
3722008,206993,-29.224186
3727008,206965,-29.224186
3732008,206937,-29.224186
3737008,206909,-29.224186
3742008,206881,-29.224186
3747008,206852,-30.267906
3752008,206824,-29.224186
3757008,206796,-29.224186
3762008,206768,-29.224186
3767008,206740,-29.224186
3772008,206712,-29.224186
3777008,206684,-29.224186
3782008,206656,-29.224186
3787008,206628,-29.224186
3792008,206600,-29.224186
3797008,206571,-30.267906
3802008,206543,-29.224186
3807008,206515,-29.224186
3812008,206487,-29.224186
3817008,206459,-29.224186
3822008,206431,-29.224186
3827008,206403,-29.224186
3832008,206375,-29.224186
3837008,206347,-29.224186
3842008,206319,-29.224186
3847008,206291,-29.224186
3852008,206262,-30.267906
3857008,206234,-29.224186
3862008,206206,-29.224186
3867008,206178,-29.224186
3872008,206150,-29.224186
3877008,206122,-29.224186
3882008,206094,-29.224186
3887008,206066,-29.224186
3892008,206038,-29.224186
3897008,206010,-29.224186
3902008,205981,-30.267906
3907008,205953,-29.224186
3912008,205925,-29.224186
3917008,205897,-29.224186
3922008,205869,-29.224186
3927008,205841,-29.224186
3932008,205813,-29.224186
3937008,205785,-29.224186
3942008,205757,-29.224186
3947008,205729,-29.224186
3952008,205700,-30.267906
3957008,205672,-29.224186
3962008,205644,-29.224186
3967008,205616,-29.224186
3972008,205588,-29.224186
3977008,205560,-29.224186
3982008,205532,-29.224186
3987008,205504,-29.224186
3992008,205476,-29.224186
3997008,205447,-30.267906
4002008,205419,-29.224186
4007008,205391,-29.224186
4012008,205363,-29.224186
4017008,205335,-29.224186
4022008,205307,-29.224186
4027008,205279,-29.224186
4032008,205251,-29.224186
4037008,205223,-29.224186
4042008,205195,-29.224186
4047008,205167,-29.224186
4052008,205138,-30.267906
4057008,205110,-29.224186
4062008,205082,-29.224186
4067008,205054,-29.224186
4072008,205026,-29.224186
4077008,204998,-29.224186
4082008,204970,-29.224186
4087008,204942,-29.224186
4092008,204914,-29.224186
4097008,204886,-29.224186
4102008,204857,-30.267906
4107008,204829,-29.224186
4112008,204801,-29.224186
4117008,204773,-29.224186
4122008,204745,-29.224186
4127008,204717,-29.224186
4132008,204689,-29.224186
4137008,204661,-29.224186
4142008,204633,-29.224186
4147008,204605,-29.224186
4152008,204577,-29.224186
4157008,204549,-29.224186
4162008,204521,-29.224186
4167008,204493,-29.224186
4172008,204464,-30.267906
4177008,204436,-29.224186
4182008,204408,-29.224186
4187008,204380,-29.224186
4192008,204352,-29.224186
4197008,204324,-29.224186
4202008,204296,-29.224186
4207008,204268,-29.224186
4212008,204240,-29.224186
4217008,204212,-29.224186
4222008,204184,-29.224186
4227008,204156,-29.224186
4232008,204128,-29.224186
4237008,204100,-29.224186
4242008,204071,-30.267906
4247008,204043,-29.224186
4252008,204015,-29.224186
4257008,203987,-29.224186
4262008,203959,-29.224186
4267008,203931,-29.224186
4272008,203903,-29.224186
4277008,203875,-29.224186
4282008,203847,-29.224186
4287008,203819,-29.224186
4292008,203791,-29.224186
4297008,203763,-29.224186
4302008,203735,-29.224186
4307008,203707,-29.224186
4312008,203679,-29.224186
4317008,203651,-29.224186
4322008,203623,-29.224186
4327008,203594,-30.267906
4332008,203566,-29.224186
4337008,203538,-29.224186
4342008,203510,-29.224186
4347008,203482,-29.224186
4352008,203454,-29.224186
4357008,203426,-29.224186
4362008,203398,-29.224186
4367008,203370,-29.224186
4372008,203342,-29.224186
4377008,203314,-29.224186
4382008,203286,-29.224186
4387008,203258,-29.224186
4392008,203230,-29.224186
4397008,203201,-30.267906
4402008,203173,-29.224186
4407008,203145,-29.224186
4412008,203117,-29.224186
4417008,203089,-29.224186
4422008,203061,-29.224186
4427008,203033,-29.224186
4432008,203005,-29.224186
4437008,202977,-29.224186
4442008,202949,-29.224186
4447008,202921,-29.224186
4452008,202893,-29.224186
4457008,202865,-29.224186
4462008,202837,-29.224186
4467008,202809,-29.224186
4472008,202781,-29.224186
4477008,202753,-29.224186
4482008,202724,-30.267906
4487008,202696,-29.224186
4492008,202668,-29.224186
4497008,202640,-29.224186
4502008,202612,-29.224186
4507008,202584,-29.224186
4512008,202556,-29.224186
4517008,202528,-29.224186
4522008,202500,-29.224186
4527008,202472,-29.224186
4532008,202444,-29.224186
4537008,202415,-30.267906
4542008,202387,-29.224186
4547008,202359,-29.224186
4552008,202331,-29.224186
4557008,202303,-29.224186
4562008,202275,-29.224186
4567008,202247,-29.224186
4572008,202219,-29.224186
4577008,202191,-29.224186
4582008,202163,-29.224186
4587008,202134,-30.267906
4592008,202106,-29.224186
4597008,202078,-29.224186
4602008,202050,-29.224186
4607008,202022,-29.224186
4612008,201994,-29.224186
4617008,201966,-29.224186
4622008,201938,-29.224186
4627008,201910,-29.224186
4632008,201881,-30.267906
4637008,201853,-29.224186
4642008,201825,-29.224186
4647008,201797,-29.224186
4652008,201769,-29.224186
4657008,201741,-29.224186
4662008,201713,-29.224186
4667008,201685,-29.224186
4672008,201657,-29.224186
4677008,201629,-29.224186
4682008,201600,-30.267906
4687008,201572,-29.224186
4692008,201544,-29.224186
4697008,201516,-29.224186
4702008,201488,-29.224186
4707008,201460,-29.224186
4712008,201432,-29.224186
4717008,201404,-29.224186
4722008,201375,-30.267906
4727008,201347,-29.224186
4732008,201319,-29.224186
4737008,201291,-29.224186
4742008,201263,-29.224186
4747008,201235,-29.224186
4752008,201207,-29.224186
4757008,201179,-29.224186
4762008,201151,-29.224186
4767008,201123,-29.224186
4772008,201094,-30.267906
4777008,201066,-29.224186
4782008,201038,-29.224186
4787008,201010,-29.224186
4792008,200982,-29.224186
4797008,200954,-29.224186
4802008,200926,-29.224186
4807008,200898,-29.224186
4812008,200870,-29.224186
4817008,200841,-30.267906
4822008,200813,-29.224186
4827008,200785,-29.224186
4832008,200757,-29.224186
4837008,200729,-29.224186
4842008,200701,-29.224186
4847008,200673,-29.224186
4852008,200645,-29.224186
4857008,200617,-29.224186
4862008,200589,-29.224186
4867008,200561,-29.224186
4872008,200532,-30.267906
4877008,200504,-29.224186
4882008,200476,-29.224186
4887008,200448,-29.224186
4892008,200420,-29.224186
4897008,200392,-29.224186
4902008,200364,-29.224186
4907008,200336,-29.224186
4912008,200308,-29.224186
4917008,200280,-29.224186
4922008,200252,-29.224186
4927008,200224,-29.224186
4932008,200195,-30.267906
4937008,200167,-29.224186
4942008,200139,-29.224186
4947008,200111,-29.224186
4952008,200083,-29.224186
4957008,200055,-29.224186
4962008,200027,-29.224186
4967008,199999,-29.224186
4972008,199971,-29.224186
4977008,199943,-29.224186
4982008,199915,-29.224186
4987008,199887,-29.224186
4992008,199858,-30.267906
4997008,199830,-29.224186
5002008,199802,-29.224186
5007008,199774,-29.224186
5012008,199746,-29.224186
5017008,199718,-29.224186
5022008,199690,-29.224186
5027008,199662,-29.224186
5032008,199634,-29.224186
5037008,199606,-29.224186
5042008,199578,-29.224186
5047008,199549,-30.267906
5052008,199521,-29.224186
5057008,199493,-29.224186
5062008,199465,-29.224186
5067008,199437,-29.224186
5072008,199409,-29.224186
5077008,199381,-29.224186
5082008,199353,-29.224186
5087008,199325,-29.224186
5092008,199297,-29.224186
5097008,199269,-29.224186
5102008,199241,-29.224186
5107008,199213,-29.224186
5112008,199185,-29.224186
5117008,199157,-29.224186
5122008,199129,-29.224186
5127008,199100,-30.267906
5132008,199072,-29.224186
5137008,199044,-29.224186
5142008,199016,-29.224186
5147008,198988,-29.224186
5152008,198960,-29.224186
5157008,198932,-29.224186
5162008,198904,-29.224186
5167008,198876,-29.224186
5172008,198848,-29.224186
5177008,198820,-29.224186
5182008,198792,-29.224186
5187008,198764,-29.224186
5192008,198735,-30.267906
5197008,198707,-29.224186
5202008,198679,-29.224186
5207008,198651,-29.224186
5212008,198623,-29.224186
5217008,198595,-29.224186
5222008,198567,-29.224186
5227008,198539,-29.224186
5232008,198511,-29.224186
5237008,198483,-29.224186
5242008,198455,-29.224186
5247008,198427,-29.224186
5252008,198399,-29.224186
5257008,198371,-29.224186
5262008,198343,-29.224186
5267008,198315,-29.224186
5272008,198286,-30.267906
5277008,198258,-29.224186
5282008,198230,-29.224186
5287008,198202,-29.224186
5292008,198174,-29.224186
5297008,198146,-29.224186
5302008,198118,-29.224186
5307008,198090,-29.224186
5312008,198062,-29.224186
5317008,198034,-29.224186
5322008,198006,-29.224186
5327008,197978,-29.224186
5332008,197950,-29.224186
5337008,197921,-30.267906
5342008,197893,-29.224186
5347008,197865,-29.224186
5352008,197837,-29.224186
5357008,197809,-29.224186
5362008,197781,-29.224186
5367008,197753,-29.224186
5372008,197725,-29.224186
5377008,197697,-29.224186
5382008,197669,-29.224186
5387008,197641,-29.224186
5392008,197612,-30.267906
5397008,197584,-29.224186
5402008,197556,-29.224186
5407008,197528,-29.224186
5412008,197500,-29.224186
5417008,197472,-29.224186
5422008,197444,-29.224186
5427008,197416,-29.224186
5432008,197388,-29.224186
5437008,197359,-30.267906
5442008,197331,-29.224186
5447008,197303,-29.224186
5452008,197275,-29.224186
5457008,197247,-29.224186
5462008,197219,-29.224186
5467008,197191,-29.224186
5472008,197163,-29.224186
5477008,197135,-29.224186
5482008,197107,-29.224186
5487008,197078,-30.267906
5492008,197050,-29.224186
5497008,197022,-29.224186
5502008,196994,-29.224186
5507008,196966,-29.224186
5512008,196938,-29.224186
5517008,196910,-29.224186
5522008,196882,-29.224186
5527008,196854,-29.224186
5532008,196826,-29.224186
5537008,196797,-30.267906
5542008,196769,-29.224186
5547008,196741,-29.224186
5552008,196713,-29.224186
5557008,196685,-29.224186
5562008,196657,-29.224186
5567008,196629,-29.224186
5572008,196601,-29.224186
5577008,196573,-29.224186
5582008,196545,-29.224186
5587008,196516,-30.267906
5592008,196488,-29.224186
5597008,196460,-29.224186
5602008,196432,-29.224186
5607008,196404,-29.224186
5612008,196376,-29.224186
5617008,196348,-29.224186
5622008,196320,-29.224186
5627008,196292,-29.224186
5632008,196263,-30.267906
5637008,196235,-29.224186
5642008,196207,-29.224186
5647008,196179,-29.224186
5652008,196151,-29.224186
5657008,196123,-29.224186
5662008,196095,-29.224186
5667008,196067,-29.224186
5672008,196039,-29.224186
5677008,196010,-30.267906
5682008,195982,-29.224186
5687008,195954,-29.224186
5692008,195926,-29.224186
5697008,195898,-29.224186
5702008,195870,-29.224186
5707008,195842,-29.224186
5712008,195814,-29.224186
5717008,195785,-30.267906
5722008,195757,-29.224186
5727008,195729,-29.224186
5732008,195701,-29.224186
5737008,195673,-29.224186
5742008,195645,-29.224186
5747008,195617,-29.224186
5752008,195589,-29.224186
5757008,195560,-30.267906
5762008,195532,-29.224186
5767008,195504,-29.224186
5772008,195476,-29.224186
5777008,195448,-29.224186
5782008,195420,-29.224186
5787008,195392,-29.224186
5792008,195364,-29.224186
5797008,195335,-30.267906
5802008,195307,-29.224186
5807008,195279,-29.224186
5812008,195251,-29.224186
5817008,195223,-29.224186
5822008,195195,-29.224186
5827008,195167,-29.224186
5832008,195139,-29.224186
5837008,195111,-29.224186
5842008,195083,-29.224186
5847008,195054,-30.267906
5852008,195026,-29.224186
5857008,194998,-29.224186
5862008,194970,-29.224186
5867008,194942,-29.224186
5872008,194914,-29.224186
5877008,194886,-29.224186
5882008,194858,-29.224186
5887008,194830,-29.224186
5892008,194801,-30.267906
5897008,194773,-29.224186
5902008,194745,-29.224186
5907008,194717,-29.224186
5912008,194689,-29.224186
5917008,194661,-29.224186
5922008,194633,-29.224186
5927008,194605,-29.224186
5932008,194577,-29.224186
5937008,194549,-29.224186
5942008,194520,-30.267906
5947008,194492,-29.224186
5952008,194464,-29.224186
5957008,194436,-29.224186
5962008,194408,-29.224186
5967008,194380,-29.224186
5972008,194352,-29.224186
5977008,194324,-29.224186
5982008,194296,-29.224186
5987008,194267,-30.267906
5992008,194239,-29.224186
5997008,194211,-29.224186
6002008,194183,-29.224186
6007008,194155,-29.224186
6012008,194127,-29.224186
6017008,194099,-29.224186
6022008,194071,-29.224186
6027008,194043,-29.224186
6032008,194015,-29.224186
6037008,193987,-29.224186
6042008,193958,-30.267906
6047008,193930,-29.224186
6052008,193902,-29.224186
6057008,193874,-29.224186
6062008,193846,-29.224186
6067008,193818,-29.224186
6072008,193790,-29.224186
6077008,193762,-29.224186
6082008,193734,-29.224186
6087008,193706,-29.224186
6092008,193677,-30.267906
6097008,193649,-29.224186
6102008,193621,-29.224186
6107008,193593,-29.224186
6112008,193565,-29.224186
6117008,193537,-29.224186
6122008,193509,-29.224186
6127008,193481,-29.224186
6132008,193453,-29.224186
6137008,193425,-29.224186
6142008,193397,-29.224186
6147008,193369,-29.224186
6152008,193341,-29.224186
6157008,193312,-30.267906
6162008,193284,-29.224186
6167008,193256,-29.224186
6172008,193228,-29.224186
6177008,193200,-29.224186
6182008,193172,-29.224186
6187008,193144,-29.224186
6192008,193116,-29.224186
6197008,193088,-29.224186
6202008,193060,-29.224186
6207008,193032,-29.224186
6212008,193004,-29.224186
6217008,192975,-30.267906
6222008,192947,-29.224186
6227008,192919,-29.224186
6232008,192891,-29.224186
6237008,192863,-29.224186
6242008,192835,-29.224186
6247008,192807,-29.224186
6252008,192779,-29.224186
6257008,192751,-29.224186
6262008,192723,-29.224186
6267008,192694,-30.267906
6272008,192666,-29.224186
6277008,192638,-29.224186
6282008,192610,-29.224186
6287008,192582,-29.224186
6292008,192554,-29.224186
6297008,192526,-29.224186
6302008,192498,-29.224186
6307008,192470,-29.224186
6312008,192441,-30.267906
6317008,192413,-29.224186
6322008,192385,-29.224186
6327008,192357,-29.224186
6332008,192329,-29.224186
6337008,192301,-29.224186
6342008,192273,-29.224186
6347008,192245,-29.224186
6352008,192217,-29.224186
6357008,192188,-30.267906
6362008,192160,-29.224186
6367008,192132,-29.224186
6372008,192104,-29.224186
6377008,192076,-29.224186
6382008,192048,-29.224186
6387008,192020,-29.224186
6392008,191991,-30.267906
6397008,191963,-29.224186
6402008,191935,-29.224186
6407008,191907,-29.224186
6412008,191879,-29.224186
6417008,191851,-29.224186
6422008,191823,-29.224186
6427008,191795,-29.224186
6432008,191766,-30.267906
6437008,191738,-29.224186
6442008,191710,-29.224186
6447008,191682,-29.224186
6452008,191654,-29.224186
6457008,191626,-29.224186
6462008,191598,-29.224186
6467008,191570,-29.224186
6472008,191542,-29.224186
6477008,191513,-30.267906
6482008,191485,-29.224186
6487008,191457,-29.224186
6492008,191429,-29.224186
6497008,191401,-29.224186
6502008,191373,-29.224186
6507008,191345,-29.224186
6512008,191317,-29.224186
6517008,191289,-29.224186
6522008,191261,-29.224186
6527008,191233,-29.224186
6532008,191204,-30.267906
6537008,191176,-29.224186
6542008,191148,-29.224186
6547008,191120,-29.224186
6552008,191092,-29.224186
6557008,191064,-29.224186
6562008,191036,-29.224186
6567008,191008,-29.224186
6572008,190980,-29.224186
6577008,190951,-30.267906
6582008,190923,-29.224186
6587008,190895,-29.224186
6592008,190867,-29.224186
6597008,190839,-29.224186
6602008,190811,-29.224186
6607008,190783,-29.224186
6612008,190755,-29.224186
6617008,190727,-29.224186
6622008,190699,-29.224186
6627008,190671,-29.224186
6632008,190642,-30.267906
6637008,190614,-29.224186
6642008,190586,-29.224186
6647008,190558,-29.224186
6652008,190530,-29.224186
6657008,190502,-29.224186
6662008,190474,-29.224186
6667008,190446,-29.224186
6672008,190417,-30.267906
6677008,190389,-29.224186
6682008,190361,-29.224186
6687008,190333,-29.224186
6692008,190305,-29.224186
6697008,190277,-29.224186
6702008,190249,-29.224186
6707008,190221,-29.224186
6712008,190193,-29.224186
6717008,190164,-30.267906
6722008,190136,-29.224186
6727008,190108,-29.224186
6732008,190080,-29.224186
6737008,190052,-29.224186
6742008,190024,-29.224186
6747008,189996,-29.224186
6752008,189968,-29.224186
6757008,189939,-30.267906
6762008,189911,-29.224186
6767008,189883,-29.224186
6772008,189855,-29.224186
6777008,189827,-29.224186
6782008,189799,-29.224186
6787008,189771,-29.224186
6792008,189743,-29.224186
6797008,189714,-30.267906
6802008,189686,-29.224186
6807008,189658,-29.224186
6812008,189630,-29.224186
6817008,189602,-29.224186
6822008,189574,-29.224186
6827008,189546,-29.224186
6832008,189518,-29.224186
6837008,189489,-30.267906
6842008,189461,-29.224186
6847008,189433,-29.224186
6852008,189405,-29.224186
6857008,189377,-29.224186
6862008,189349,-29.224186
6867008,189321,-29.224186
6872008,189293,-29.224186
6877008,189264,-30.267906
6882008,189236,-29.224186
6887008,189208,-29.224186
6892008,189180,-29.224186
6897008,189152,-29.224186
6902008,189124,-29.224186
6907008,189095,-30.267906
6912008,189067,-29.224186
6917008,189039,-29.224186
6922008,189011,-29.224186
6927008,188983,-29.224186
6932008,188955,-29.224186
6937008,188927,-29.224186
6942008,188899,-29.224186
6947008,188871,-29.224186
6952008,188842,-30.267906
6957008,188814,-29.224186
6962008,188786,-29.224186
6967008,188758,-29.224186
6972008,188730,-29.224186
6977008,188702,-29.224186
6982008,188674,-29.224186
6987008,188645,-30.267906
6992008,188617,-29.224186
6997008,188589,-29.224186
7002008,188561,-29.224186
7007008,188533,-29.224186
7012008,188505,-29.224186
7017008,188477,-29.224186
7022008,188449,-29.224186
7027008,188421,-29.224186
7032008,188393,-29.224186
7037008,188364,-30.267906
7042008,188336,-29.224186
7047008,188308,-29.224186
7052008,188280,-29.224186
7057008,188252,-29.224186
7062008,188224,-29.224186
7067008,188196,-29.224186
7072008,188168,-29.224186
7077008,188140,-29.224186
7082008,188112,-29.224186
7087008,188084,-29.224186
7092008,188055,-30.267906
7097008,188027,-29.224186
7102008,187999,-29.224186
7107008,187971,-29.224186
7112008,187943,-29.224186
7117008,187915,-29.224186
7122008,187887,-29.224186
7127008,187859,-29.224186
7132008,187831,-29.224186
7137008,187803,-29.224186
7142008,187775,-29.224186
7147008,187747,-29.224186
7152008,187718,-30.267906
7157008,187690,-29.224186
7162008,187662,-29.224186
7167008,187634,-29.224186
7172008,187606,-29.224186
7177008,187578,-29.224186
7182008,187550,-29.224186
7187008,187522,-29.224186
7192008,187494,-29.224186
7197008,187466,-29.224186
7202008,187438,-29.224186
7207008,187409,-30.267906
7212008,187381,-29.224186
7217008,187353,-29.224186
7222008,187325,-29.224186
7227008,187297,-29.224186
7232008,187269,-29.224186
7237008,187241,-29.224186
7242008,187213,-29.224186
7247008,187185,-29.224186
7252008,187157,-29.224186
7257008,187129,-29.224186
7262008,187100,-30.267906
7267008,187072,-29.224186
7272008,187044,-29.224186
7277008,187016,-29.224186
7282008,186988,-29.224186
7287008,186960,-29.224186
7292008,186932,-29.224186
7297008,186904,-29.224186
7302008,186876,-29.224186
7307008,186848,-29.224186
7312008,186820,-29.224186
7317008,186791,-30.267906
7322008,186763,-29.224186
7327008,186735,-29.224186
7332008,186707,-29.224186
7337008,186679,-29.224186
7342008,186651,-29.224186
7347008,186623,-29.224186
7352008,186595,-29.224186
7357008,186567,-29.224186
7362008,186539,-29.224186
7367008,186510,-30.267906
7372008,186482,-29.224186
7377008,186454,-29.224186
7382008,186426,-29.224186
7387008,186398,-29.224186
7392008,186370,-29.224186
7397008,186342,-29.224186
7402008,186314,-29.224186
7407008,186285,-30.267906
7412008,186257,-29.224186
7417008,186229,-29.224186
7422008,186201,-29.224186
7427008,186173,-29.224186
7432008,186145,-29.224186
7437008,186117,-29.224186
7442008,186089,-29.224186
7447008,186061,-29.224186
7452008,186033,-29.224186
7457008,186005,-29.224186
7462008,185976,-30.267906
7467008,185948,-29.224186
7472008,185920,-29.224186
7477008,185892,-29.224186
7482008,185864,-29.224186
7487008,185836,-29.224186
7492008,185808,-29.224186
7497008,185780,-29.224186
7502008,185752,-29.224186
7507008,185723,-30.267906
7512008,185695,-29.224186
7517008,185667,-29.224186
7522008,185639,-29.224186
7527008,185611,-29.224186
7532008,185583,-29.224186
7537008,185555,-29.224186
7542008,185527,-29.224186
7547008,185499,-29.224186
7552008,185470,-30.267906
7557008,185442,-29.224186
7562008,185414,-29.224186
7567008,185386,-29.224186
7572008,185358,-29.224186
7577008,185330,-29.224186
7582008,185302,-29.224186
7587008,185274,-29.224186
7592008,185245,-30.267906
7597008,185217,-29.224186
7602008,185189,-29.224186
7607008,185161,-29.224186
7612008,185133,-29.224186
7617008,185105,-29.224186
7622008,185077,-29.224186
7627008,185049,-29.224186
7632008,185021,-29.224186
7637008,184993,-29.224186
7642008,184964,-30.267906
7647008,184936,-29.224186
7652008,184908,-29.224186
7657008,184880,-29.224186
7662008,184852,-29.224186
7667008,184824,-29.224186
7672008,184795,-30.267906
7677008,184767,-29.224186
7682008,184739,-29.224186
7687008,184711,-29.224186
7692008,184683,-29.224186
7697008,184655,-29.224186
7702008,184627,-29.224186
7707008,184599,-29.224186
7712008,184571,-29.224186
7717008,184543,-29.224186
7722008,184514,-30.267906
7727008,184486,-29.224186
7732008,184458,-29.224186
7737008,184430,-29.224186
7742008,184402,-29.224186
7747008,184374,-29.224186
7752008,184346,-29.224186
7757008,184317,-30.267906
7762008,184289,-29.224186
7767008,184261,-29.224186
7772008,184233,-29.224186
7777008,184205,-29.224186
7782008,184177,-29.224186
7787008,184149,-29.224186
7792008,184121,-29.224186
7797008,184093,-29.224186
7802008,184064,-30.267906
7807008,184036,-29.224186
7812008,184008,-29.224186
7817008,183980,-29.224186
7822008,183952,-29.224186
7827008,183924,-29.224186
7832008,183896,-29.224186
7837008,183867,-30.267906
7842008,183839,-29.224186
7847008,183811,-29.224186
7852008,183783,-29.224186
7857008,183755,-29.224186
7862008,183727,-29.224186
7867008,183699,-29.224186
7872008,183671,-29.224186
7877008,183643,-29.224186
7882008,183614,-30.267906
7887008,183586,-29.224186
7892008,183558,-29.224186
7897008,183530,-29.224186
7902008,183502,-29.224186
7907008,183474,-29.224186
7912008,183446,-29.224186
7917008,183417,-30.267906
7922008,183389,-29.224186
7927008,183361,-29.224186
7932008,183333,-29.224186
7937008,183305,-29.224186
7942008,183277,-29.224186
7947008,183249,-29.224186
7952008,183221,-29.224186
7957008,183192,-30.267906
7962008,183164,-29.224186
7967008,183136,-29.224186
7972008,183108,-29.224186
7977008,183080,-29.224186
7982008,183052,-29.224186
7987008,183023,-30.267906
7992008,182995,-29.224186
7997008,182967,-29.224186
8002008,182939,-29.224186
8007008,182911,-29.224186
8012008,182883,-29.224186
8017008,182855,-29.224186
8022008,182826,-30.267906
8027008,182798,-29.224186
8032008,182770,-29.224186
8037008,182742,-29.224186
8042008,182714,-29.224186
8047008,182686,-29.224186
8052008,182658,-29.224186
8057008,182629,-30.267906
8062008,182601,-29.224186
8067008,182573,-29.224186
8072008,182545,-29.224186
8077008,182517,-29.224186
8082008,182489,-29.224186
8087008,182461,-29.224186
8092008,182432,-30.267906
8097008,182404,-29.224186
8102008,182376,-29.224186
8107008,182348,-29.224186
8112008,182320,-29.224186
8117008,182292,-29.224186
8122008,182263,-30.267906
8127008,182235,-29.224186
8132008,182207,-29.224186
8137008,182179,-29.224186
8142008,182151,-29.224186
8147008,182123,-29.224186
8152008,182095,-29.224186
8157008,182066,-30.267906
8162008,182038,-29.224186
8167008,182010,-29.224186
8172008,181982,-29.224186
8177008,181954,-29.224186
8182008,181926,-29.224186
8187008,181897,-30.267906
8192008,181869,-29.224186
8197008,181841,-29.224186
8202008,181813,-29.224186
8207008,181785,-29.224186
8212008,181757,-29.224186
8217008,181729,-29.224186
8222008,181700,-30.267906
8227008,181672,-29.224186
8232008,181644,-29.224186
8237008,181616,-29.224186
8242008,181588,-29.224186
8247008,181560,-29.224186
8252008,181532,-29.224186
8257008,181503,-30.267906
8262008,181475,-29.224186
8267008,181447,-29.224186
8272008,181419,-29.224186
8277008,181391,-29.224186
8282008,181363,-29.224186
8287008,181335,-29.224186
8292008,181307,-29.224186
8297008,181278,-30.267906
8302008,181250,-29.224186
8307008,181222,-29.224186
8312008,181194,-29.224186
8317008,181166,-29.224186
8322008,181138,-29.224186
8327008,181110,-29.224186
8332008,181082,-29.224186
8337008,181053,-30.267906
8342008,181025,-29.224186
8347008,180997,-29.224186
8352008,180969,-29.224186
8357008,180941,-29.224186
8362008,180913,-29.224186
8367008,180885,-29.224186
8372008,180856,-30.267906
8377008,180828,-29.224186
8382008,180800,-29.224186
8387008,180772,-29.224186
8392008,180744,-29.224186
8397008,180716,-29.224186
8402008,180688,-29.224186
8407008,180659,-30.267906
8412008,180631,-29.224186
8417008,180603,-29.224186
8422008,180575,-29.224186
8427008,180547,-29.224186
8432008,180519,-29.224186
8437008,180491,-29.224186
8442008,180463,-29.224186
8447008,180434,-30.267906
8452008,180406,-29.224186
8457008,180378,-29.224186
8462008,180350,-29.224186
8467008,180322,-29.224186
8472008,180294,-29.224186
8477008,180266,-29.224186
8482008,180237,-30.267906
8487008,180209,-29.224186
8492008,180181,-29.224186
8497008,180153,-29.224186
8502008,180125,-29.224186
8507008,180097,-29.224186
8512008,180069,-29.224186
8517008,180041,-29.224186
8522008,180012,-30.267906
8527008,179984,-29.224186
8532008,179956,-29.224186
8537008,179928,-29.224186
8542008,179900,-29.224186
8547008,179872,-29.224186
8552008,179844,-29.224186
8557008,179816,-29.224186
8562008,179787,-30.267906
8567008,179759,-29.224186
8572008,179731,-29.224186
8577008,179703,-29.224186
8582008,179675,-29.224186
8587008,179647,-29.224186
8592008,179619,-29.224186
8597008,179591,-29.224186
8602008,179562,-30.267906
8607008,179534,-29.224186
8612008,179506,-29.224186
8617008,179478,-29.224186
8622008,179450,-29.224186
8627008,179422,-29.224186
8632008,179394,-29.224186
8637008,179365,-30.267906
8642008,179337,-29.224186
8647008,179309,-29.224186
8652008,179281,-29.224186
8657008,179253,-29.224186
8662008,179225,-29.224186
8667008,179197,-29.224186
8672008,179169,-29.224186
8677008,179141,-29.224186
8682008,179113,-29.224186
8687008,179084,-30.267906
8692008,179056,-29.224186
8697008,179028,-29.224186
8702008,179000,-29.224186
8707008,178972,-29.224186
8712008,178944,-29.224186
8717008,178916,-29.224186
8722008,178888,-29.224186
8727008,178859,-30.267906
8732008,178831,-29.224186
8737008,178803,-29.224186
8742008,178775,-29.224186
8747008,178747,-29.224186
8752008,178719,-29.224186
8757008,178691,-29.224186
8762008,178663,-29.224186
8767008,178635,-29.224186
8772008,178607,-29.224186
8777008,178578,-30.267906
8782008,178550,-29.224186
8787008,178522,-29.224186
8792008,178494,-29.224186
8797008,178466,-29.224186
8802008,178438,-29.224186
8807008,178410,-29.224186
8812008,178382,-29.224186
8817008,178354,-29.224186
8822008,178325,-30.267906
8827008,178297,-29.224186
8832008,178269,-29.224186
8837008,178241,-29.224186
8842008,178213,-29.224186
8847008,178185,-29.224186
8852008,178157,-29.224186
8857008,178129,-29.224186
8862008,178101,-29.224186
8867008,178072,-30.267906
8872008,178044,-29.224186
8877008,178016,-29.224186
8882008,177988,-29.224186
8887008,177960,-29.224186
8892008,177932,-29.224186
8897008,177904,-29.224186
8902008,177876,-29.224186
8907008,177847,-30.267906
8912008,177819,-29.224186
8917008,177791,-29.224186
8922008,177763,-29.224186
8927008,177735,-29.224186
8932008,177707,-29.224186
8937008,177679,-29.224186
8942008,177651,-29.224186
8947008,177623,-29.224186
8952008,177594,-30.267906
8957008,177566,-29.224186
8962008,177538,-29.224186
8967008,177510,-29.224186
8972008,177482,-29.224186
8977008,177454,-29.224186
8982008,177426,-29.224186
8987008,177397,-30.267906
8992008,177369,-29.224186
8997008,177341,-29.224186
9002008,177313,-29.224186
9007008,177285,-29.224186
9012008,177257,-29.224186
9017008,177229,-29.224186
9022008,177201,-29.224186
9027008,177172,-30.267906
9032008,177144,-29.224186
9037008,177116,-29.224186
9042008,177088,-29.224186
9047008,177060,-29.224186
9052008,177032,-29.224186
9057008,177004,-29.224186
9062008,176976,-29.224186
9067008,176947,-30.267906
9072008,176919,-29.224186
9077008,176891,-29.224186
9082008,176863,-29.224186
9087008,176835,-29.224186
9092008,176807,-29.224186
9097008,176779,-29.224186
9102008,176751,-29.224186
9107008,176722,-30.267906
9112008,176694,-29.224186
9117008,176666,-29.224186
9122008,176638,-29.224186
9127008,176610,-29.224186
9132008,176582,-29.224186
9137008,176554,-29.224186
9142008,176526,-29.224186
9147008,176497,-30.267906
9152008,176469,-29.224186
9157008,176441,-29.224186
9162008,176413,-29.224186
9167008,176385,-29.224186
9172008,176357,-29.224186
9177008,176329,-29.224186
9182008,176301,-29.224186
9187008,176273,-29.224186
9192008,176244,-30.267906
9197008,176216,-29.224186
9202008,176188,-29.224186
9207008,176160,-29.224186
9212008,176132,-29.224186
9217008,176104,-29.224186
9222008,176076,-29.224186
9227008,176048,-29.224186
9232008,176020,-29.224186
9237008,175991,-30.267906
9242008,175963,-29.224186
9247008,175935,-29.224186
9252008,175907,-29.224186
9257008,175879,-29.224186
9262008,175851,-29.224186
9267008,175823,-29.224186
9272008,175795,-29.224186
9277008,175766,-30.267906
9282008,175738,-29.224186
9287008,175710,-29.224186
9292008,175682,-29.224186
9297008,175654,-29.224186
9302008,175626,-29.224186
9307008,175598,-29.224186
9312008,175570,-29.224186
9317008,175541,-30.267906
9322008,175513,-29.224186
9327008,175485,-29.224186
9332008,175457,-29.224186
9337008,175429,-29.224186
9342008,175401,-29.224186
9347008,175373,-29.224186
9352008,175345,-29.224186
9357008,175316,-30.267906
9362008,175288,-29.224186
9367008,175260,-29.224186
9372008,175232,-29.224186
9377008,175204,-29.224186
9382008,175176,-29.224186
9387008,175147,-30.267906
9392008,175119,-29.224186
9397008,175091,-29.224186
9402008,175063,-29.224186
9407008,175035,-29.224186
9412008,175007,-29.224186
9417008,174979,-29.224186
9422008,174950,-30.267906
9427008,174922,-29.224186
9432008,174894,-29.224186
9437008,174866,-29.224186
9442008,174838,-29.224186
9447008,174810,-29.224186
9452008,174782,-29.224186
9457008,174753,-30.267906
9462008,174725,-29.224186
9467008,174697,-29.224186
9472008,174669,-29.224186
9477008,174641,-29.224186
9482008,174613,-29.224186
9487008,174585,-29.224186
9492008,174557,-29.224186
9497008,174528,-30.267906
9502008,174500,-29.224186
9507008,174472,-29.224186
9512008,174444,-29.224186
9517008,174416,-29.224186
9522008,174388,-29.224186
9527008,174360,-29.224186
9532008,174331,-30.267906
9537008,174303,-29.224186
9542008,174275,-29.224186
9547008,174247,-29.224186
9552008,174219,-29.224186
9557008,174191,-29.224186
9562008,174163,-29.224186
9567008,174135,-29.224186
9572008,174107,-29.224186
9577008,174079,-29.224186
9582008,174051,-29.224186
9587008,174022,-30.267906
9592008,173994,-29.224186
9597008,173966,-29.224186
9602008,173938,-29.224186
9607008,173910,-29.224186
9612008,173882,-29.224186
9617008,173854,-29.224186
9622008,173826,-29.224186
9627008,173798,-29.224186
9632008,173769,-30.267906
9637008,173741,-29.224186
9642008,173713,-29.224186
9647008,173685,-29.224186
9652008,173657,-29.224186
9657008,173629,-29.224186
9662008,173601,-29.224186
9667008,173573,-29.224186
9672008,173545,-29.224186
9677008,173517,-29.224186
9682008,173489,-29.224186
9687008,173461,-29.224186
9692008,173432,-30.267906
9697008,173404,-29.224186
9702008,173376,-29.224186
9707008,173348,-29.224186
9712008,173320,-29.224186
9717008,173292,-29.224186
9722008,173264,-29.224186
9727008,173236,-29.224186
9732008,173208,-29.224186
9737008,173179,-30.267906
9742008,173151,-29.224186
9747008,173123,-29.224186
9752008,173095,-29.224186
9757008,173067,-29.224186
9762008,173039,-29.224186
9767008,173011,-29.224186
9772008,172983,-29.224186
9777008,172955,-29.224186
9782008,172927,-29.224186
9787008,172899,-29.224186
9792008,172870,-30.267906
9797008,172842,-29.224186
9802008,172814,-29.224186
9807008,172786,-29.224186
9812008,172758,-29.224186
9817008,172730,-29.224186
9822008,172702,-29.224186
9827008,172674,-29.224186
9832008,172646,-29.224186
9837008,172617,-30.267906
9842008,172589,-29.224186
9847008,172561,-29.224186
9852008,172533,-29.224186
9857008,172505,-29.224186
9862008,172477,-29.224186
9867008,172449,-29.224186
9872008,172421,-29.224186
9877008,172393,-29.224186
9882008,172364,-30.267906
9887008,172336,-29.224186
9892008,172308,-29.224186
9897008,172280,-29.224186
9902008,172252,-29.224186
9907008,172224,-29.224186
9912008,172196,-29.224186
9917008,172168,-29.224186
9922008,172139,-30.267906
9927008,172111,-29.224186
9932008,172083,-29.224186
9937008,172055,-29.224186
9942008,172027,-29.224186
9947008,171999,-29.224186
9952008,171971,-29.224186
9957008,171943,-29.224186
9962008,171914,-30.267906
9967008,171886,-29.224186
9972008,171858,-29.224186
9977008,171830,-29.224186
9982008,171802,-29.224186
9987008,171774,-29.224186
9992008,171746,-29.224186
9997008,171718,-29.224186
10002008,171689,-30.267906
10007008,171661,-29.224186
10012008,171633,-29.224186
10017008,171605,-29.224186
10022008,171577,-29.224186
10027008,171549,-29.224186
10032008,171521,-29.224186
10037008,171493,-29.224186
10042008,171464,-30.267906
10047008,171436,-29.224186
10052008,171408,-29.224186
10057008,171380,-29.224186
10062008,171352,-29.224186
10067008,171324,-29.224186
10072008,171295,-30.267906
10077008,171267,-29.224186
10082008,171239,-29.224186
10087008,171211,-29.224186
10092008,171183,-29.224186
10097008,171155,-29.224186
10102008,171127,-29.224186
10107008,171099,-29.224186
10112008,171070,-30.267906
10117008,171042,-29.224186
10122008,171014,-29.224186
10127008,170986,-29.224186
10132008,170958,-29.224186
10137008,170930,-29.224186
10142008,170902,-29.224186
10147008,170873,-30.267906
10152008,170845,-29.224186
10157008,170817,-29.224186
10162008,170789,-29.224186
10167008,170761,-29.224186
10172008,170733,-29.224186
10177008,170705,-29.224186
10182008,170677,-29.224186
10187008,170648,-30.267906
10192008,170620,-29.224186
10197008,170592,-29.224186
10202008,170564,-29.224186
10207008,170536,-29.224186
10212008,170508,-29.224186
10217008,170479,-30.267906
10222008,170451,-29.224186
10227008,170423,-29.224186
10232008,170395,-29.224186
10237008,170367,-29.224186
10242008,170339,-29.224186
10247008,170311,-29.224186
10252008,170282,-30.267906
10257008,170254,-29.224186
10262008,170226,-29.224186
10267008,170198,-29.224186
10272008,170170,-29.224186
10277008,170142,-29.224186
10282008,170114,-29.224186
10287008,170085,-30.267906
10292008,170057,-29.224186
10297008,170029,-29.224186
10302008,170001,-29.224186
10307008,169973,-29.224186
10312008,169945,-29.224186
