
Time_us,Position,Speed_rad_per_s
1312008,227315,0.000000
1317008,227313,-2.087442
1322008,227310,-3.131163
1327008,227304,-6.262325
1332008,227295,-9.393488
1337008,227286,-9.393488
1342008,227274,-12.524651
1347008,227261,-13.568372
1352008,227246,-15.655814
1357008,227230,-16.699535
1362008,227214,-16.699535
1367008,227196,-18.786976
1372008,227177,-19.830698
1377008,227157,-20.874418
1382008,227137,-20.874418
1387008,227116,-21.918139
1392008,227095,-21.918139
1397008,227073,-22.961861
1402008,227050,-24.005581
1407008,227027,-24.005581
1412008,227004,-24.005581
1417008,226980,-25.049301
1422008,226956,-25.049301
1427008,226931,-26.093023
1432008,226906,-26.093023
1437008,226881,-26.093023
1442008,226856,-26.093023
1447008,226830,-27.136744
1452008,226805,-26.093023
1457008,226779,-27.136744
1462008,226753,-27.136744
1467008,226726,-28.180466
1472008,226700,-27.136744
1477008,226673,-28.180466
1482008,226647,-27.136744
1487008,226620,-28.180466
1492008,226593,-28.180466
1497008,226566,-28.180466
1502008,226539,-28.180466
1507008,226511,-29.224186
1512008,226484,-28.180466
1517008,226457,-28.180466
1522008,226430,-28.180466
1527008,226402,-29.224186
1532008,226375,-28.180466
1537008,226347,-29.224186
1542008,226320,-28.180466
1547008,226293,-28.180466
1552008,226265,-29.224186
1557008,226238,-28.180466
1562008,226210,-29.224186
1567008,226183,-28.180466
1572008,226155,-29.224186
1577008,226128,-28.180466
1582008,226100,-29.224186
1587008,226073,-28.180466
1592008,226045,-29.224186
1597008,226018,-28.180466
1602008,225990,-29.224186
1607008,225962,-29.224186
1612008,225935,-28.180466
1617008,225907,-29.224186
1622008,225880,-28.180466
1627008,225852,-29.224186
1632008,225825,-28.180466
1637008,225797,-29.224186
1642008,225770,-28.180466
1647008,225742,-29.224186
1652008,225715,-28.180466
1657008,225687,-29.224186
1662008,225660,-28.180466
1667008,225632,-29.224186
1672008,225605,-28.180466
1677008,225577,-29.224186
1682008,225550,-28.180466
1687008,225522,-29.224186
1692008,225495,-28.180466
1697008,225467,-29.224186
1702008,225440,-28.180466
1707008,225412,-29.224186
1712008,225384,-29.224186
1717008,225357,-28.180466
1722008,225329,-29.224186
1727008,225302,-28.180466
1732008,225274,-29.224186
1737008,225247,-28.180466
1742008,225219,-29.224186
1747008,225192,-28.180466
1752008,225164,-29.224186
1757008,225137,-28.180466
1762008,225109,-29.224186
1767008,225082,-28.180466
1772008,225054,-29.224186
1777008,225026,-29.224186
1782008,224999,-28.180466
1787008,224971,-29.224186
1792008,224944,-28.180466
1797008,224916,-29.224186
1802008,224889,-28.180466
1807008,224861,-29.224186
1812008,224833,-29.224186
1817008,224806,-28.180466
1822008,224778,-29.224186
1827008,224751,-28.180466
1832008,224723,-29.224186
1837008,224696,-28.180466
1842008,224668,-29.224186
1847008,224640,-29.224186
1852008,224613,-28.180466
1857008,224585,-29.224186
1862008,224558,-28.180466
1867008,224530,-29.224186
1872008,224503,-28.180466
1877008,224475,-29.224186
1882008,224448,-28.180466
1887008,224420,-29.224186
1892008,224392,-29.224186
1897008,224365,-28.180466
1902008,224337,-29.224186
1907008,224310,-28.180466
1912008,224282,-29.224186
1917008,224255,-28.180466
1922008,224227,-29.224186
1927008,224199,-29.224186
1932008,224172,-28.180466
1937008,224144,-29.224186
1942008,224117,-28.180466
1947008,224089,-29.224186
1952008,224062,-28.180466
1957008,224034,-29.224186
1962008,224007,-28.180466
1967008,223979,-29.224186
1972008,223952,-28.180466
1977008,223924,-29.224186
1982008,223897,-28.180466
1987008,223869,-29.224186
1992008,223842,-28.180466
1997008,223814,-29.224186
2002008,223787,-28.180466
2007008,223759,-29.224186
2012008,223732,-28.180466
2017008,223704,-29.224186
2022008,223677,-28.180466
2027008,223649,-29.224186
2032008,223622,-28.180466
2037008,223594,-29.224186
2042008,223567,-28.180466
2047008,223539,-29.224186
2052008,223512,-28.180466
2057008,223484,-29.224186
2062008,223457,-28.180466
2067008,223429,-29.224186
2072008,223402,-28.180466
2077008,223374,-29.224186
2082008,223347,-28.180466
2087008,223319,-29.224186
2092008,223292,-28.180466
2097008,223264,-29.224186
2102008,223236,-29.224186
2107008,223209,-28.180466
2112008,223182,-28.180466
2117008,223154,-29.224186
2122008,223126,-29.224186
2127008,223099,-28.180466
2132008,223071,-29.224186
2137008,223044,-28.180466
2142008,223016,-29.224186
2147008,222989,-28.180466
2152008,222961,-29.224186
2157008,222934,-28.180466
2162008,222906,-29.224186
2167008,222878,-29.224186
2172008,222851,-28.180466
2177008,222823,-29.224186
2182008,222796,-28.180466
2187008,222768,-29.224186
2192008,222741,-28.180466
2197008,222713,-29.224186
2202008,222686,-28.180466
2207008,222658,-29.224186
2212008,222630,-29.224186
2217008,222603,-28.180466
2222008,222575,-29.224186
2227008,222548,-28.180466
2232008,222520,-29.224186
2237008,222493,-28.180466
2242008,222465,-29.224186
2247008,222438,-28.180466
2252008,222410,-29.224186
2257008,222383,-28.180466
2262008,222355,-29.224186
2267008,222328,-28.180466
2272008,222300,-29.224186
2277008,222273,-28.180466
2282008,222245,-29.224186
2287008,222218,-28.180466
2292008,222190,-29.224186
2297008,222163,-28.180466
2302008,222135,-29.224186
2307008,222108,-28.180466
2312008,222080,-29.224186
2317008,222052,-29.224186
2322008,222025,-28.180466
2327008,221997,-29.224186
2332008,221970,-28.180466
2337008,221942,-29.224186
2342008,221915,-28.180466
2347008,221887,-29.224186
2352008,221859,-29.224186
2357008,221832,-28.180466
2362008,221804,-29.224186
2367008,221776,-29.224186
2372008,221749,-28.180466
2377008,221721,-29.224186
2382008,221694,-28.180466
2387008,221666,-29.224186
2392008,221638,-29.224186
2397008,221611,-28.180466
2402008,221583,-29.224186
2407008,221556,-28.180466
2412008,221528,-29.224186
2417008,221500,-29.224186
2422008,221473,-28.180466
2427008,221445,-29.224186
2432008,221418,-28.180466
2437008,221390,-29.224186
2442008,221362,-29.224186
2447008,221335,-28.180466
2452008,221307,-29.224186
2457008,221279,-29.224186
2462008,221252,-28.180466
2467008,221224,-29.224186
2472008,221196,-29.224186
2477008,221169,-28.180466
2482008,221141,-29.224186
2487008,221114,-28.180466
2492008,221086,-29.224186
2497008,221058,-29.224186
2502008,221031,-28.180466
2507008,221003,-29.224186
2512008,220975,-29.224186
2517008,220948,-28.180466
2522008,220920,-29.224186
2527008,220892,-29.224186
2532008,220865,-28.180466
2537008,220837,-29.224186
2542008,220809,-29.224186
2547008,220782,-28.180466
2552008,220754,-29.224186
2557008,220726,-29.224186
2562008,220699,-28.180466
2567008,220671,-29.224186
2572008,220643,-29.224186
2577008,220616,-28.180466
2582008,220588,-29.224186
2587008,220560,-29.224186
2592008,220533,-28.180466
2597008,220505,-29.224186
2602008,220478,-28.180466
2607008,220450,-29.224186
2612008,220423,-28.180466
2617008,220395,-29.224186
2622008,220367,-29.224186
2627008,220340,-28.180466
2632008,220312,-29.224186
2637008,220285,-28.180466
2642008,220257,-29.224186
2647008,220230,-28.180466
2652008,220202,-29.224186
2657008,220175,-28.180466
2662008,220147,-29.224186
2667008,220119,-29.224186
2672008,220092,-28.180466
2677008,220064,-29.224186
2682008,220037,-28.180466
2687008,220009,-29.224186
2692008,219982,-28.180466
2697008,219954,-29.224186
2702008,219927,-28.180466
2707008,219899,-29.224186
2712008,219872,-28.180466
2717008,219844,-29.224186
2722008,219817,-28.180466
2727008,219789,-29.224186
2732008,219762,-28.180466
2737008,219734,-29.224186
2742008,219707,-28.180466
2747008,219679,-29.224186
2752008,219651,-29.224186
2757008,219624,-28.180466
2762008,219596,-29.224186
2767008,219569,-28.180466
2772008,219541,-29.224186
2777008,219514,-28.180466
2782008,219486,-29.224186
2787008,219459,-28.180466
2792008,219431,-29.224186
2797008,219404,-28.180466
2802008,219376,-29.224186
2807008,219349,-28.180466
2812008,219321,-29.224186
2817008,219294,-28.180466
2822008,219266,-29.224186
2827008,219239,-28.180466
2832008,219211,-29.224186
2837008,219183,-29.224186
2842008,219156,-28.180466
2847008,219128,-29.224186
2852008,219101,-28.180466
2857008,219073,-29.224186
2862008,219046,-28.180466
2867008,219018,-29.224186
2872008,218991,-28.180466
2877008,218963,-29.224186
2882008,218936,-28.180466
2887008,218908,-29.224186
2892008,218880,-29.224186
2897008,218853,-28.180466
2902008,218825,-29.224186
2907008,218798,-28.180466
2912008,218770,-29.224186
2917008,218743,-28.180466
2922008,218715,-29.224186
2927008,218688,-28.180466
2932008,218660,-29.224186
2937008,218633,-28.180466
2942008,218605,-29.224186
2947008,218577,-29.224186
2952008,218550,-28.180466
2957008,218522,-29.224186
2962008,218495,-28.180466
2967008,218467,-29.224186
2972008,218440,-28.180466
2977008,218412,-29.224186
2982008,218385,-28.180466
2987008,218357,-29.224186
2992008,218330,-28.180466
2997008,218302,-29.224186
3002008,218274,-29.224186
3007008,218247,-28.180466
3012008,218219,-29.224186
3017008,218192,-28.180466
3022008,218164,-29.224186
3027008,218137,-28.180466
3032008,218109,-29.224186
3037008,218082,-28.180466
3042008,218054,-29.224186
3047008,218026,-29.224186
3052008,217999,-28.180466
3057008,217971,-29.224186
3062008,217944,-28.180466
3067008,217916,-29.224186
3072008,217889,-28.180466
3077008,217861,-29.224186
3082008,217834,-28.180466
3087008,217806,-29.224186
3092008,217779,-28.180466
3097008,217751,-29.224186
3102008,217723,-29.224186
3107008,217696,-28.180466
3112008,217668,-29.224186
3117008,217641,-28.180466
3122008,217613,-29.224186
3127008,217586,-28.180466
3132008,217558,-29.224186
3137008,217531,-28.180466
3142008,217503,-29.224186
3147008,217476,-28.180466
3152008,217448,-29.224186
3157008,217421,-28.180466
3162008,217393,-29.224186
3167008,217365,-29.224186
3172008,217338,-28.180466
3177008,217310,-29.224186
3182008,217283,-28.180466
3187008,217255,-29.224186
3192008,217228,-28.180466
3197008,217200,-29.224186
3202008,217173,-28.180466
3207008,217145,-29.224186
3212008,217118,-28.180466
3217008,217090,-29.224186
3222008,217063,-28.180466
3227008,217035,-29.224186
3232008,217007,-29.224186
3237008,216980,-28.180466
3242008,216952,-29.224186
3247008,216925,-28.180466
3252008,216897,-29.224186
3257008,216870,-28.180466
3262008,216842,-29.224186
3267008,216815,-28.180466
3272008,216787,-29.224186
3277008,216760,-28.180466
3282008,216732,-29.224186
3287008,216705,-28.180466
3292008,216677,-29.224186
3297008,216650,-28.180466
3302008,216622,-29.224186
3307008,216594,-29.224186
3312008,216567,-28.180466
3317008,216539,-29.224186
3322008,216512,-28.180466
3327008,216484,-29.224186
3332008,216457,-28.180466
3337008,216429,-29.224186
3342008,216402,-28.180466
3347008,216374,-29.224186
3352008,216347,-28.180466
3357008,216319,-29.224186
3362008,216291,-29.224186
3367008,216264,-28.180466
3372008,216236,-29.224186
3377008,216209,-28.180466
3382008,216181,-29.224186
3387008,216154,-28.180466
3392008,216126,-29.224186
3397008,216099,-28.180466
3402008,216071,-29.224186
3407008,216044,-28.180466
3412008,216016,-29.224186
3417008,215989,-28.180466
3422008,215961,-29.224186
3427008,215934,-28.180466
3432008,215906,-29.224186
3437008,215879,-28.180466
3442008,215851,-29.224186
3447008,215824,-28.180466
3452008,215796,-29.224186
3457008,215769,-28.180466
3462008,215741,-29.224186
3467008,215714,-28.180466
3472008,215686,-29.224186
3477008,215658,-29.224186
3482008,215631,-28.180466
3487008,215603,-29.224186
3492008,215576,-28.180466
3497008,215548,-29.224186
3502008,215521,-28.180466
3507008,215493,-29.224186
3512008,215466,-28.180466
3517008,215438,-29.224186
3522008,215411,-28.180466
3527008,215383,-29.224186
3532008,215356,-28.180466
3537008,215328,-29.224186
3542008,215301,-28.180466
3547008,215273,-29.224186
3552008,215246,-28.180466
3557008,215218,-29.224186
3562008,215191,-28.180466
3567008,215163,-29.224186
3572008,215136,-28.180466
3577008,215108,-29.224186
3582008,215081,-28.180466
3587008,215053,-29.224186
3592008,215025,-29.224186
3597008,214998,-28.180466
3602008,214970,-29.224186
3607008,214943,-28.180466
3612008,214915,-29.224186
3617008,214888,-28.180466
3622008,214860,-29.224186
3627008,214833,-28.180466
3632008,214805,-29.224186
3637008,214778,-28.180466
3642008,214750,-29.224186
3647008,214723,-28.180466
3652008,214695,-29.224186
3657008,214668,-28.180466
3662008,214640,-29.224186
3667008,214613,-28.180466
3672008,214585,-29.224186
3677008,214558,-28.180466
3682008,214530,-29.224186
3687008,214503,-28.180466
3692008,214475,-29.224186
3697008,214448,-28.180466
3702008,214420,-29.224186
3707008,214393,-28.180466
3712008,214365,-29.224186
3717008,214338,-28.180466
3722008,214310,-29.224186
3727008,214282,-29.224186
3732008,214255,-28.180466
3737008,214227,-29.224186
3742008,214200,-28.180466
3747008,214172,-29.224186
3752008,214145,-28.180466
3757008,214117,-29.224186
3762008,214090,-28.180466
3767008,214062,-29.224186
3772008,214035,-28.180466
3777008,214007,-29.224186
3782008,213980,-28.180466
3787008,213952,-29.224186
3792008,213925,-28.180466
3797008,213897,-29.224186
3802008,213869,-29.224186
3807008,213842,-28.180466
3812008,213814,-29.224186
3817008,213787,-28.180466
3822008,213759,-29.224186
3827008,213732,-28.180466
3832008,213704,-29.224186
3837008,213677,-28.180466
3842008,213649,-29.224186
3847008,213622,-28.180466
3852008,213594,-29.224186
3857008,213566,-29.224186
3862008,213539,-28.180466
3867008,213511,-29.224186
3872008,213484,-28.180466
3877008,213456,-29.224186
3882008,213429,-28.180466
3887008,213401,-29.224186
3892008,213374,-28.180466
3897008,213346,-29.224186
3902008,213318,-29.224186
3907008,213291,-28.180466
3912008,213263,-29.224186
3917008,213236,-28.180466
3922008,213208,-29.224186
3927008,213181,-28.180466
3932008,213153,-29.224186
3937008,213126,-28.180466
3942008,213098,-29.224186
3947008,213070,-29.224186
3952008,213043,-28.180466
3957008,213015,-29.224186
3962008,212988,-28.180466
3967008,212960,-29.224186
3972008,212933,-28.180466
3977008,212905,-29.224186
3982008,212878,-28.180466
3987008,212850,-29.224186
3992008,212823,-28.180466
3997008,212795,-29.224186
4002008,212768,-28.180466
4007008,212740,-29.224186
4012008,212712,-29.224186
4017008,212685,-28.180466
4022008,212657,-29.224186
4027008,212630,-28.180466
4032008,212602,-29.224186
4037008,212575,-28.180466
4042008,212547,-29.224186
4047008,212520,-28.180466
4052008,212492,-29.224186
4057008,212465,-28.180466
4062008,212437,-29.224186
4067008,212410,-28.180466
4072008,212382,-29.224186
4077008,212355,-28.180466
4082008,212327,-29.224186
4087008,212300,-28.180466
4092008,212272,-29.224186
4097008,212244,-29.224186
4102008,212217,-28.180466
4107008,212189,-29.224186
4112008,212162,-28.180466
4117008,212134,-29.224186
4122008,212107,-28.180466
4127008,212079,-29.224186
4132008,212052,-28.180466
4137008,212024,-29.224186
4142008,211997,-28.180466
4147008,211969,-29.224186
4152008,211941,-29.224186
4157008,211914,-28.180466
4162008,211886,-29.224186
4167008,211859,-28.180466
4172008,211831,-29.224186
4177008,211804,-28.180466
4182008,211776,-29.224186
4187008,211748,-29.224186
4192008,211721,-28.180466
4197008,211693,-29.224186
4202008,211666,-28.180466
4207008,211638,-29.224186
4212008,211611,-28.180466
4217008,211583,-29.224186
4222008,211555,-29.224186
4227008,211528,-28.180466
4232008,211500,-29.224186
4237008,211473,-28.180466
4242008,211445,-29.224186
4247008,211418,-28.180466
4252008,211390,-29.224186
4257008,211362,-29.224186
4262008,211335,-28.180466
4267008,211307,-29.224186
4272008,211280,-28.180466
4277008,211252,-29.224186
4282008,211225,-28.180466
4287008,211197,-29.224186
4292008,211170,-28.180466
4297008,211142,-29.224186
4302008,211114,-29.224186
4307008,211087,-28.180466
4312008,211059,-29.224186
4317008,211032,-28.180466
4322008,211004,-29.224186
4327008,210976,-29.224186
4332008,210949,-28.180466
4337008,210921,-29.224186
4342008,210894,-28.180466
4347008,210866,-29.224186
4352008,210839,-28.180466
4357008,210811,-29.224186
4362008,210783,-29.224186
4367008,210756,-28.180466
4372008,210728,-29.224186
4377008,210701,-28.180466
4382008,210673,-29.224186
4387008,210646,-28.180466
4392008,210618,-29.224186
4397008,210591,-28.180466
4402008,210563,-29.224186
4407008,210535,-29.224186
4412008,210508,-28.180466
4417008,210480,-29.224186
4422008,210453,-28.180466
4427008,210425,-29.224186
4432008,210398,-28.180466
4437008,210370,-29.224186
4442008,210343,-28.180466
4447008,210315,-29.224186
4452008,210287,-29.224186
4457008,210260,-28.180466
4462008,210232,-29.224186
4467008,210205,-28.180466
4472008,210177,-29.224186
4477008,210150,-28.180466
4482008,210122,-29.224186
4487008,210095,-28.180466
4492008,210067,-29.224186
4497008,210039,-29.224186
4502008,210012,-28.180466
4507008,209984,-29.224186
4512008,209957,-28.180466
4517008,209929,-29.224186
4522008,209902,-28.180466
4527008,209874,-29.224186
4532008,209846,-29.224186
4537008,209819,-28.180466
4542008,209791,-29.224186
4547008,209764,-28.180466
4552008,209736,-29.224186
4557008,209708,-29.224186
4562008,209681,-28.180466
4567008,209653,-29.224186
4572008,209626,-28.180466
4577008,209598,-29.224186
4582008,209571,-28.180466
4587008,209543,-29.224186
4592008,209515,-29.224186
4597008,209488,-28.180466
4602008,209460,-29.224186
4607008,209433,-28.180466
4612008,209405,-29.224186
4617008,209377,-29.224186
4622008,209350,-28.180466
4627008,209322,-29.224186
4632008,209295,-28.180466
4637008,209267,-29.224186
4642008,209240,-28.180466
4647008,209212,-29.224186
4652008,209184,-29.224186
4657008,209157,-28.180466
4662008,209129,-29.224186
4667008,209102,-28.180466
4672008,209074,-29.224186
4677008,209046,-29.224186
4682008,209019,-28.180466
4687008,208991,-29.224186
4692008,208964,-28.180466
4697008,208936,-29.224186
4702008,208908,-29.224186
4707008,208881,-28.180466
4712008,208853,-29.224186
4717008,208826,-28.180466
4722008,208798,-29.224186
4727008,208770,-29.224186
4732008,208743,-28.180466
4737008,208715,-29.224186
4742008,208688,-28.180466
4747008,208660,-29.224186
4752008,208633,-28.180466
4757008,208605,-29.224186
4762008,208577,-29.224186
4767008,208550,-28.180466
4772008,208522,-29.224186
4777008,208495,-28.180466
4782008,208467,-29.224186
4787008,208440,-28.180466
4792008,208412,-29.224186
4797008,208384,-29.224186
4802008,208357,-28.180466
4807008,208329,-29.224186
4812008,208302,-28.180466
4817008,208274,-29.224186
4822008,208247,-28.180466
4827008,208219,-29.224186
4832008,208191,-29.224186
4837008,208164,-28.180466
4842008,208136,-29.224186
4847008,208109,-28.180466
4852008,208081,-29.224186
4857008,208054,-28.180466
4862008,208026,-29.224186
4867008,207999,-28.180466
4872008,207971,-29.224186
4877008,207944,-28.180466
4882008,207916,-29.224186
4887008,207888,-29.224186
4892008,207861,-28.180466
4897008,207833,-29.224186
4902008,207806,-28.180466
4907008,207778,-29.224186
4912008,207751,-28.180466
4917008,207723,-29.224186
4922008,207696,-28.180466
4927008,207668,-29.224186
4932008,207640,-29.224186
4937008,207613,-28.180466
4942008,207585,-29.224186
4947008,207558,-28.180466
4952008,207530,-29.224186
4957008,207503,-28.180466
4962008,207475,-29.224186
4967008,207448,-28.180466
4972008,207420,-29.224186
4977008,207393,-28.180466
4982008,207365,-29.224186
4987008,207338,-28.180466
4992008,207310,-29.224186
4997008,207282,-29.224186
5002008,207255,-28.180466
5007008,207227,-29.224186
5012008,207200,-28.180466
5017008,207172,-29.224186
5022008,207145,-28.180466
5027008,207117,-29.224186
5032008,207090,-28.180466
5037008,207062,-29.224186
5042008,207035,-28.180466
5047008,207007,-29.224186
5052008,206979,-29.224186
5057008,206952,-28.180466
5062008,206924,-29.224186
5067008,206897,-28.180466
5072008,206869,-29.224186
5077008,206842,-28.180466
5082008,206814,-29.224186
5087008,206787,-28.180466
5092008,206759,-29.224186
5097008,206732,-28.180466
5102008,206704,-29.224186
5107008,206676,-29.224186
5112008,206649,-28.180466
5117008,206621,-29.224186
5122008,206594,-28.180466
5127008,206566,-29.224186
5132008,206539,-28.180466
5137008,206511,-29.224186
5142008,206483,-29.224186
5147008,206456,-28.180466
5152008,206428,-29.224186
5157008,206401,-28.180466
5162008,206373,-29.224186
5167008,206346,-28.180466
5172008,206318,-29.224186
5177008,206290,-29.224186
5182008,206263,-28.180466
5187008,206235,-29.224186
5192008,206208,-28.180466
5197008,206180,-29.224186
5202008,206153,-28.180466
5207008,206125,-29.224186
5212008,206098,-28.180466
5217008,206070,-29.224186
5222008,206042,-29.224186
5227008,206015,-28.180466
5232008,205987,-29.224186
5237008,205960,-28.180466
5242008,205932,-29.224186
5247008,205905,-28.180466
5252008,205877,-29.224186
5257008,205849,-29.224186
5262008,205822,-28.180466
5267008,205794,-29.224186
5272008,205767,-28.180466
5277008,205739,-29.224186
5282008,205712,-28.180466
5287008,205684,-29.224186
5292008,205656,-29.224186
5297008,205629,-28.180466
5302008,205601,-29.224186
5307008,205574,-28.180466
5312008,205546,-29.224186
5317008,205518,-29.224186
5322008,205491,-28.180466
5327008,205463,-29.224186
5332008,205436,-28.180466
5337008,205408,-29.224186
5342008,205381,-28.180466
5347008,205353,-29.224186
5352008,205325,-29.224186
5357008,205298,-28.180466
5362008,205270,-29.224186
5367008,205243,-28.180466
5372008,205215,-29.224186
5377008,205187,-29.224186
5382008,205160,-28.180466
5387008,205132,-29.224186
5392008,205105,-28.180466
5397008,205077,-29.224186
5402008,205050,-28.180466
5407008,205022,-29.224186
5412008,204994,-29.224186
5417008,204967,-28.180466
5422008,204939,-29.224186
5427008,204912,-28.180466
5432008,204884,-29.224186
5437008,204856,-29.224186
5442008,204829,-28.180466
5447008,204801,-29.224186
5452008,204774,-28.180466
5457008,204746,-29.224186
5462008,204719,-28.180466
5467008,204691,-29.224186
5472008,204663,-29.224186
5477008,204636,-28.180466
5482008,204608,-29.224186
5487008,204581,-28.180466
5492008,204553,-29.224186
5497008,204526,-28.180466
5502008,204498,-29.224186
5507008,204470,-29.224186
5512008,204443,-28.180466
5517008,204415,-29.224186
5522008,204388,-28.180466
5527008,204360,-29.224186
5532008,204333,-28.180466
5537008,204305,-29.224186
5542008,204278,-28.180466
5547008,204250,-29.224186
5552008,204222,-29.224186
5557008,204195,-28.180466
5562008,204167,-29.224186
5567008,204140,-28.180466
5572008,204112,-29.224186
5577008,204085,-28.180466
5582008,204057,-29.224186
5587008,204029,-29.224186
5592008,204002,-28.180466
5597008,203974,-29.224186
5602008,203947,-28.180466
5607008,203919,-29.224186
5612008,203892,-28.180466
5617008,203864,-29.224186
5622008,203836,-29.224186
5627008,203809,-28.180466
5632008,203781,-29.224186
5637008,203754,-28.180466
5642008,203726,-29.224186
5647008,203698,-29.224186
5652008,203671,-28.180466
5657008,203643,-29.224186
5662008,203616,-28.180466
5667008,203588,-29.224186
5672008,203561,-28.180466
5677008,203533,-29.224186
5682008,203505,-29.224186
5687008,203478,-28.180466
5692008,203450,-29.224186
5697008,203423,-28.180466
5702008,203395,-29.224186
5707008,203367,-29.224186
5712008,203340,-28.180466
5717008,203312,-29.224186
5722008,203285,-28.180466
5727008,203257,-29.224186
5732008,203229,-29.224186
5737008,203202,-28.180466
5742008,203174,-29.224186
5747008,203147,-28.180466
5752008,203119,-29.224186
5757008,203091,-29.224186
5762008,203064,-28.180466
5767008,203036,-29.224186
5772008,203009,-28.180466
5777008,202981,-29.224186
5782008,202954,-28.180466
5787008,202926,-29.224186
5792008,202898,-29.224186
5797008,202871,-28.180466
5802008,202843,-29.224186
5807008,202816,-28.180466
5812008,202788,-29.224186
5817008,202761,-28.180466
5822008,202733,-29.224186
5827008,202705,-29.224186
5832008,202678,-28.180466
5837008,202650,-29.224186
5842008,202623,-28.180466
5847008,202595,-29.224186
5852008,202568,-28.180466
5857008,202540,-29.224186
5862008,202512,-29.224186
5867008,202485,-28.180466
5872008,202457,-29.224186
5877008,202430,-28.180466
5882008,202402,-29.224186
5887008,202374,-29.224186
5892008,202347,-28.180466
5897008,202319,-29.224186
5902008,202292,-28.180466
5907008,202264,-29.224186
5912008,202237,-28.180466
5917008,202209,-29.224186
5922008,202182,-28.180466
5927008,202154,-29.224186
5932008,202126,-29.224186
5937008,202099,-28.180466
5942008,202071,-29.224186
5947008,202044,-28.180466
5952008,202016,-29.224186
5957008,201988,-29.224186
5962008,201961,-28.180466
5967008,201933,-29.224186
5972008,201906,-28.180466
5977008,201878,-29.224186
5982008,201851,-28.180466
5987008,201823,-29.224186
5992008,201795,-29.224186
5997008,201768,-28.180466
6002008,201740,-29.224186
6007008,201713,-28.180466
6012008,201685,-29.224186
6017008,201658,-28.180466
6022008,201630,-29.224186
6027008,201602,-29.224186
6032008,201575,-28.180466
6037008,201547,-29.224186
6042008,201520,-28.180466
6047008,201492,-29.224186
6052008,201465,-28.180466
6057008,201437,-29.224186
6062008,201410,-28.180466
6067008,201382,-29.224186
6072008,201354,-29.224186
6077008,201327,-28.180466
6082008,201299,-29.224186
6087008,201272,-28.180466
6092008,201244,-29.224186
6097008,201217,-28.180466
6102008,201189,-29.224186
6107008,201162,-28.180466
6112008,201134,-29.224186
6117008,201106,-29.224186
6122008,201079,-28.180466
6127008,201051,-29.224186
6132008,201024,-28.180466
6137008,200996,-29.224186
6142008,200969,-28.180466
6147008,200941,-29.224186
6152008,200913,-29.224186
6157008,200886,-28.180466
6162008,200858,-29.224186
6167008,200831,-28.180466
6172008,200803,-29.224186
6177008,200776,-28.180466
6182008,200748,-29.224186
6187008,200720,-29.224186
6192008,200693,-28.180466
6197008,200665,-29.224186
6202008,200638,-28.180466
6207008,200610,-29.224186
6212008,200583,-28.180466
6217008,200555,-29.224186
6222008,200527,-29.224186
6227008,200500,-28.180466
6232008,200472,-29.224186
6237008,200445,-28.180466
6242008,200417,-29.224186
6247008,200390,-28.180466
6252008,200362,-29.224186
6257008,200334,-29.224186
6262008,200307,-28.180466
6267008,200279,-29.224186
6272008,200252,-28.180466
6277008,200224,-29.224186
6282008,200196,-29.224186
6287008,200169,-28.180466
6292008,200141,-29.224186
6297008,200114,-28.180466
6302008,200086,-29.224186
6307008,200059,-28.180466
6312008,200031,-29.224186
6317008,200003,-29.224186
6322008,199976,-28.180466
6327008,199948,-29.224186
6332008,199921,-28.180466
6337008,199893,-29.224186
6342008,199866,-28.180466
6347008,199838,-29.224186
6352008,199810,-29.224186
6357008,199783,-28.180466
6362008,199755,-29.224186
6367008,199728,-28.180466
6372008,199700,-29.224186
6377008,199672,-29.224186
6382008,199645,-28.180466
6387008,199617,-29.224186
6392008,199590,-28.180466
6397008,199562,-29.224186
6402008,199534,-29.224186
6407008,199507,-28.180466
6412008,199479,-29.224186
6417008,199452,-28.180466
6422008,199424,-29.224186
6427008,199396,-29.224186
6432008,199369,-28.180466
6437008,199341,-29.224186
6442008,199314,-28.180466
6447008,199286,-29.224186
6452008,199258,-29.224186
6457008,199231,-28.180466
6462008,199203,-29.224186
6467008,199176,-28.180466
6472008,199148,-29.224186
6477008,199121,-28.180466
6482008,199093,-29.224186
6487008,199065,-29.224186
6492008,199038,-28.180466
6497008,199010,-29.224186
6502008,198983,-28.180466
6507008,198955,-29.224186
6512008,198927,-29.224186
6517008,198900,-28.180466
6522008,198872,-29.224186
6527008,198845,-28.180466
6532008,198817,-29.224186
6537008,198789,-29.224186
6542008,198762,-28.180466
6547008,198734,-29.224186
6552008,198707,-28.180466
6557008,198679,-29.224186
6562008,198651,-29.224186
6567008,198624,-28.180466
6572008,198596,-29.224186
6577008,198569,-28.180466
6582008,198541,-29.224186
6587008,198513,-29.224186
6592008,198486,-28.180466
6597008,198458,-29.224186
6602008,198431,-28.180466
6607008,198403,-29.224186
6612008,198375,-29.224186
6617008,198348,-28.180466
6622008,198320,-29.224186
6627008,198293,-28.180466
6632008,198265,-29.224186
6637008,198238,-28.180466
6642008,198210,-29.224186
6647008,198182,-29.224186
6652008,198155,-28.180466
6657008,198127,-29.224186
6662008,198100,-28.180466
6667008,198072,-29.224186
6672008,198044,-29.224186
6677008,198017,-28.180466
6682008,197989,-29.224186
6687008,197962,-28.180466
6692008,197934,-29.224186
6697008,197907,-28.180466
6702008,197879,-29.224186
6707008,197851,-29.224186
6712008,197824,-28.180466
6717008,197796,-29.224186
6722008,197769,-28.180466
6727008,197741,-29.224186
6732008,197714,-28.180466
6737008,197686,-29.224186
6742008,197658,-29.224186
6747008,197631,-28.180466
6752008,197603,-29.224186
6757008,197576,-28.180466
6762008,197548,-29.224186
6767008,197520,-29.224186
6772008,197493,-28.180466
6777008,197465,-29.224186
6782008,197438,-28.180466
6787008,197410,-29.224186
6792008,197382,-29.224186
6797008,197355,-28.180466
6802008,197327,-29.224186
6807008,197300,-28.180466
6812008,197272,-29.224186
6817008,197244,-29.224186
6822008,197217,-28.180466
6827008,197189,-29.224186
6832008,197162,-28.180466
6837008,197134,-29.224186
6842008,197106,-29.224186
6847008,197079,-28.180466
6852008,197051,-29.224186
6857008,197024,-28.180466
6862008,196996,-29.224186
6867008,196968,-29.224186
6872008,196941,-28.180466
6877008,196913,-29.224186
6882008,196886,-28.180466
6887008,196858,-29.224186
6892008,196830,-29.224186
6897008,196803,-28.180466
6902008,196775,-29.224186
6907008,196748,-28.180466
6912008,196720,-29.224186
6917008,196692,-29.224186
6922008,196665,-28.180466
6927008,196637,-29.224186
6932008,196610,-28.180466
6937008,196582,-29.224186
6942008,196554,-29.224186
6947008,196527,-28.180466
6952008,196499,-29.224186
6957008,196472,-28.180466
6962008,196444,-29.224186
6967008,196416,-29.224186
6972008,196389,-28.180466
6977008,196361,-29.224186
6982008,196334,-28.180466
6987008,196306,-29.224186
6992008,196278,-29.224186
6997008,196251,-28.180466
7002008,196223,-29.224186
7007008,196196,-28.180466
7012008,196168,-29.224186
7017008,196140,-29.224186
7022008,196113,-28.180466
7027008,196085,-29.224186
7032008,196057,-29.224186
7037008,196030,-28.180466
7042008,196002,-29.224186
7047008,195975,-28.180466
7052008,195947,-29.224186
7057008,195919,-29.224186
7062008,195892,-28.180466
7067008,195864,-29.224186
7072008,195837,-28.180466
7077008,195809,-29.224186
7082008,195781,-29.224186
7087008,195754,-28.180466
7092008,195726,-29.224186
7097008,195698,-29.224186
7102008,195671,-28.180466
7107008,195643,-29.224186
7112008,195616,-28.180466
7117008,195588,-29.224186
7122008,195560,-29.224186
7127008,195533,-28.180466
7132008,195505,-29.224186
7137008,195478,-28.180466
7142008,195450,-29.224186
7147008,195422,-29.224186
7152008,195395,-28.180466
7157008,195367,-29.224186
7162008,195340,-28.180466
7167008,195312,-29.224186
7172008,195284,-29.224186
7177008,195257,-28.180466
7182008,195229,-29.224186
7187008,195201,-29.224186
7192008,195174,-28.180466
7197008,195146,-29.224186
7202008,195119,-28.180466
7207008,195091,-29.224186
7212008,195063,-29.224186
7217008,195036,-28.180466
7222008,195008,-29.224186
7227008,194981,-28.180466
7232008,194953,-29.224186
7237008,194925,-29.224186
7242008,194898,-28.180466
7247008,194870,-29.224186
7252008,194843,-28.180466
7257008,194815,-29.224186
7262008,194787,-29.224186
7267008,194760,-28.180466
7272008,194732,-29.224186
7277008,194705,-28.180466
7282008,194677,-29.224186
7287008,194649,-29.224186
7292008,194622,-28.180466
7297008,194594,-29.224186
7302008,194567,-28.180466
7307008,194539,-29.224186
7312008,194511,-29.224186
7317008,194484,-28.180466
7322008,194456,-29.224186
7327008,194429,-28.180466
7332008,194401,-29.224186
7337008,194373,-29.224186
7342008,194346,-28.180466
7347008,194318,-29.224186
7352008,194291,-28.180466
7357008,194263,-29.224186
7362008,194235,-29.224186
7367008,194208,-28.180466
7372008,194180,-29.224186
7377008,194153,-28.180466
7382008,194125,-29.224186
7387008,194097,-29.224186
7392008,194070,-28.180466
7397008,194042,-29.224186
7402008,194015,-28.180466
7407008,193987,-29.224186
7412008,193959,-29.224186
7417008,193932,-28.180466
7422008,193904,-29.224186
7427008,193877,-28.180466
7432008,193849,-29.224186
7437008,193821,-29.224186
7442008,193794,-28.180466
7447008,193766,-29.224186
7452008,193739,-28.180466
7457008,193711,-29.224186
7462008,193683,-29.224186
7467008,193656,-28.180466
7472008,193628,-29.224186
7477008,193601,-28.180466
7482008,193573,-29.224186
7487008,193545,-29.224186
7492008,193518,-28.180466
7497008,193490,-29.224186
7502008,193463,-28.180466
7507008,193435,-29.224186
7512008,193407,-29.224186
7517008,193380,-28.180466
7522008,193352,-29.224186
7527008,193325,-28.180466
7532008,193297,-29.224186
7537008,193269,-29.224186
7542008,193242,-28.180466
7547008,193214,-29.224186
7552008,193186,-29.224186
7557008,193159,-28.180466
7562008,193131,-29.224186
7567008,193104,-28.180466
7572008,193076,-29.224186
7577008,193048,-29.224186
7582008,193021,-28.180466
7587008,192993,-29.224186
7592008,192966,-28.180466
7597008,192938,-29.224186
7602008,192910,-29.224186
7607008,192883,-28.180466
7612008,192855,-29.224186
7617008,192828,-28.180466
7622008,192800,-29.224186
7627008,192772,-29.224186
7632008,192745,-28.180466
7637008,192717,-29.224186
7642008,192690,-28.180466
7647008,192662,-29.224186
7652008,192634,-29.224186
7657008,192607,-28.180466
7662008,192579,-29.224186
7667008,192552,-28.180466
7672008,192524,-29.224186
7677008,192496,-29.224186
7682008,192469,-28.180466
7687008,192441,-29.224186
7692008,192414,-28.180466
7697008,192386,-29.224186
7702008,192359,-28.180466
7707008,192331,-29.224186
7712008,192303,-29.224186
7717008,192276,-28.180466
7722008,192248,-29.224186
7727008,192221,-28.180466
7732008,192193,-29.224186
7737008,192165,-29.224186
7742008,192138,-28.180466
7747008,192110,-29.224186
7752008,192083,-28.180466
7757008,192055,-29.224186
7762008,192027,-29.224186
7767008,192000,-28.180466
7772008,191972,-29.224186
7777008,191945,-28.180466
7782008,191917,-29.224186
7787008,191889,-29.224186
7792008,191862,-28.180466
7797008,191834,-29.224186
7802008,191807,-28.180466
7807008,191779,-29.224186
7812008,191751,-29.224186
7817008,191724,-28.180466
7822008,191696,-29.224186
7827008,191669,-28.180466
7832008,191641,-29.224186
7837008,191614,-28.180466
7842008,191586,-29.224186
7847008,191558,-29.224186
7852008,191531,-28.180466
7857008,191503,-29.224186
7862008,191476,-28.180466
7867008,191448,-29.224186
7872008,191420,-29.224186
7877008,191393,-28.180466
7882008,191365,-29.224186
7887008,191338,-28.180466
7892008,191310,-29.224186
7897008,191282,-29.224186
7902008,191255,-28.180466
7907008,191227,-29.224186
7912008,191200,-28.180466
7917008,191172,-29.224186
7922008,191144,-29.224186
7927008,191117,-28.180466
7932008,191089,-29.224186
7937008,191062,-28.180466
7942008,191034,-29.224186
7947008,191006,-29.224186
7952008,190979,-28.180466
7957008,190951,-29.224186
7962008,190924,-28.180466
7967008,190896,-29.224186
7972008,190868,-29.224186
7977008,190841,-28.180466
7982008,190813,-29.224186
7987008,190786,-28.180466
7992008,190758,-29.224186
7997008,190730,-29.224186
8002008,190703,-28.180466
8007008,190675,-29.224186
8012008,190648,-28.180466
8017008,190620,-29.224186
8022008,190592,-29.224186
8027008,190565,-28.180466
8032008,190537,-29.224186
8037008,190510,-28.180466
8042008,190482,-29.224186
8047008,190454,-29.224186
8052008,190427,-28.180466
8057008,190399,-29.224186
8062008,190372,-28.180466
8067008,190344,-29.224186
8072008,190316,-29.224186
8077008,190289,-28.180466
8082008,190261,-29.224186
8087008,190234,-28.180466
8092008,190206,-29.224186
8097008,190179,-28.180466
8102008,190151,-29.224186
8107008,190123,-29.224186
8112008,190096,-28.180466
8117008,190068,-29.224186
8122008,190041,-28.180466
8127008,190013,-29.224186
8132008,189986,-28.180466
8137008,189958,-29.224186
8142008,189930,-29.224186
8147008,189903,-28.180466
8152008,189875,-29.224186
8157008,189848,-28.180466
8162008,189820,-29.224186
8167008,189793,-28.180466
8172008,189765,-29.224186
8177008,189737,-29.224186
8182008,189710,-28.180466
8187008,189682,-29.224186
8192008,189655,-28.180466
8197008,189627,-29.224186
8202008,189599,-29.224186
8207008,189572,-28.180466
8212008,189544,-29.224186
8217008,189517,-28.180466
8222008,189489,-29.224186
8227008,189461,-29.224186
8232008,189434,-28.180466
8237008,189406,-29.224186
8242008,189379,-28.180466
8247008,189351,-29.224186
8252008,189323,-29.224186
8257008,189296,-28.180466
8262008,189268,-29.224186
8267008,189240,-29.224186
8272008,189213,-28.180466
8277008,189185,-29.224186
8282008,189158,-28.180466
8287008,189130,-29.224186
8292008,189102,-29.224186
8297008,189075,-28.180466
8302008,189047,-29.224186
8307008,189020,-28.180466
8312008,188992,-29.224186
8317008,188964,-29.224186
8322008,188937,-28.180466
8327008,188909,-29.224186
8332008,188882,-28.180466
8337008,188854,-29.224186
8342008,188826,-29.224186
8347008,188799,-28.180466
8352008,188771,-29.224186
8357008,188744,-28.180466
8362008,188716,-29.224186
8367008,188688,-29.224186
8372008,188661,-28.180466
8377008,188633,-29.224186
8382008,188606,-28.180466
8387008,188578,-29.224186
8392008,188550,-29.224186
8397008,188523,-28.180466
8402008,188495,-29.224186
8407008,188468,-28.180466
8412008,188440,-29.224186
8417008,188412,-29.224186
8422008,188385,-28.180466
8427008,188357,-29.224186
8432008,188329,-29.224186
8437008,188302,-28.180466
8442008,188274,-29.224186
8447008,188247,-28.180466
8452008,188219,-29.224186
8457008,188191,-29.224186
8462008,188164,-28.180466
8467008,188136,-29.224186
8472008,188109,-28.180466
8477008,188081,-29.224186
8482008,188053,-29.224186
8487008,188026,-28.180466
8492008,187998,-29.224186
8497008,187971,-28.180466
8502008,187943,-29.224186
8507008,187915,-29.224186
8512008,187888,-28.180466
8517008,187860,-29.224186
8522008,187833,-28.180466
8527008,187805,-29.224186
8532008,187777,-29.224186
8537008,187750,-28.180466
8542008,187722,-29.224186
8547008,187695,-28.180466
8552008,187667,-29.224186
8557008,187639,-29.224186
8562008,187612,-28.180466
8567008,187584,-29.224186
8572008,187557,-28.180466
8577008,187529,-29.224186
8582008,187501,-29.224186
8587008,187474,-28.180466
8592008,187446,-29.224186
8597008,187419,-28.180466
8602008,187391,-29.224186
8607008,187363,-29.224186
8612008,187336,-28.180466
8617008,187308,-29.224186
8622008,187281,-28.180466
8627008,187253,-29.224186
8632008,187225,-29.224186
8637008,187198,-28.180466
8642008,187170,-29.224186
8647008,187143,-28.180466
8652008,187115,-29.224186
8657008,187087,-29.224186
8662008,187060,-28.180466
8667008,187032,-29.224186
8672008,187005,-28.180466
8677008,186977,-29.224186
8682008,186949,-29.224186
8687008,186922,-28.180466
8692008,186894,-29.224186
8697008,186866,-29.224186
8702008,186839,-28.180466
8707008,186811,-29.224186
8712008,186784,-28.180466
8717008,186756,-29.224186
8722008,186728,-29.224186
8727008,186701,-28.180466
8732008,186673,-29.224186
8737008,186645,-29.224186
8742008,186618,-28.180466
8747008,186590,-29.224186
8752008,186563,-28.180466
8757008,186535,-29.224186
8762008,186507,-29.224186
8767008,186480,-28.180466
8772008,186452,-29.224186
8777008,186424,-29.224186
8782008,186397,-28.180466
8787008,186369,-29.224186
8792008,186342,-28.180466
8797008,186314,-29.224186
8802008,186286,-29.224186
8807008,186259,-28.180466
8812008,186231,-29.224186
8817008,186204,-28.180466
8822008,186176,-29.224186
8827008,186149,-28.180466
8832008,186121,-29.224186
8837008,186093,-29.224186
8842008,186066,-28.180466
8847008,186038,-29.224186
8852008,186011,-28.180466
8857008,185983,-29.224186
8862008,185955,-29.224186
8867008,185928,-28.180466
8872008,185900,-29.224186
8877008,185872,-29.224186
8882008,185845,-28.180466
8887008,185817,-29.224186
8892008,185790,-28.180466
8897008,185762,-29.224186
8902008,185734,-29.224186
8907008,185707,-28.180466
8912008,185679,-29.224186
8917008,185651,-29.224186
8922008,185624,-28.180466
8927008,185596,-29.224186
8932008,185569,-28.180466
8937008,185541,-29.224186
8942008,185513,-29.224186
8947008,185486,-28.180466
8952008,185458,-29.224186
8957008,185431,-28.180466
8962008,185403,-29.224186
8967008,185375,-29.224186
8972008,185348,-28.180466
8977008,185320,-29.224186
8982008,185292,-29.224186
8987008,185265,-28.180466
8992008,185237,-29.224186
8997008,185210,-28.180466
9002008,185182,-29.224186
9007008,185155,-28.180466
9012008,185127,-29.224186
9017008,185100,-28.180466
9022008,185072,-29.224186
9027008,185044,-29.224186
9032008,185017,-28.180466
9037008,184989,-29.224186
9042008,184962,-28.180466
9047008,184934,-29.224186
9052008,184907,-28.180466
9057008,184879,-29.224186
9062008,184851,-29.224186
9067008,184824,-28.180466
9072008,184796,-29.224186
9077008,184769,-28.180466
9082008,184741,-29.224186
9087008,184713,-29.224186
9092008,184686,-28.180466
9097008,184658,-29.224186
9102008,184631,-28.180466
9107008,184603,-29.224186
9112008,184576,-28.180466
9117008,184548,-29.224186
9122008,184520,-29.224186
9127008,184493,-28.180466
9132008,184465,-29.224186
9137008,184438,-28.180466
9142008,184410,-29.224186
9147008,184382,-29.224186
9152008,184355,-28.180466
9157008,184327,-29.224186
9162008,184300,-28.180466
9167008,184272,-29.224186
9172008,184245,-28.180466
9177008,184217,-29.224186
9182008,184189,-29.224186
9187008,184162,-28.180466
9192008,184134,-29.224186
9197008,184107,-28.180466
9202008,184079,-29.224186
9207008,184051,-29.224186
9212008,184024,-28.180466
9217008,183996,-29.224186
9222008,183969,-28.180466
9227008,183941,-29.224186
9232008,183913,-29.224186
9237008,183886,-28.180466
9242008,183858,-29.224186
9247008,183831,-28.180466
9252008,183803,-29.224186
9257008,183775,-29.224186
9262008,183748,-28.180466
9267008,183720,-29.224186
9272008,183693,-28.180466
9277008,183665,-29.224186
9282008,183637,-29.224186
9287008,183610,-28.180466
9292008,183582,-29.224186
9297008,183554,-29.224186
9302008,183527,-28.180466
9307008,183499,-29.224186
9312008,183472,-28.180466
9317008,183444,-29.224186
9322008,183416,-29.224186
9327008,183389,-28.180466
9332008,183361,-29.224186
9337008,183333,-29.224186
9342008,183306,-28.180466
9347008,183278,-29.224186
9352008,183250,-29.224186
9357008,183223,-28.180466
9362008,183195,-29.224186
9367008,183168,-28.180466
9372008,183140,-29.224186
9377008,183112,-29.224186
9382008,183085,-28.180466
9387008,183057,-29.224186
9392008,183030,-28.180466
9397008,183002,-29.224186
9402008,182974,-29.224186
9407008,182947,-28.180466
9412008,182919,-29.224186
9417008,182892,-28.180466
9422008,182864,-29.224186
9427008,182836,-29.224186
9432008,182809,-28.180466
9437008,182781,-29.224186
9442008,182754,-28.180466
9447008,182726,-29.224186
9452008,182699,-28.180466
9457008,182671,-29.224186
9462008,182643,-29.224186
9467008,182616,-28.180466
9472008,182588,-29.224186
9477008,182561,-28.180466
9482008,182533,-29.224186
9487008,182506,-28.180466
9492008,182478,-29.224186
9497008,182450,-29.224186
9502008,182423,-28.180466
9507008,182395,-29.224186
9512008,182368,-28.180466
9517008,182340,-29.224186
9522008,182312,-29.224186
9527008,182285,-28.180466
9532008,182257,-29.224186
9537008,182230,-28.180466
9542008,182202,-29.224186
9547008,182174,-29.224186
9552008,182147,-28.180466
9557008,182119,-29.224186
9562008,182092,-28.180466
9567008,182064,-29.224186
9572008,182037,-28.180466
9577008,182009,-29.224186
9582008,181981,-29.224186
9587008,181954,-28.180466
9592008,181926,-29.224186
9597008,181899,-28.180466
9602008,181871,-29.224186
9607008,181843,-29.224186
9612008,181816,-28.180466
9617008,181788,-29.224186
9622008,181761,-28.180466
9627008,181733,-29.224186
9632008,181705,-29.224186
9637008,181678,-28.180466
9642008,181650,-29.224186
9647008,181623,-28.180466
9652008,181595,-29.224186
9657008,181567,-29.224186
9662008,181540,-28.180466
9667008,181512,-29.224186
9672008,181485,-28.180466
9677008,181457,-29.224186
9682008,181430,-28.180466
9687008,181402,-29.224186
9692008,181374,-29.224186
9697008,181347,-28.180466
9702008,181319,-29.224186
9707008,181291,-29.224186
9712008,181264,-28.180466
9717008,181236,-29.224186
9722008,181208,-29.224186
9727008,181181,-28.180466
9732008,181153,-29.224186
9737008,181126,-28.180466
9742008,181098,-29.224186
9747008,181070,-29.224186
9752008,181043,-28.180466
9757008,181015,-29.224186
9762008,180987,-29.224186
9767008,180960,-28.180466
9772008,180932,-29.224186
9777008,180904,-29.224186
9782008,180876,-29.224186
9787008,180849,-28.180466
9792008,180821,-29.224186
9797008,180793,-29.224186
9802008,180766,-28.180466
9807008,180738,-29.224186
9812008,180710,-29.224186
9817008,180683,-28.180466
9822008,180655,-29.224186
9827008,180627,-29.224186
9832008,180599,-29.224186
9837008,180572,-28.180466
9842008,180544,-29.224186
9847008,180516,-29.224186
9852008,180488,-29.224186
9857008,180461,-28.180466
9862008,180433,-29.224186
9867008,180405,-29.224186
9872008,180377,-29.224186
9877008,180350,-28.180466
9882008,180322,-29.224186
9887008,180294,-29.224186
9892008,180266,-29.224186
9897008,180238,-29.224186
9902008,180211,-28.180466
9907008,180183,-29.224186
9912008,180155,-29.224186
9917008,180127,-29.224186
9922008,180099,-29.224186
9927008,180072,-28.180466
9932008,180044,-29.224186
9937008,180016,-29.224186
9942008,179988,-29.224186
9947008,179960,-29.224186
9952008,179933,-28.180466
9957008,179905,-29.224186
9962008,179877,-29.224186
9967008,179849,-29.224186
9972008,179821,-29.224186
9977008,179794,-28.180466
9982008,179766,-29.224186
9987008,179738,-29.224186
9992008,179710,-29.224186
9997008,179682,-29.224186
10002008,179654,-29.224186
10007008,179627,-28.180466
10012008,179599,-29.224186
10017008,179571,-29.224186
10022008,179543,-29.224186
10027008,179515,-29.224186
10032008,179487,-29.224186
10037008,179459,-29.224186
10042008,179432,-28.180466
10047008,179404,-29.224186
10052008,179376,-29.224186
10057008,179348,-29.224186
10062008,179320,-29.224186
10067008,179292,-29.224186
10072008,179265,-28.180466
10077008,179237,-29.224186
10082008,179209,-29.224186
10087008,179181,-29.224186
10092008,179153,-29.224186
10097008,179125,-29.224186
10102008,179098,-28.180466
10107008,179070,-29.224186
10112008,179042,-29.224186
10117008,179014,-29.224186
10122008,178986,-29.224186
10127008,178958,-29.224186
10132008,178931,-28.180466
10137008,178903,-29.224186
10142008,178875,-29.224186
10147008,178847,-29.224186
10152008,178819,-29.224186
10157008,178791,-29.224186
10162008,178764,-28.180466
10167008,178736,-29.224186
10172008,178708,-29.224186
10177008,178680,-29.224186
10182008,178652,-29.224186
10187008,178625,-28.180466
10192008,178597,-29.224186
10197008,178569,-29.224186
10202008,178541,-29.224186
10207008,178513,-29.224186
10212008,178485,-29.224186
10217008,178458,-28.180466
10222008,178430,-29.224186
10227008,178402,-29.224186
10232008,178374,-29.224186
10237008,178346,-29.224186
10242008,178319,-28.180466
10247008,178291,-29.224186
10252008,178263,-29.224186
10257008,178235,-29.224186
10262008,178207,-29.224186
10267008,178179,-29.224186
10272008,178152,-28.180466
10277008,178124,-29.224186
10282008,178096,-29.224186
10287008,178068,-29.224186
10292008,178040,-29.224186
10297008,178013,-28.180466
10302008,177985,-29.224186
10307008,177957,-29.224186
10312008,177929,-29.224186
