
Time_us,Position,Speed_rad_per_s
1312008,166586,0.000000
1317008,166584,-2.087442
1322008,166580,-4.174884
1327008,166572,-8.349768
1332008,166562,-10.437209
1337008,166550,-12.524651
1342008,166536,-14.612093
1347008,166520,-16.699535
1352008,166503,-17.743256
1357008,166484,-19.830698
1362009,166464,-20.870243
1367009,166444,-20.874418
1372009,166422,-22.961861
1377009,166399,-24.005581
1382009,166376,-24.005581
1387009,166352,-25.049301
1392009,166328,-25.049301
1397009,166303,-26.093023
1402009,166277,-27.136744
1407009,166252,-26.093023
1412009,166225,-28.180466
1417009,166199,-27.136744
1422009,166172,-28.180466
1427009,166145,-28.180466
1432009,166118,-28.180466
1437009,166090,-29.224186
1442009,166063,-28.180466
1447009,166035,-29.224186
1452009,166007,-29.224186
1457009,165979,-29.224186
1462009,165951,-29.224186
1467009,165922,-30.267906
1472009,165894,-29.224186
1477009,165866,-29.224186
1482009,165837,-30.267906
1487009,165809,-29.224186
1492009,165780,-30.267906
1497009,165751,-30.267906
1502009,165723,-29.224186
1507009,165694,-30.267906
1512009,165666,-29.224186
1517009,165637,-30.267906
1522009,165608,-30.267906
1527009,165579,-30.267906
1532009,165551,-29.224186
1537009,165522,-30.267906
1542009,165493,-30.267906
1547009,165464,-30.267906
1552009,165435,-30.267906
1557009,165407,-29.224186
1562009,165378,-30.267906
1567009,165349,-30.267906
1572009,165320,-30.267906
1577009,165291,-30.267906
1582009,165262,-30.267906
1587009,165234,-29.224186
1592009,165205,-30.267906
1597009,165176,-30.267906
1602009,165147,-30.267906
1607009,165118,-30.267906
1612009,165089,-30.267906
1617009,165060,-30.267906
1622009,165031,-30.267906
1627009,165002,-30.267906
1632009,164974,-29.224186
1637009,164945,-30.267906
1642009,164916,-30.267906
1647009,164887,-30.267906
1652009,164858,-30.267906
1657009,164829,-30.267906
1662009,164800,-30.267906
1667009,164772,-29.224186
1672009,164743,-30.267906
1677009,164714,-30.267906
1682009,164685,-30.267906
1687009,164656,-30.267906
1692009,164628,-29.224186
1697009,164599,-30.267906
1702009,164570,-30.267906
1707009,164541,-30.267906
1712009,164513,-29.224186
1717009,164484,-30.267906
1722009,164455,-30.267906
1727009,164426,-30.267906
1732009,164398,-29.224186
1737009,164369,-30.267906
1742009,164340,-30.267906
1747009,164311,-30.267906
1752009,164282,-30.267906
1757009,164254,-29.224186
1762009,164225,-30.267906
1767009,164196,-30.267906
1772009,164167,-30.267906
1777009,164139,-29.224186
1782009,164110,-30.267906
1787009,164081,-30.267906
1792009,164052,-30.267906
1797009,164024,-29.224186
1802009,163995,-30.267906
1807009,163966,-30.267906
1812009,163937,-30.267906
1817009,163909,-29.224186
1822009,163880,-30.267906
1827009,163851,-30.267906
1832009,163822,-30.267906
1837009,163794,-29.224186
1842009,163765,-30.267906
1847009,163736,-30.267906
1852009,163707,-30.267906
1857009,163678,-30.267906
1862009,163650,-29.224186
1867009,163621,-30.267906
1872009,163592,-30.267906
1877009,163563,-30.267906
1882009,163534,-30.267906
1887009,163505,-30.267906
1892009,163476,-30.267906
1897009,163448,-29.224186
1902009,163419,-30.267906
1907009,163390,-30.267906
1912009,163361,-30.267906
1917009,163332,-30.267906
1922009,163304,-29.224186
1927009,163275,-30.267906
1932009,163246,-30.267906
1937009,163217,-30.267906
1942009,163188,-30.267906
1947009,163160,-29.224186
1952009,163131,-30.267906
1957009,163102,-30.267906
1962009,163073,-30.267906
1967009,163045,-29.224186
1972009,163016,-30.267906
1977009,162987,-30.267906
1982009,162958,-30.267906
1987009,162930,-29.224186
1992009,162901,-30.267906
1997009,162872,-30.267906
2002009,162843,-30.267906
2007009,162814,-30.267906
2012009,162786,-29.224186
2017009,162757,-30.267906
2022009,162728,-30.267906
2027009,162699,-30.267906
2032009,162671,-29.224186
2037009,162642,-30.267906
2042009,162613,-30.267906
2047009,162584,-30.267906
2052009,162556,-29.224186
2057009,162527,-30.267906
2062009,162498,-30.267906
2067009,162469,-30.267906
2072009,162441,-29.224186
2077009,162412,-30.267906
2082009,162383,-30.267906
2087009,162354,-30.267906
2092009,162326,-29.224186
2097009,162297,-30.267906
2102009,162268,-30.267906
2107009,162240,-29.224186
2112009,162211,-30.267906
2117009,162182,-30.267906
2122009,162153,-30.267906
2127009,162125,-29.224186
2132009,162096,-30.267906
2137009,162067,-30.267906
2142009,162039,-29.224186
2147009,162010,-30.267906
2152009,161981,-30.267906
2157009,161953,-29.224186
2162009,161924,-30.267906
2167009,161895,-30.267906
2172009,161867,-29.224186
2177009,161838,-30.267906
2182009,161809,-30.267906
2187009,161780,-30.267906
2192009,161752,-29.224186
2197009,161723,-30.267906
2202009,161694,-30.267906
2207009,161666,-29.224186
2212009,161637,-30.267906
2217009,161608,-30.267906
2222009,161580,-29.224186
2227009,161551,-30.267906
2232009,161522,-30.267906
2237009,161493,-30.267906
2242009,161465,-29.224186
2247009,161436,-30.267906
2252009,161407,-30.267906
2257009,161379,-29.224186
2262009,161350,-30.267906
2267009,161321,-30.267906
2272009,161293,-29.224186
2277009,161264,-30.267906
2282009,161235,-30.267906
2287009,161207,-29.224186
2292009,161178,-30.267906
2297009,161149,-30.267906
2302009,161121,-29.224186
2307009,161092,-30.267906
2312009,161063,-30.267906
2317009,161034,-30.267906
2322009,161006,-29.224186
2327009,160977,-30.267906
2332009,160948,-30.267906
2337009,160919,-30.267906
2342009,160891,-29.224186
2347009,160862,-30.267906
2352009,160833,-30.267906
2357009,160804,-30.267906
2362009,160776,-29.224186
2367009,160747,-30.267906
2372009,160718,-30.267906
2377009,160689,-30.267906
2382009,160661,-29.224186
2387009,160632,-30.267906
2392009,160603,-30.267906
2397009,160574,-30.267906
2402009,160545,-30.267906
2407009,160517,-29.224186
2412009,160488,-30.267906
2417009,160459,-30.267906
2422009,160430,-30.267906
2427009,160402,-29.224186
2432009,160373,-30.267906
2437009,160344,-30.267906
2442009,160315,-30.267906
2447009,160286,-30.267906
2452009,160258,-29.224186
2457009,160229,-30.267906
2462009,160200,-30.267906
2467009,160171,-30.267906
2472009,160143,-29.224186
2477009,160114,-30.267906
2482009,160085,-30.267906
2487009,160056,-30.267906
2492009,160028,-29.224186
2497009,159999,-30.267906
2502009,159970,-30.267906
2507009,159941,-30.267906
2512009,159912,-30.267906
2517009,159884,-29.224186
2522009,159855,-30.267906
2527009,159826,-30.267906
2532009,159797,-30.267906
2537009,159769,-29.224186
2542009,159740,-30.267906
2547009,159711,-30.267906
2552009,159682,-30.267906
2557009,159654,-29.224186
2562009,159625,-30.267906
2567009,159596,-30.267906
2572009,159567,-30.267906
2577009,159538,-30.267906
2582009,159510,-29.224186
2587009,159481,-30.267906
2592009,159452,-30.267906
2597009,159423,-30.267906
2602009,159394,-30.267906
2607009,159366,-29.224186
2612009,159337,-30.267906
2617009,159308,-30.267906
2622009,159279,-30.267906
2627009,159250,-30.267906
2632009,159221,-30.267906
2637009,159193,-29.224186
2642009,159164,-30.267906
2647009,159135,-30.267906
2652009,159106,-30.267906
2657009,159077,-30.267906
2662009,159048,-30.267906
2667009,159020,-29.224186
2672009,158991,-30.267906
2677009,158962,-30.267906
2682009,158933,-30.267906
2687009,158904,-30.267906
2692009,158875,-30.267906
2697009,158847,-29.224186
2702009,158818,-30.267906
2707009,158789,-30.267906
2712009,158760,-30.267906
2717009,158731,-30.267906
2722009,158703,-29.224186
2727009,158674,-30.267906
2732009,158645,-30.267906
2737009,158616,-30.267906
2742009,158587,-30.267906
2747009,158558,-30.267906
2752009,158530,-29.224186
2757009,158501,-30.267906
2762009,158472,-30.267906
2767009,158443,-30.267906
2772009,158414,-30.267906
2777009,158386,-29.224186
2782009,158357,-30.267906
2787009,158328,-30.267906
2792009,158299,-30.267906
2797009,158271,-29.224186
2802009,158242,-30.267906
2807009,158213,-30.267906
2812009,158184,-30.267906
2817009,158156,-29.224186
2822009,158127,-30.267906
2827009,158098,-30.267906
2832009,158069,-30.267906
2837009,158041,-29.224186
2842009,158012,-30.267906
2847009,157983,-30.267906
2852009,157954,-30.267906
2857009,157926,-29.224186
2862009,157897,-30.267906
2867009,157868,-30.267906
2872009,157839,-30.267906
2877009,157811,-29.224186
2882009,157782,-30.267906
2887009,157753,-30.267906
2892009,157725,-29.224186
2897009,157696,-30.267906
2902009,157667,-30.267906
2907009,157638,-30.267906
2912009,157610,-29.224186
2917009,157581,-30.267906
2922009,157552,-30.267906
2927009,157523,-30.267906
2932009,157495,-29.224186
2937009,157466,-30.267906
2942009,157437,-30.267906
2947009,157409,-29.224186
2952009,157380,-30.267906
2957009,157351,-30.267906
2962009,157322,-30.267906
2967009,157294,-29.224186
2972009,157265,-30.267906
2977009,157236,-30.267906
2982009,157207,-30.267906
2987009,157179,-29.224186
2992009,157150,-30.267906
2997009,157121,-30.267906
3002009,157092,-30.267906
3007009,157064,-29.224186
3012009,157035,-30.267906
3017009,157006,-30.267906
3022009,156978,-29.224186
3027009,156949,-30.267906
3032009,156920,-30.267906
3037009,156892,-29.224186
3042009,156863,-30.267906
3047009,156834,-30.267906
3052009,156805,-30.267906
3057009,156777,-29.224186
3062009,156748,-30.267906
3067009,156719,-30.267906
3072009,156690,-30.267906
3077009,156662,-29.224186
3082009,156633,-30.267906
3087009,156605,-29.224186
3092009,156576,-30.267906
3097009,156547,-30.267906
3102009,156518,-30.267906
3107009,156490,-29.224186
3112009,156461,-30.267906
3117009,156432,-30.267906
3122009,156403,-30.267906
3127009,156375,-29.224186
3132009,156346,-30.267906
3137009,156317,-30.267906
3142009,156288,-30.267906
3147009,156260,-29.224186
3152009,156231,-30.267906
3157009,156202,-30.267906
3162009,156173,-30.267906
3167009,156145,-29.224186
3172009,156116,-30.267906
3177009,156087,-30.267906
3182009,156059,-29.224186
3187009,156030,-30.267906
3192009,156001,-30.267906
3197009,155972,-30.267906
3202009,155944,-29.224186
3207009,155915,-30.267906
3212009,155886,-30.267906
3217009,155858,-29.224186
3222009,155829,-30.267906
3227009,155800,-30.267906
3232009,155772,-29.224186
3237009,155743,-30.267906
3242009,155714,-30.267906
3247009,155686,-29.224186
3252009,155657,-30.267906
3257009,155628,-30.267906
3262009,155599,-30.267906
3267009,155571,-29.224186
3272009,155542,-30.267906
3277009,155513,-30.267906
3282009,155485,-29.224186
3287009,155456,-30.267906
3292009,155427,-30.267906
3297009,155399,-29.224186
3302009,155370,-30.267906
3307009,155341,-30.267906
3312009,155313,-29.224186
3317009,155284,-30.267906
3322009,155255,-30.267906
3327009,155227,-29.224186
3332009,155198,-30.267906
3337009,155169,-30.267906
3342009,155141,-29.224186
3347009,155112,-30.267906
3352009,155083,-30.267906
3357009,155055,-29.224186
3362009,155026,-30.267906
3367009,154997,-30.267906
3372009,154969,-29.224186
3377009,154940,-30.267906
3382009,154911,-30.267906
3387009,154883,-29.224186
3392009,154854,-30.267906
3397009,154825,-30.267906
3402009,154796,-30.267906
3407009,154768,-29.224186
3412009,154739,-30.267906
3417009,154710,-30.267906
3422009,154682,-29.224186
3427009,154653,-30.267906
3432009,154624,-30.267906
3437009,154596,-29.224186
3442009,154567,-30.267906
3447009,154538,-30.267906
3452009,154510,-29.224186
3457009,154481,-30.267906
3462009,154452,-30.267906
3467009,154423,-30.267906
3472009,154395,-29.224186
3477009,154366,-30.267906
3482009,154337,-30.267906
3487009,154309,-29.224186
3492009,154280,-30.267906
3497009,154251,-30.267906
3502009,154223,-29.224186
3507009,154194,-30.267906
3512009,154165,-30.267906
3517009,154137,-29.224186
3522009,154108,-30.267906
3527009,154079,-30.267906
3532009,154051,-29.224186
3537009,154022,-30.267906
3542009,153994,-29.224186
3547009,153965,-30.267906
3552009,153936,-30.267906
3557009,153908,-29.224186
3562009,153879,-30.267906
3567009,153850,-30.267906
3572009,153822,-29.224186
3577009,153793,-30.267906
3582009,153764,-30.267906
3587009,153736,-29.224186
3592009,153707,-30.267906
3597009,153678,-30.267906
3602009,153650,-29.224186
3607009,153621,-30.267906
3612009,153592,-30.267906
3617009,153564,-29.224186
3622009,153535,-30.267906
3627009,153506,-30.267906
3632009,153478,-29.224186
3637009,153449,-30.267906
3642009,153420,-30.267906
3647009,153392,-29.224186
3652009,153363,-30.267906
3657009,153335,-29.224186
3662009,153306,-30.267906
3667009,153277,-30.267906
3672009,153249,-29.224186
3677009,153220,-30.267906
3682009,153191,-30.267906
3687009,153162,-30.267906
3692009,153134,-29.224186
3697009,153105,-30.267906
3702009,153077,-29.224186
3707009,153048,-30.267906
3712009,153019,-30.267906
3717009,152991,-29.224186
3722009,152962,-30.267906
3727009,152933,-30.267906
3732009,152904,-30.267906
3737009,152876,-29.224186
3742009,152847,-30.267906
3747009,152819,-29.224186
3752009,152790,-30.267906
3757009,152761,-30.267906
3762009,152732,-30.267906
3767009,152704,-29.224186
3772009,152675,-30.267906
3777009,152646,-30.267906
3782009,152618,-29.224186
3787009,152589,-30.267906
3792009,152560,-30.267906
3797009,152532,-29.224186
3802009,152503,-30.267906
3807009,152474,-30.267906
3812009,152446,-29.224186
3817009,152417,-30.267906
3822009,152388,-30.267906
3827009,152360,-29.224186
3832009,152331,-30.267906
3837009,152302,-30.267906
3842009,152274,-29.224186
3847009,152245,-30.267906
3852009,152216,-30.267906
3857009,152188,-29.224186
3862009,152159,-30.267906
3867009,152130,-30.267906
3872009,152101,-30.267906
3877009,152073,-29.224186
3882009,152044,-30.267906
3887009,152015,-30.267906
3892009,151986,-30.267906
3897009,151958,-29.224186
3902009,151929,-30.267906
3907009,151900,-30.267906
3912009,151871,-30.267906
3917009,151842,-30.267906
3922009,151814,-29.224186
3927009,151785,-30.267906
3932009,151756,-30.267906
3937009,151727,-30.267906
3942009,151698,-30.267906
3947009,151670,-29.224186
3952009,151641,-30.267906
3957009,151612,-30.267906
3962009,151583,-30.267906
3967009,151555,-29.224186
3972009,151526,-30.267906
3977009,151497,-30.267906
3982009,151468,-30.267906
3987009,151440,-29.224186
3992009,151411,-30.267906
3997009,151382,-30.267906
4002009,151353,-30.267906
4007009,151325,-29.224186
4012009,151296,-30.267906
4017009,151267,-30.267906
4022009,151238,-30.267906
4027009,151210,-29.224186
4032009,151181,-30.267906
4037009,151152,-30.267906
4042009,151124,-29.224186
4047009,151095,-30.267906
4052009,151066,-30.267906
4057009,151038,-29.224186
4062009,151009,-30.267906
4067009,150980,-30.267906
4072009,150951,-30.267906
4077009,150923,-29.224186
4082009,150894,-30.267906
4087009,150865,-30.267906
4092009,150837,-29.224186
4097009,150808,-30.267906
4102009,150779,-30.267906
4107009,150751,-29.224186
4112009,150722,-30.267906
4117009,150693,-30.267906
4122009,150665,-29.224186
4127009,150636,-30.267906
4132009,150607,-30.267906
4137009,150578,-30.267906
4142009,150550,-29.224186
4147009,150521,-30.267906
4152009,150492,-30.267906
4157009,150464,-29.224186
4162009,150435,-30.267906
4167009,150406,-30.267906
4172009,150378,-29.224186
4177009,150349,-30.267906
4182009,150320,-30.267906
4187009,150291,-30.267906
4192009,150263,-29.224186
4197009,150234,-30.267906
4202009,150205,-30.267906
4207009,150176,-30.267906
4212009,150148,-29.224186
4217009,150119,-30.267906
4222009,150090,-30.267906
4227009,150062,-29.224186
4232009,150033,-30.267906
4237009,150004,-30.267906
4242009,149975,-30.267906
4247009,149947,-29.224186
4252009,149918,-30.267906
4257009,149889,-30.267906
4262009,149860,-30.267906
4267009,149832,-29.224186
4272009,149803,-30.267906
4277009,149774,-30.267906
4282009,149745,-30.267906
4287009,149717,-29.224186
4292009,149688,-30.267906
4297009,149659,-30.267906
4302009,149630,-30.267906
4307009,149602,-29.224186
4312009,149573,-30.267906
4317009,149544,-30.267906
4322009,149515,-30.267906
4327009,149487,-29.224186
4332009,149458,-30.267906
4337009,149429,-30.267906
4342009,149401,-29.224186
4347009,149372,-30.267906
4352009,149343,-30.267906
4357009,149315,-29.224186
4362009,149286,-30.267906
4367009,149257,-30.267906
4372009,149228,-30.267906
4377009,149200,-29.224186
4382009,149171,-30.267906
4387009,149142,-30.267906
4392009,149113,-30.267906
4397009,149085,-29.224186
4402009,149056,-30.267906
4407009,149027,-30.267906
4412009,148998,-30.267906
4417009,148969,-30.267906
4422009,148941,-29.224186
4427009,148912,-30.267906
4432009,148883,-30.267906
4437009,148854,-30.267906
4442009,148826,-29.224186
4447009,148797,-30.267906
4452009,148768,-30.267906
4457009,148739,-30.267906
4462009,148710,-30.267906
4467009,148682,-29.224186
4472009,148653,-30.267906
4477009,148624,-30.267906
4482009,148595,-30.267906
4487009,148567,-29.224186
4492009,148538,-30.267906
4497009,148509,-30.267906
4502009,148480,-30.267906
4507009,148452,-29.224186
4512009,148423,-30.267906
4517009,148394,-30.267906
4522009,148365,-30.267906
4527009,148337,-29.224186
4532009,148308,-30.267906
4537009,148279,-30.267906
4542009,148250,-30.267906
4547009,148221,-30.267906
4552009,148193,-29.224186
4557009,148164,-30.267906
4562009,148135,-30.267906
4567009,148106,-30.267906
4572009,148078,-29.224186
4577009,148049,-30.267906
4582009,148020,-30.267906
4587009,147991,-30.267906
4592009,147962,-30.267906
4597009,147933,-30.267906
4602009,147905,-29.224186
4607009,147876,-30.267906
4612009,147847,-30.267906
4617009,147818,-30.267906
4622009,147789,-30.267906
4627009,147761,-29.224186
4632009,147732,-30.267906
4637009,147703,-30.267906
4642009,147674,-30.267906
4647009,147645,-30.267906
4652009,147617,-29.224186
4657009,147588,-30.267906
4662009,147559,-30.267906
4667009,147530,-30.267906
4672009,147501,-30.267906
4677009,147473,-29.224186
4682009,147444,-30.267906
4687009,147415,-30.267906
4692009,147386,-30.267906
4697009,147357,-30.267906
4702009,147329,-29.224186
4707009,147300,-30.267906
4712009,147271,-30.267906
4717009,147242,-30.267906
4722009,147213,-30.267906
4727009,147185,-29.224186
4732009,147156,-30.267906
4737009,147127,-30.267906
4742009,147098,-30.267906
4747009,147069,-30.267906
4752009,147040,-30.267906
4757009,147012,-29.224186
4762009,146983,-30.267906
4767009,146954,-30.267906
4772009,146925,-30.267906
4777009,146896,-30.267906
4782009,146867,-30.267906
4787009,146838,-30.267906
4792009,146809,-30.267906
4797009,146781,-29.224186
4802009,146752,-30.267906
4807009,146723,-30.267906
4812009,146694,-30.267906
4817009,146665,-30.267906
4822009,146636,-30.267906
4827009,146607,-30.267906
4832009,146579,-29.224186
4837009,146550,-30.267906
4842009,146521,-30.267906
4847009,146492,-30.267906
4852009,146463,-30.267906
4857009,146434,-30.267906
4862009,146405,-30.267906
4867009,146376,-30.267906
4872009,146347,-30.267906
4877009,146318,-30.267906
4882009,146289,-30.267906
4887009,146260,-30.267906
4892009,146231,-30.267906
4897009,146202,-30.267906
4902009,146173,-30.267906
4907009,146144,-30.267906
4912009,146115,-30.267906
4917009,146086,-30.267906
4922009,146057,-30.267906
4927009,146028,-30.267906
4932009,145999,-30.267906
4937009,145970,-30.267906
4942009,145941,-30.267906
4947009,145912,-30.267906
4952009,145884,-29.224186
4957009,145855,-30.267906
4962009,145826,-30.267906
4967009,145797,-30.267906
4972009,145768,-30.267906
4977009,145739,-30.267906
4982009,145710,-30.267906
4987009,145681,-30.267906
4992009,145652,-30.267906
4997009,145624,-29.224186
5002009,145595,-30.267906
5007009,145566,-30.267906
5012009,145537,-30.267906
5017009,145508,-30.267906
5022009,145479,-30.267906
5027009,145451,-29.224186
5032009,145422,-30.267906
5037009,145393,-30.267906
5042009,145364,-30.267906
5047009,145335,-30.267906
5052009,145307,-29.224186
5057009,145278,-30.267906
5062009,145249,-30.267906
5067009,145220,-30.267906
5072009,145191,-30.267906
5077009,145163,-29.224186
5082009,145134,-30.267906
5087009,145105,-30.267906
5092009,145076,-30.267906
5097009,145047,-30.267906
5102009,145019,-29.224186
5107009,144990,-30.267906
5112009,144961,-30.267906
5117009,144932,-30.267906
5122009,144903,-30.267906
5127009,144875,-29.224186
5132009,144846,-30.267906
5137009,144817,-30.267906
5142009,144788,-30.267906
5147009,144760,-29.224186
5152009,144731,-30.267906
5157009,144702,-30.267906
5162009,144673,-30.267906
5167009,144644,-30.267906
5172009,144616,-29.224186
5177009,144587,-30.267906
5182009,144558,-30.267906
5187009,144529,-30.267906
5192009,144501,-29.224186
5197009,144472,-30.267906
5202009,144443,-30.267906
5207009,144414,-30.267906
5212009,144386,-29.224186
5217009,144357,-30.267906
5222009,144328,-30.267906
5227009,144299,-30.267906
5232009,144271,-29.224186
5237009,144242,-30.267906
5242009,144213,-30.267906
5247009,144184,-30.267906
5252009,144155,-30.267906
5257009,144127,-29.224186
5262009,144098,-30.267906
5267009,144069,-30.267906
5272009,144040,-30.267906
5277009,144012,-29.224186
5282009,143983,-30.267906
5287009,143954,-30.267906
5292009,143925,-30.267906
5297009,143897,-29.224186
5302009,143868,-30.267906
5307009,143839,-30.267906
5312009,143811,-29.224186
5317009,143782,-30.267906
5322009,143753,-30.267906
5327009,143724,-30.267906
5332009,143696,-29.224186
5337009,143667,-30.267906
5342009,143638,-30.267906
5347009,143610,-29.224186
5352009,143581,-30.267906
5357009,143552,-30.267906
5362009,143523,-30.267906
5367009,143495,-29.224186
5372009,143466,-30.267906
5377009,143437,-30.267906
5382009,143408,-30.267906
5387009,143379,-30.267906
5392009,143351,-29.224186
5397009,143322,-30.267906
5402009,143293,-30.267906
5407009,143264,-30.267906
5412009,143235,-30.267906
5417009,143207,-29.224186
5422009,143178,-30.267906
5427009,143149,-30.267906
5432009,143120,-30.267906
5437009,143091,-30.267906
5442009,143063,-29.224186
5447009,143034,-30.267906
5452009,143005,-30.267906
5457009,142976,-30.267906
5462009,142947,-30.267906
5467009,142919,-29.224186
5472009,142890,-30.267906
5477009,142861,-30.267906
5482009,142832,-30.267906
5487009,142803,-30.267906
5492009,142775,-29.224186
5497009,142746,-30.267906
5502009,142717,-30.267906
5507009,142688,-30.267906
5512009,142659,-30.267906
5517009,142631,-29.224186
5522009,142602,-30.267906
5527009,142573,-30.267906
5532009,142544,-30.267906
5537009,142515,-30.267906
5542009,142486,-30.267906
5547009,142457,-30.267906
5552009,142428,-30.267906
5557009,142399,-30.267906
5562009,142371,-29.224186
5567009,142342,-30.267906
5572009,142313,-30.267906
5577009,142284,-30.267906
5582009,142255,-30.267906
5587009,142226,-30.267906
5592009,142197,-30.267906
5597009,142169,-29.224186
5602009,142140,-30.267906
5607009,142111,-30.267906
5612009,142082,-30.267906
5617009,142053,-30.267906
5622009,142024,-30.267906
5627009,141995,-30.267906
5632009,141966,-30.267906
5637009,141938,-29.224186
5642009,141909,-30.267906
5647009,141880,-30.267906
5652009,141851,-30.267906
5657009,141822,-30.267906
5662009,141793,-30.267906
5667009,141765,-29.224186
5672009,141736,-30.267906
5677009,141707,-30.267906
5682009,141678,-30.267906
5687009,141649,-30.267906
5692009,141620,-30.267906
5697009,141591,-30.267906
5702009,141563,-29.224186
5707009,141534,-30.267906
5712009,141505,-30.267906
5717009,141476,-30.267906
5722009,141447,-30.267906
5727009,141418,-30.267906
5732009,141389,-30.267906
5737009,141360,-30.267906
5742009,141331,-30.267906
5747009,141303,-29.224186
5752009,141274,-30.267906
5757009,141245,-30.267906
5762009,141216,-30.267906
5767009,141187,-30.267906
5772009,141158,-30.267906
5777009,141129,-30.267906
5782009,141100,-30.267906
5787009,141072,-29.224186
5792009,141043,-30.267906
5797009,141014,-30.267906
5802009,140985,-30.267906
5807009,140956,-30.267906
5812009,140928,-29.224186
5817009,140899,-30.267906
5822009,140870,-30.267906
5827009,140841,-30.267906
5832009,140812,-30.267906
5837009,140784,-29.224186
5842009,140755,-30.267906
5847009,140726,-30.267906
5852009,140697,-30.267906
5857009,140668,-30.267906
5862009,140640,-29.224186
5867009,140611,-30.267906
5872009,140582,-30.267906
5877009,140553,-30.267906
5882009,140524,-30.267906
5887009,140496,-29.224186
5892009,140467,-30.267906
5897009,140438,-30.267906
5902009,140409,-30.267906
5907009,140380,-30.267906
5912009,140351,-30.267906
5917009,140322,-30.267906
5922009,140294,-29.224186
5927009,140265,-30.267906
5932009,140236,-30.267906
5937009,140207,-30.267906
5942009,140178,-30.267906
5947009,140149,-30.267906
5952009,140121,-29.224186
5957009,140092,-30.267906
5962009,140063,-30.267906
5967009,140034,-30.267906
5972009,140005,-30.267906
5977009,139976,-30.267906
5982009,139947,-30.267906
5987009,139919,-29.224186
5992009,139890,-30.267906
5997009,139861,-30.267906
6002009,139832,-30.267906
6007009,139803,-30.267906
6012009,139774,-30.267906
6017009,139745,-30.267906
6022009,139716,-30.267906
6027009,139687,-30.267906
6032009,139658,-30.267906
6037009,139629,-30.267906
6042009,139600,-30.267906
6047009,139571,-30.267906
6052009,139542,-30.267906
6057009,139514,-29.224186
6062009,139485,-30.267906
6067009,139456,-30.267906
6072009,139427,-30.267906
6077009,139398,-30.267906
6082009,139369,-30.267906
6087009,139341,-29.224186
6092009,139312,-30.267906
6097009,139283,-30.267906
6102009,139254,-30.267906
6107009,139225,-30.267906
6112009,139197,-29.224186
6117009,139168,-30.267906
6122009,139139,-30.267906
6127009,139110,-30.267906
6132009,139082,-29.224186
6137009,139053,-30.267906
6142009,139024,-30.267906
6147009,138995,-30.267906
6152009,138966,-30.267906
6157009,138938,-29.224186
6162009,138909,-30.267906
6167009,138880,-30.267906
6172009,138852,-29.224186
6177009,138823,-30.267906
6182009,138794,-30.267906
6187009,138765,-30.267906
6192009,138737,-29.224186
6197009,138708,-30.267906
6202009,138679,-30.267906
6207009,138650,-30.267906
6212009,138621,-30.267906
6217009,138593,-29.224186
6222009,138564,-30.267906
6227009,138535,-30.267906
6232009,138506,-30.267906
6237009,138477,-30.267906
6242009,138449,-29.224186
6247009,138420,-30.267906
6252009,138391,-30.267906
6257009,138362,-30.267906
6262009,138333,-30.267906
6267009,138304,-30.267906
6272009,138275,-30.267906
6277009,138246,-30.267906
6282009,138217,-30.267906
6287009,138188,-30.267906
6292009,138160,-29.224186
6297009,138131,-30.267906
6302009,138102,-30.267906
6307009,138073,-30.267906
6312009,138044,-30.267906
6317009,138015,-30.267906
6322009,137986,-30.267906
6327009,137957,-30.267906
6332009,137928,-30.267906
6337009,137900,-29.224186
6342009,137871,-30.267906
6347009,137842,-30.267906
6352009,137813,-30.267906
6357009,137784,-30.267906
6362009,137755,-30.267906
6367009,137727,-29.224186
6372009,137698,-30.267906
6377009,137669,-30.267906
6382009,137640,-30.267906
6387009,137612,-29.224186
6392009,137583,-30.267906
6397009,137554,-30.267906
6402009,137525,-30.267906
6407009,137496,-30.267906
6412009,137468,-29.224186
6417009,137439,-30.267906
6422009,137410,-30.267906
6427009,137381,-30.267906
6432009,137353,-29.224186
6437009,137324,-30.267906
6442009,137295,-30.267906
6447009,137266,-30.267906
6452009,137238,-29.224186
6457009,137209,-30.267906
6462009,137180,-30.267906
6467009,137151,-30.267906
6472009,137122,-30.267906
6477009,137094,-29.224186
6482009,137065,-30.267906
6487009,137036,-30.267906
6492009,137007,-30.267906
6497009,136979,-29.224186
6502009,136950,-30.267906
6507009,136921,-30.267906
6512009,136892,-30.267906
6517009,136863,-30.267906
6522009,136835,-29.224186
6527009,136806,-30.267906
6532009,136777,-30.267906
6537009,136748,-30.267906
6542009,136720,-29.224186
6547009,136691,-30.267906
6552009,136662,-30.267906
6557009,136633,-30.267906
6562009,136605,-29.224186
6567009,136576,-30.267906
6572009,136547,-30.267906
6577009,136519,-29.224186
6582009,136490,-30.267906
6587009,136461,-30.267906
6592009,136432,-30.267906
6597009,136404,-29.224186
6602009,136375,-30.267906
6607009,136346,-30.267906
6612009,136317,-30.267906
6617009,136289,-29.224186
6622009,136260,-30.267906
6627009,136231,-30.267906
6632009,136202,-30.267906
6637009,136174,-29.224186
6642009,136145,-30.267906
6647009,136116,-30.267906
6652009,136087,-30.267906
6657009,136059,-29.224186
6662009,136030,-30.267906
6667009,136001,-30.267906
6672009,135972,-30.267906
6677009,135944,-29.224186
6682009,135915,-30.267906
6687009,135886,-30.267906
6692009,135857,-30.267906
6697009,135829,-29.224186
6702009,135800,-30.267906
6707009,135771,-30.267906
6712009,135742,-30.267906
6717009,135714,-29.224186
6722009,135685,-30.267906
6727009,135656,-30.267906
6732009,135627,-30.267906
6737009,135599,-29.224186
6742009,135570,-30.267906
6747009,135541,-30.267906
6752009,135512,-30.267906
6757009,135484,-29.224186
6762009,135455,-30.267906
6767009,135426,-30.267906
6772009,135397,-30.267906
6777009,135369,-29.224186
6782009,135340,-30.267906
6787009,135311,-30.267906
6792009,135282,-30.267906
6797009,135254,-29.224186
6802009,135225,-30.267906
6807009,135196,-30.267906
6812009,135167,-30.267906
6817009,135138,-30.267906
6822009,135110,-29.224186
6827009,135081,-30.267906
6832009,135052,-30.267906
6837009,135023,-30.267906
6842009,134994,-30.267906
6847009,134966,-29.224186
6852009,134937,-30.267906
6857009,134908,-30.267906
6862009,134879,-30.267906
6867009,134851,-29.224186
6872009,134822,-30.267906
6877009,134793,-30.267906
6882009,134764,-30.267906
6887009,134735,-30.267906
6892009,134707,-29.224186
6897009,134678,-30.267906
6902009,134649,-30.267906
6907009,134620,-30.267906
6912009,134592,-29.224186
6917009,134563,-30.267906
6922009,134534,-30.267906
6927009,134505,-30.267906
6932009,134477,-29.224186
6937009,134448,-30.267906
6942009,134419,-30.267906
6947009,134391,-29.224186
6952009,134362,-30.267906
6957009,134333,-30.267906
6962009,134304,-30.267906
6967009,134275,-30.267906
6972009,134247,-29.224186
6977009,134218,-30.267906
6982009,134189,-30.267906
6987009,134160,-30.267906
6992009,134132,-29.224186
6997009,134103,-30.267906
7002009,134074,-30.267906
7007009,134045,-30.267906
7012009,134017,-29.224186
7017009,133988,-30.267906
7022009,133959,-30.267906
7027009,133930,-30.267906
7032009,133901,-30.267906
7037009,133872,-30.267906
7042009,133844,-29.224186
7047009,133815,-30.267906
7052009,133786,-30.267906
7057009,133757,-30.267906
7062009,133728,-30.267906
7067009,133699,-30.267906
7072009,133671,-29.224186
7077009,133642,-30.267906
7082009,133613,-30.267906
7087009,133584,-30.267906
7092009,133555,-30.267906
7097009,133527,-29.224186
7102009,133498,-30.267906
7107009,133469,-30.267906
7112009,133440,-30.267906
7117009,133412,-29.224186
7122009,133383,-30.267906
7127009,133354,-30.267906
7132009,133325,-30.267906
7137009,133297,-29.224186
7142009,133268,-30.267906
7147009,133239,-30.267906
7152009,133210,-30.267906
7157009,133182,-29.224186
7162009,133153,-30.267906
7167009,133124,-30.267906
7172009,133096,-29.224186
7177009,133067,-30.267906
7182009,133038,-30.267906
7187009,133009,-30.267906
7192009,132980,-30.267906
7197009,132952,-29.224186
7202009,132923,-30.267906
7207009,132894,-30.267906
7212009,132865,-30.267906
7217009,132837,-29.224186
7222009,132808,-30.267906
7227009,132779,-30.267906
7232009,132750,-30.267906
7237009,132722,-29.224186
7242009,132693,-30.267906
7247009,132664,-30.267906
7252009,132635,-30.267906
7257009,132607,-29.224186
7262009,132578,-30.267906
7267009,132549,-30.267906
7272009,132521,-29.224186
7277009,132492,-30.267906
7282009,132463,-30.267906
7287009,132434,-30.267906
7292009,132406,-29.224186
7297009,132377,-30.267906
7302009,132348,-30.267906
7307009,132320,-29.224186
7312009,132291,-30.267906
7317009,132262,-30.267906
7322009,132233,-30.267906
7327009,132205,-29.224186
7332009,132176,-30.267906
7337009,132147,-30.267906
7342009,132119,-29.224186
7347009,132090,-30.267906
7352009,132061,-30.267906
7357009,132033,-29.224186
7362009,132004,-30.267906
7367009,131975,-30.267906
7372009,131946,-30.267906
7377009,131918,-29.224186
7382009,131889,-30.267906
7387009,131860,-30.267906
7392009,131831,-30.267906
7397009,131803,-29.224186
7402009,131774,-30.267906
7407009,131745,-30.267906
7412009,131716,-30.267906
7417009,131688,-29.224186
7422009,131659,-30.267906
7427009,131630,-30.267906
7432009,131601,-30.267906
7437009,131573,-29.224186
7442009,131544,-30.267906
7447009,131515,-30.267906
7452009,131486,-30.267906
7457009,131458,-29.224186
7462009,131429,-30.267906
7467009,131400,-30.267906
7472009,131371,-30.267906
7477009,131343,-29.224186
7482009,131314,-30.267906
7487009,131285,-30.267906
7492009,131257,-29.224186
7497009,131228,-30.267906
7502009,131199,-30.267906
7507009,131171,-29.224186
7512009,131142,-30.267906
7517009,131113,-30.267906
7522009,131084,-30.267906
7527009,131056,-29.224186
7532009,131027,-30.267906
7537009,130998,-30.267906
7542009,130970,-29.224186
7547009,130941,-30.267906
7552009,130912,-30.267906
7557009,130883,-30.267906
7562009,130855,-29.224186
7567009,130826,-30.267906
7572009,130797,-30.267906
7577009,130769,-29.224186
7582009,130740,-30.267906
7587009,130711,-30.267906
7592009,130682,-30.267906
7597009,130654,-29.224186
7602009,130625,-30.267906
7607009,130596,-30.267906
7612009,130567,-30.267906
7617009,130538,-30.267906
7622009,130510,-29.224186
7627009,130481,-30.267906
7632009,130452,-30.267906
7637009,130423,-30.267906
7642009,130395,-29.224186
7647009,130366,-30.267906
7652009,130337,-30.267906
7657009,130308,-30.267906
7662009,130279,-30.267906
7667009,130250,-30.267906
7672009,130222,-29.224186
7677009,130193,-30.267906
7682009,130164,-30.267906
7687009,130135,-30.267906
7692009,130107,-29.224186
7697009,130078,-30.267906
7702009,130049,-30.267906
7707009,130021,-29.224186
7712009,129992,-30.267906
7717009,129963,-30.267906
7722009,129935,-29.224186
7727009,129906,-30.267906
7732009,129877,-30.267906
7737009,129849,-29.224186
7742009,129820,-30.267906
7747009,129791,-30.267906
7752009,129763,-29.224186
7757009,129734,-30.267906
7762009,129705,-30.267906
7767009,129677,-29.224186
7772009,129648,-30.267906
7777009,129619,-30.267906
7782009,129591,-29.224186
7787009,129562,-30.267906
7792009,129533,-30.267906
7797009,129505,-29.224186
7802009,129476,-30.267906
7807009,129448,-29.224186
7812009,129419,-30.267906
7817009,129390,-30.267906
7822009,129362,-29.224186
7827009,129333,-30.267906
7832009,129304,-30.267906
7837009,129276,-29.224186
7842009,129247,-30.267906
7847009,129218,-30.267906
7852009,129190,-29.224186
7857009,129161,-30.267906
7862009,129132,-30.267906
7867009,129104,-29.224186
7872009,129075,-30.267906
7877009,129046,-30.267906
7882009,129018,-29.224186
7887009,128989,-30.267906
7892009,128960,-30.267906
7897009,128932,-29.224186
7902009,128903,-30.267906
7907009,128874,-30.267906
7912009,128845,-30.267906
7917009,128817,-29.224186
7922009,128788,-30.267906
7927009,128759,-30.267906
7932009,128730,-30.267906
7937009,128702,-29.224186
7942009,128673,-30.267906
7947009,128644,-30.267906
7952009,128616,-29.224186
7957009,128587,-30.267906
7962009,128558,-30.267906
7967009,128529,-30.267906
7972009,128501,-29.224186
7977009,128472,-30.267906
7982009,128443,-30.267906
7987009,128414,-30.267906
7992009,128385,-30.267906
7997009,128357,-29.224186
8002009,128328,-30.267906
8007009,128299,-30.267906
8012009,128270,-30.267906
8017009,128242,-29.224186
8022009,128213,-30.267906
8027009,128184,-30.267906
8032009,128155,-30.267906
8037009,128127,-29.224186
8042009,128098,-30.267906
8047009,128069,-30.267906
8052009,128041,-29.224186
8057009,128012,-30.267906
8062009,127983,-30.267906
8067009,127955,-29.224186
8072009,127926,-30.267906
8077009,127898,-29.224186
8082009,127869,-30.267906
8087009,127840,-30.267906
8092009,127812,-29.224186
8097009,127783,-30.267906
8102009,127754,-30.267906
8107009,127726,-29.224186
8112009,127697,-30.267906
8117009,127669,-29.224186
8122009,127640,-30.267906
8127009,127611,-30.267906
8132009,127583,-29.224186
8137009,127554,-30.267906
8142009,127525,-30.267906
8147009,127497,-29.224186
8152009,127468,-30.267906
8157009,127439,-30.267906
8162009,127411,-29.224186
8167009,127382,-30.267906
8172009,127353,-30.267906
8177009,127325,-29.224186
8182009,127296,-30.267906
8187009,127267,-30.267906
8192009,127239,-29.224186
8197009,127210,-30.267906
8202009,127182,-29.224186
8207009,127153,-30.267906
8212009,127124,-30.267906
8217009,127096,-29.224186
8222009,127067,-30.267906
8227009,127038,-30.267906
8232009,127010,-29.224186
8237009,126981,-30.267906
8242009,126952,-30.267906
8247009,126924,-29.224186
8252009,126895,-30.267906
8257009,126866,-30.267906
8262009,126838,-29.224186
8267009,126809,-30.267906
8272009,126780,-30.267906
8277009,126752,-29.224186
8282009,126723,-30.267906
8287009,126694,-30.267906
8292009,126666,-29.224186
8297009,126637,-30.267906
8302009,126608,-30.267906
8307009,126579,-30.267906
8312009,126551,-29.224186
8317009,126522,-30.267906
8322009,126493,-30.267906
8327009,126465,-29.224186
8332009,126436,-30.267906
8337009,126407,-30.267906
8342009,126378,-30.267906
8347009,126350,-29.224186
8352009,126321,-30.267906
8357009,126293,-29.224186
8362009,126264,-30.267906
8367009,126235,-30.267906
8372009,126207,-29.224186
8377009,126178,-30.267906
8382009,126149,-30.267906
8387009,126121,-29.224186
8392009,126092,-30.267906
8397009,126063,-30.267906
8402009,126035,-29.224186
8407009,126006,-30.267906
8412009,125977,-30.267906
8417009,125949,-29.224186
8422009,125920,-30.267906
8427009,125892,-29.224186
8432009,125863,-30.267906
8437009,125834,-30.267906
8442009,125806,-29.224186
8447009,125777,-30.267906
8452009,125748,-30.267906
8457009,125720,-29.224186
8462009,125691,-30.267906
8467009,125663,-29.224186
8472009,125634,-30.267906
8477009,125605,-30.267906
8482009,125577,-29.224186
8487009,125548,-30.267906
8492009,125520,-29.224186
8497009,125491,-30.267906
8502009,125462,-30.267906
8507009,125434,-29.224186
8512009,125405,-30.267906
8517009,125376,-30.267906
8522009,125348,-29.224186
8527009,125319,-30.267906
8532009,125291,-29.224186
8537009,125262,-30.267906
8542009,125233,-30.267906
8547009,125205,-29.224186
8552009,125176,-30.267906
8557009,125148,-29.224186
8562009,125119,-30.267906
8567009,125090,-30.267906
8572009,125062,-29.224186
8577009,125033,-30.267906
8582009,125004,-30.267906
8587009,124976,-29.224186
8592009,124947,-30.267906
8597009,124919,-29.224186
8602009,124890,-30.267906
8607009,124861,-30.267906
8612009,124833,-29.224186
8617009,124804,-30.267906
8622009,124775,-30.267906
8627009,124747,-29.224186
8632009,124718,-30.267906
8637009,124689,-30.267906
8642009,124661,-29.224186
8647009,124632,-30.267906
8652009,124604,-29.224186
8657009,124575,-30.267906
8662009,124546,-30.267906
8667009,124518,-29.224186
8672009,124489,-30.267906
8677009,124461,-29.224186
8682009,124432,-30.267906
8687009,124403,-30.267906
8692009,124375,-29.224186
8697009,124346,-30.267906
8702009,124318,-29.224186
8707009,124289,-30.267906
8712009,124260,-30.267906
8717009,124232,-29.224186
8722009,124203,-30.267906
8727009,124175,-29.224186
8732009,124146,-30.267906
8737009,124117,-30.267906
8742009,124089,-29.224186
8747009,124060,-30.267906
8752009,124032,-29.224186
8757009,124003,-30.267906
8762009,123974,-30.267906
8767009,123946,-29.224186
8772009,123917,-30.267906
8777009,123889,-29.224186
8782009,123860,-30.267906
8787009,123831,-30.267906
8792009,123803,-29.224186
8797009,123774,-30.267906
8802009,123746,-29.224186
8807009,123717,-30.267906
8812009,123689,-29.224186
8817009,123660,-30.267906
8822009,123631,-30.267906
8827009,123603,-29.224186
8832009,123574,-30.267906
8837009,123546,-29.224186
8842009,123517,-30.267906
8847009,123488,-30.267906
8852009,123460,-29.224186
8857009,123431,-30.267906
8862009,123403,-29.224186
8867009,123374,-30.267906
8872009,123345,-30.267906
8877009,123317,-29.224186
8882009,123288,-30.267906
8887009,123259,-30.267906
8892009,123231,-29.224186
8897009,123202,-30.267906
8902009,123173,-30.267906
8907009,123145,-29.224186
8912009,123116,-30.267906
8917009,123087,-30.267906
8922009,123059,-29.224186
8927009,123030,-30.267906
8932009,123001,-30.267906
8937009,122973,-29.224186
8942009,122944,-30.267906
8947009,122915,-30.267906
8952009,122886,-30.267906
8957009,122858,-29.224186
8962009,122829,-30.267906
8967009,122800,-30.267906
8972009,122772,-29.224186
8977009,122743,-30.267906
8982009,122714,-30.267906
8987009,122686,-29.224186
8992009,122657,-30.267906
8997009,122628,-30.267906
9002009,122599,-30.267906
9007009,122571,-29.224186
9012009,122542,-30.267906
9017009,122513,-30.267906
9022009,122484,-30.267906
9027009,122456,-29.224186
9032009,122427,-30.267906
9037009,122398,-30.267906
9042009,122369,-30.267906
9047009,122341,-29.224186
9052009,122312,-30.267906
9057009,122283,-30.267906
9062009,122254,-30.267906
9067009,122226,-29.224186
9072009,122197,-30.267906
9077009,122168,-30.267906
9082009,122139,-30.267906
9087009,122111,-29.224186
9092009,122082,-30.267906
9097009,122053,-30.267906
9102009,122024,-30.267906
9107009,121995,-30.267906
9112009,121967,-29.224186
9117009,121938,-30.267906
9122009,121909,-30.267906
9127009,121880,-30.267906
9132009,121852,-29.224186
9137009,121823,-30.267906
9142009,121794,-30.267906
9147009,121765,-30.267906
9152009,121736,-30.267906
9157009,121708,-29.224186
9162009,121679,-30.267906
9167009,121650,-30.267906
9172009,121621,-30.267906
9177009,121592,-30.267906
9182009,121564,-29.224186
9187009,121535,-30.267906
9192009,121506,-30.267906
9197009,121477,-30.267906
9202009,121448,-30.267906
9207009,121419,-30.267906
9212009,121391,-29.224186
9217009,121362,-30.267906
9222009,121333,-30.267906
9227009,121304,-30.267906
9232009,121275,-30.267906
9237009,121246,-30.267906
9242009,121218,-29.224186
9247009,121189,-30.267906
9252009,121160,-30.267906
9257009,121131,-30.267906
9262009,121102,-30.267906
9267009,121073,-30.267906
9272009,121044,-30.267906
9277009,121016,-29.224186
9282009,120987,-30.267906
9287009,120958,-30.267906
9292009,120929,-30.267906
9297009,120900,-30.267906
9302009,120871,-30.267906
9307009,120843,-29.224186
9312009,120814,-30.267906
9317009,120785,-30.267906
9322009,120756,-30.267906
9327009,120727,-30.267906
9332009,120698,-30.267906
9337009,120670,-29.224186
9342009,120641,-30.267906
9347009,120612,-30.267906
9352009,120583,-30.267906
9357009,120554,-30.267906
9362009,120525,-30.267906
9367009,120497,-29.224186
9372009,120468,-30.267906
9377009,120439,-30.267906
9382009,120410,-30.267906
9387009,120381,-30.267906
9392009,120353,-29.224186
9397009,120324,-30.267906
9402009,120295,-30.267906
9407009,120266,-30.267906
9412009,120237,-30.267906
9417009,120209,-29.224186
9422009,120180,-30.267906
9427009,120151,-30.267906
9432009,120122,-30.267906
9437009,120093,-30.267906
9442009,120065,-29.224186
9447009,120036,-30.267906
9452009,120007,-30.267906
9457009,119978,-30.267906
9462009,119950,-29.224186
9467009,119921,-30.267906
9472009,119892,-30.267906
9477009,119863,-30.267906
9482009,119834,-30.267906
9487009,119806,-29.224186
9492009,119777,-30.267906
9497009,119748,-30.267906
9502009,119719,-30.267906
9507009,119691,-29.224186
9512009,119662,-30.267906
9517009,119633,-30.267906
9522009,119604,-30.267906
9527009,119576,-29.224186
9532009,119547,-30.267906
9537009,119518,-30.267906
9542009,119489,-30.267906
9547009,119461,-29.224186
9552009,119432,-30.267906
9557009,119403,-30.267906
9562009,119374,-30.267906
9567009,119346,-29.224186
9572009,119317,-30.267906
9577009,119288,-30.267906
9582009,119259,-30.267906
9587009,119231,-29.224186
9592009,119202,-30.267906
9597009,119173,-30.267906
9602009,119144,-30.267906
9607009,119116,-29.224186
9612009,119087,-30.267906
9617009,119058,-30.267906
9622009,119029,-30.267906
9627009,119001,-29.224186
9632009,118972,-30.267906
9637009,118943,-30.267906
9642009,118914,-30.267906
9647009,118885,-30.267906
9652009,118857,-29.224186
9657009,118828,-30.267906
9662009,118799,-30.267906
9667009,118770,-30.267906
9672009,118741,-30.267906
9677009,118713,-29.224186
9682009,118684,-30.267906
9687009,118655,-30.267906
9692009,118626,-30.267906
9697009,118597,-30.267906
9702009,118569,-29.224186
9707009,118540,-30.267906
9712009,118511,-30.267906
9717009,118482,-30.267906
9722009,118453,-30.267906
9727009,118425,-29.224186
9732009,118396,-30.267906
9737009,118367,-30.267906
9742009,118338,-30.267906
9747009,118309,-30.267906
9752009,118281,-29.224186
9757009,118252,-30.267906
9762009,118223,-30.267906
9767009,118194,-30.267906
9772009,118166,-29.224186
9777009,118137,-30.267906
9782009,118108,-30.267906
9787009,118079,-30.267906
9792009,118051,-29.224186
9797009,118022,-30.267906
9802009,117993,-30.267906
9807009,117965,-29.224186
9812009,117936,-30.267906
9817009,117907,-30.267906
9822009,117878,-30.267906
9827009,117850,-29.224186
9832009,117821,-30.267906
9837009,117792,-30.267906
9842009,117763,-30.267906
9847009,117735,-29.224186
9852009,117706,-30.267906
9857009,117677,-30.267906
9862009,117648,-30.267906
9867009,117620,-29.224186
9872009,117591,-30.267906
9877009,117562,-30.267906
9882009,117533,-30.267906
9887009,117505,-29.224186
9892009,117476,-30.267906
9897009,117447,-30.267906
9902009,117418,-30.267906
9907009,117390,-29.224186
9912009,117361,-30.267906
9917009,117332,-30.267906
9922009,117303,-30.267906
9927009,117275,-29.224186
9932009,117246,-30.267906
9937009,117217,-30.267906
9942009,117188,-30.267906
9947009,117160,-29.224186
9952009,117131,-30.267906
9957009,117102,-30.267906
9962009,117073,-30.267906
9967009,117044,-30.267906
9972009,117016,-29.224186
9977009,116987,-30.267906
9982009,116958,-30.267906
9987009,116929,-30.267906
9992009,116900,-30.267906
9997009,116871,-30.267906
10002009,116843,-29.224186
10007009,116814,-30.267906
10012009,116785,-30.267906
10017009,116756,-30.267906
10022009,116727,-30.267906
10027009,116698,-30.267906
10032009,116670,-29.224186
10037009,116641,-30.267906
10042009,116612,-30.267906
10047009,116583,-30.267906
10052009,116554,-30.267906
10057009,116525,-30.267906
10062009,116497,-29.224186
10067009,116468,-30.267906
10072009,116439,-30.267906
10077009,116410,-30.267906
10082009,116381,-30.267906
10087009,116352,-30.267906
10092009,116324,-29.224186
10097009,116295,-30.267906
10102009,116266,-30.267906
10107009,116237,-30.267906
10112009,116209,-29.224186
10117009,116180,-30.267906
10122009,116151,-30.267906
10127009,116122,-30.267906
10132009,116094,-29.224186
10137009,116065,-30.267906
10142009,116036,-30.267906
10147009,116007,-30.267906
10152009,115978,-30.267906
10157009,115950,-29.224186
10162009,115921,-30.267906
10167009,115892,-30.267906
10172009,115864,-29.224186
10177009,115835,-30.267906
10182009,115806,-30.267906
10187009,115777,-30.267906
10192009,115749,-29.224186
10197009,115720,-30.267906
10202009,115691,-30.267906
10207009,115662,-30.267906
10212009,115633,-30.267906
10217009,115605,-29.224186
10222009,115576,-30.267906
10227009,115547,-30.267906
10232009,115518,-30.267906
10237009,115490,-29.224186
10242009,115461,-30.267906
10247009,115432,-30.267906
10252009,115404,-29.224186
10257009,115375,-30.267906
10262009,115346,-30.267906
10267009,115317,-30.267906
10272009,115289,-29.224186
10277009,115260,-30.267906
10282009,115231,-30.267906
10287009,115203,-29.224186
10292009,115174,-30.267906
10297009,115145,-30.267906
10302009,115116,-30.267906
10307009,115088,-29.224186
10312009,115059,-30.267906
