
Time_us,Position,Speed_rad_per_s
1312008,273630,0.000000
1317008,273628,-2.087442
1322008,273623,-5.218605
1327008,273616,-7.306046
1332008,273606,-10.437209
1337008,273594,-12.524651
1342008,273580,-14.612093
1347008,273565,-15.655814
1352008,273548,-17.743256
1357009,273529,-19.826731
1362009,273510,-19.830698
1367009,273490,-20.874418
1372009,273468,-22.961861
1377009,273446,-22.961861
1382009,273424,-22.961861
1387009,273400,-25.049301
1392009,273376,-25.049301
1397009,273352,-25.049301
1402009,273327,-26.093023
1407009,273301,-27.136744
1412009,273276,-26.093023
1417009,273250,-27.136744
1422009,273223,-28.180466
1427009,273197,-27.136744
1432009,273170,-28.180466
1437009,273143,-28.180466
1442009,273116,-28.180466
1447009,273089,-28.180466
1452009,273061,-29.224186
1457009,273033,-29.224186
1462009,273006,-28.180466
1467009,272978,-29.224186
1472009,272950,-29.224186
1477009,272922,-29.224186
1482009,272893,-30.267906
1487009,272865,-29.224186
1492009,272837,-29.224186
1497009,272808,-30.267906
1502009,272780,-29.224186
1507009,272751,-30.267906
1512009,272723,-29.224186
1517009,272694,-30.267906
1522009,272666,-29.224186
1527009,272637,-30.267906
1532009,272608,-30.267906
1537009,272579,-30.267906
1542009,272551,-29.224186
1547009,272522,-30.267906
1552009,272493,-30.267906
1557009,272464,-30.267906
1562009,272435,-30.267906
1567009,272406,-30.267906
1572009,272377,-30.267906
1577009,272348,-30.267906
1582009,272319,-30.267906
1587009,272291,-29.224186
1592009,272262,-30.267906
1597009,272233,-30.267906
1602009,272204,-30.267906
1607009,272175,-30.267906
1612009,272146,-30.267906
1617009,272117,-30.267906
1622009,272087,-31.311628
1627009,272059,-29.224186
1632009,272029,-31.311628
1637009,272000,-30.267906
1642009,271971,-30.267906
1647009,271942,-30.267906
1652009,271913,-30.267906
1657009,271884,-30.267906
1662009,271855,-30.267906
1667009,271826,-30.267906
1672009,271797,-30.267906
1677009,271768,-30.267906
1682009,271739,-30.267906
1687009,271710,-30.267906
1692009,271681,-30.267906
1697009,271651,-31.311628
1702009,271622,-30.267906
1707009,271593,-30.267906
1712009,271564,-30.267906
1717009,271535,-30.267906
1722009,271506,-30.267906
1727009,271477,-30.267906
1732009,271448,-30.267906
1737009,271419,-30.267906
1742009,271389,-31.311628
1747009,271360,-30.267906
1752009,271331,-30.267906
1757009,271302,-30.267906
1762009,271273,-30.267906
1767009,271244,-30.267906
1772009,271215,-30.267906
1777009,271186,-30.267906
1782009,271156,-31.311628
1787009,271127,-30.267906
1792009,271098,-30.267906
1797009,271069,-30.267906
1802009,271040,-30.267906
1807009,271011,-30.267906
1812009,270982,-30.267906
1817009,270953,-30.267906
1822009,270923,-31.311628
1827009,270894,-30.267906
1832009,270865,-30.267906
1837009,270836,-30.267906
1842009,270807,-30.267906
1847009,270778,-30.267906
1852009,270749,-30.267906
1857009,270719,-31.311628
1862009,270690,-30.267906
1867009,270661,-30.267906
1872009,270632,-30.267906
1877009,270603,-30.267906
1882009,270574,-30.267906
1887009,270545,-30.267906
1892009,270515,-31.311628
1897009,270486,-30.267906
1902009,270457,-30.267906
1907009,270428,-30.267906
1912009,270399,-30.267906
1917009,270370,-30.267906
1922009,270341,-30.267906
1927009,270311,-31.311628
1932009,270282,-30.267906
1937009,270253,-30.267906
1942009,270224,-30.267906
1947009,270195,-30.267906
1952009,270166,-30.267906
1957009,270136,-31.311628
1962009,270107,-30.267906
1967009,270078,-30.267906
1972009,270049,-30.267906
1977009,270020,-30.267906
1982009,269991,-30.267906
1987009,269961,-31.311628
1992009,269932,-30.267906
1997009,269903,-30.267906
2002009,269874,-30.267906
2007009,269845,-30.267906
2012009,269816,-30.267906
2017009,269787,-30.267906
2022009,269757,-31.311628
2027009,269728,-30.267906
2032009,269699,-30.267906
2037009,269670,-30.267906
2042009,269641,-30.267906
2047009,269612,-30.267906
2052009,269583,-30.267906
2057009,269553,-31.311628
2062009,269524,-30.267906
2067009,269495,-30.267906
2072009,269466,-30.267906
2077009,269437,-30.267906
2082009,269407,-31.311628
2087009,269378,-30.267906
2092009,269349,-30.267906
2097009,269320,-30.267906
2102009,269291,-30.267906
2107009,269262,-30.267906
2112009,269233,-30.267906
2117009,269203,-31.311628
2122009,269174,-30.267906
2127009,269145,-30.267906
2132009,269116,-30.267906
2137009,269087,-30.267906
2142009,269057,-31.311628
2147009,269028,-30.267906
2152009,268999,-30.267906
2157009,268970,-30.267906
2162009,268941,-30.267906
2167009,268911,-31.311628
2172009,268882,-30.267906
2177009,268853,-30.267906
2182009,268824,-30.267906
2187009,268795,-30.267906
2192009,268765,-31.311628
2197009,268736,-30.267906
2202009,268707,-30.267906
2207009,268678,-30.267906
2212009,268649,-30.267906
2217009,268619,-31.311628
2222009,268590,-30.267906
2227009,268561,-30.267906
2232009,268532,-30.267906
2237009,268503,-30.267906
2242009,268473,-31.311628
2247009,268444,-30.267906
2252009,268415,-30.267906
2257009,268386,-30.267906
2262009,268357,-30.267906
2267009,268327,-31.311628
2272009,268298,-30.267906
2277009,268269,-30.267906
2282009,268240,-30.267906
2287009,268211,-30.267906
2292009,268181,-31.311628
2297009,268152,-30.267906
2302009,268123,-30.267906
2307009,268094,-30.267906
2312009,268065,-30.267906
2317009,268035,-31.311628
2322009,268006,-30.267906
2327009,267977,-30.267906
2332009,267948,-30.267906
2337009,267919,-30.267906
2342009,267889,-31.311628
2347009,267860,-30.267906
2352009,267831,-30.267906
2357009,267802,-30.267906
2362009,267773,-30.267906
2367009,267743,-31.311628
2372009,267714,-30.267906
2377009,267685,-30.267906
2382009,267656,-30.267906
2387009,267627,-30.267906
2392009,267597,-31.311628
2397009,267568,-30.267906
2402009,267539,-30.267906
2407009,267510,-30.267906
2412009,267481,-30.267906
2417009,267451,-31.311628
2422009,267422,-30.267906
2427009,267393,-30.267906
2432009,267364,-30.267906
2437009,267334,-31.311628
2442009,267305,-30.267906
2447009,267276,-30.267906
2452009,267247,-30.267906
2457009,267217,-31.311628
2462009,267188,-30.267906
2467009,267159,-30.267906
2472009,267130,-30.267906
2477009,267101,-30.267906
2482009,267071,-31.311628
2487009,267042,-30.267906
2492009,267013,-30.267906
2497009,266984,-30.267906
2502009,266955,-30.267906
2507009,266925,-31.311628
2512009,266896,-30.267906
2517009,266867,-30.267906
2522009,266838,-30.267906
2527009,266809,-30.267906
2532009,266779,-31.311628
2537009,266750,-30.267906
2542009,266721,-30.267906
2547009,266692,-30.267906
2552009,266663,-30.267906
2557009,266633,-31.311628
2562009,266604,-30.267906
2567009,266575,-30.267906
2572009,266546,-30.267906
2577009,266516,-31.311628
2582009,266487,-30.267906
2587009,266458,-30.267906
2592009,266429,-30.267906
2597009,266400,-30.267906
2602009,266370,-31.311628
2607009,266341,-30.267906
2612009,266312,-30.267906
2617009,266283,-30.267906
2622009,266253,-31.311628
2627009,266224,-30.267906
2632009,266195,-30.267906
2637009,266166,-30.267906
2642009,266137,-30.267906
2647009,266107,-31.311628
2652009,266078,-30.267906
2657009,266049,-30.267906
2662009,266020,-30.267906
2667009,265991,-30.267906
2672009,265961,-31.311628
2677009,265932,-30.267906
2682009,265903,-30.267906
2687009,265874,-30.267906
2692009,265844,-31.311628
2697009,265815,-30.267906
2702009,265786,-30.267906
2707009,265757,-30.267906
2712009,265728,-30.267906
2717009,265698,-31.311628
2722009,265669,-30.267906
2727009,265640,-30.267906
2732009,265611,-30.267906
2737009,265581,-31.311628
2742009,265552,-30.267906
2747009,265523,-30.267906
2752009,265494,-30.267906
2757009,265465,-30.267906
2762009,265435,-31.311628
2767009,265406,-30.267906
2772009,265377,-30.267906
2777009,265348,-30.267906
2782009,265319,-30.267906
2787009,265289,-31.311628
2792009,265260,-30.267906
2797009,265231,-30.267906
2802009,265202,-30.267906
2807009,265173,-30.267906
2812009,265143,-31.311628
2817009,265114,-30.267906
2822009,265085,-30.267906
2827009,265056,-30.267906
2832009,265027,-30.267906
2837009,264998,-30.267906
2842009,264968,-31.311628
2847009,264939,-30.267906
2852009,264910,-30.267906
2857009,264881,-30.267906
2862009,264852,-30.267906
2867009,264823,-30.267906
2872009,264793,-31.311628
2877009,264764,-30.267906
2882009,264735,-30.267906
2887009,264706,-30.267906
2892009,264677,-30.267906
2897009,264647,-31.311628
2902009,264618,-30.267906
2907009,264589,-30.267906
2912009,264560,-30.267906
2917009,264531,-30.267906
2922009,264501,-31.311628
2927009,264472,-30.267906
2932009,264443,-30.267906
2937009,264414,-30.267906
2942009,264385,-30.267906
2947009,264355,-31.311628
2952009,264326,-30.267906
2957009,264297,-30.267906
2962009,264268,-30.267906
2967009,264239,-30.267906
2972009,264209,-31.311628
2977009,264180,-30.267906
2982009,264151,-30.267906
2987009,264122,-30.267906
2992009,264093,-30.267906
2997009,264063,-31.311628
3002009,264034,-30.267906
3007009,264005,-30.267906
3012009,263976,-30.267906
3017009,263947,-30.267906
3022009,263917,-31.311628
3027009,263888,-30.267906
3032009,263859,-30.267906
3037009,263830,-30.267906
3042009,263801,-30.267906
3047009,263771,-31.311628
3052009,263742,-30.267906
3057009,263713,-30.267906
3062009,263684,-30.267906
3067009,263655,-30.267906
3072009,263625,-31.311628
3077009,263596,-30.267906
3082009,263567,-30.267906
3087009,263538,-30.267906
3092009,263508,-31.311628
3097009,263479,-30.267906
3102009,263450,-30.267906
3107009,263421,-30.267906
3112009,263391,-31.311628
3117009,263362,-30.267906
3122009,263333,-30.267906
3127009,263304,-30.267906
3132009,263275,-30.267906
3137009,263245,-31.311628
3142009,263216,-30.267906
3147009,263187,-30.267906
3152009,263158,-30.267906
3157009,263129,-30.267906
3162009,263099,-31.311628
3167009,263070,-30.267906
3172009,263041,-30.267906
3177009,263012,-30.267906
3182009,262982,-31.311628
3187009,262953,-30.267906
3192009,262924,-30.267906
3197009,262895,-30.267906
3202009,262865,-31.311628
3207009,262836,-30.267906
3212009,262807,-30.267906
3217009,262778,-30.267906
3222009,262748,-31.311628
3227009,262719,-30.267906
3232009,262690,-30.267906
3237009,262661,-30.267906
3242009,262631,-31.311628
3247009,262602,-30.267906
3252009,262573,-30.267906
3257009,262544,-30.267906
3262009,262514,-31.311628
3267009,262485,-30.267906
3272009,262456,-30.267906
3277009,262427,-30.267906
3282009,262397,-31.311628
3287009,262368,-30.267906
3292009,262339,-30.267906
3297009,262310,-30.267906
3302009,262281,-30.267906
3307009,262251,-31.311628
3312009,262222,-30.267906
3317009,262193,-30.267906
3322009,262164,-30.267906
3327009,262134,-31.311628
3332009,262105,-30.267906
3337009,262076,-30.267906
3342009,262047,-30.267906
3347009,262017,-31.311628
3352009,261988,-30.267906
3357009,261959,-30.267906
3362009,261930,-30.267906
3367009,261901,-30.267906
3372009,261871,-31.311628
3377009,261842,-30.267906
3382009,261813,-30.267906
3387009,261784,-30.267906
3392009,261755,-30.267906
3397009,261725,-31.311628
3402009,261696,-30.267906
3407009,261667,-30.267906
3412009,261638,-30.267906
3417009,261609,-30.267906
3422009,261579,-31.311628
3427009,261550,-30.267906
3432009,261521,-30.267906
3437009,261492,-30.267906
3442009,261463,-30.267906
3447009,261433,-31.311628
3452009,261404,-30.267906
3457009,261375,-30.267906
3462009,261346,-30.267906
3467009,261317,-30.267906
3472009,261288,-30.267906
3477009,261258,-31.311628
3482009,261229,-30.267906
3487009,261200,-30.267906
3492009,261171,-30.267906
3497009,261142,-30.267906
3502009,261113,-30.267906
3507009,261083,-31.311628
3512009,261054,-30.267906
3517009,261025,-30.267906
3522009,260996,-30.267906
3527009,260967,-30.267906
3532009,260937,-31.311628
3537009,260908,-30.267906
3542009,260879,-30.267906
3547009,260850,-30.267906
3552009,260821,-30.267906
3557009,260791,-31.311628
3562009,260762,-30.267906
3567009,260733,-30.267906
3572009,260704,-30.267906
3577009,260674,-31.311628
3582009,260645,-30.267906
3587009,260616,-30.267906
3592009,260587,-30.267906
3597009,260558,-30.267906
3602009,260528,-31.311628
3607009,260499,-30.267906
3612009,260470,-30.267906
3617009,260441,-30.267906
3622009,260411,-31.311628
3627009,260382,-30.267906
3632009,260353,-30.267906
3637009,260324,-30.267906
3642009,260295,-30.267906
3647009,260265,-31.311628
3652009,260236,-30.267906
3657009,260207,-30.267906
3662009,260178,-30.267906
3667009,260148,-31.311628
3672009,260119,-30.267906
3677009,260090,-30.267906
3682009,260061,-30.267906
3687009,260031,-31.311628
3692009,260002,-30.267906
3697009,259973,-30.267906
3702009,259944,-30.267906
3707009,259915,-30.267906
3712009,259885,-31.311628
3717009,259856,-30.267906
3722009,259827,-30.267906
3727009,259798,-30.267906
3732009,259769,-30.267906
3737009,259739,-31.311628
3742009,259710,-30.267906
3747009,259681,-30.267906
3752009,259652,-30.267906
3757009,259623,-30.267906
3762009,259593,-31.311628
3767009,259564,-30.267906
3772009,259535,-30.267906
3777009,259506,-30.267906
3782009,259477,-30.267906
3787009,259447,-31.311628
3792009,259418,-30.267906
3797009,259389,-30.267906
3802009,259360,-30.267906
3807009,259331,-30.267906
3812009,259301,-31.311628
3817009,259272,-30.267906
3822009,259243,-30.267906
3827009,259214,-30.267906
3832009,259185,-30.267906
3837009,259155,-31.311628
3842009,259126,-30.267906
3847009,259097,-30.267906
3852009,259068,-30.267906
3857009,259039,-30.267906
3862009,259009,-31.311628
3867009,258980,-30.267906
3872009,258951,-30.267906
3877009,258922,-30.267906
3882009,258893,-30.267906
3887009,258864,-30.267906
3892009,258834,-31.311628
3897009,258805,-30.267906
3902009,258776,-30.267906
3907009,258747,-30.267906
3912009,258718,-30.267906
3917009,258688,-31.311628
3922009,258659,-30.267906
3927009,258630,-30.267906
3932009,258601,-30.267906
3937009,258572,-30.267906
3942009,258542,-31.311628
3947009,258513,-30.267906
3952009,258484,-30.267906
3957009,258455,-30.267906
3962009,258426,-30.267906
3967009,258397,-30.267906
3972009,258367,-31.311628
3977009,258338,-30.267906
3982009,258309,-30.267906
3987009,258280,-30.267906
3992009,258250,-31.311628
3997009,258221,-30.267906
4002009,258192,-30.267906
4007009,258163,-30.267906
4012009,258134,-30.267906
4017009,258105,-30.267906
4022009,258075,-31.311628
4027009,258046,-30.267906
4032009,258017,-30.267906
4037009,257988,-30.267906
4042009,257959,-30.267906
4047009,257929,-31.311628
4052009,257900,-30.267906
4057009,257871,-30.267906
4062009,257842,-30.267906
4067009,257813,-30.267906
4072009,257783,-31.311628
4077009,257754,-30.267906
4082009,257725,-30.267906
4087009,257696,-30.267906
4092009,257667,-30.267906
4097009,257638,-30.267906
4102009,257608,-31.311628
4107009,257579,-30.267906
4112009,257550,-30.267906
4117009,257521,-30.267906
4122009,257492,-30.267906
4127009,257462,-31.311628
4132009,257433,-30.267906
4137009,257404,-30.267906
4142009,257375,-30.267906
4147009,257346,-30.267906
4152009,257316,-31.311628
4157009,257287,-30.267906
4162009,257258,-30.267906
4167009,257229,-30.267906
4172009,257200,-30.267906
4177009,257170,-31.311628
4182009,257141,-30.267906
4187009,257112,-30.267906
4192009,257083,-30.267906
4197009,257054,-30.267906
4202009,257025,-30.267906
4207009,256995,-31.311628
4212009,256966,-30.267906
4217009,256937,-30.267906
4222009,256908,-30.267906
4227009,256879,-30.267906
4232009,256849,-31.311628
4237009,256820,-30.267906
4242009,256791,-30.267906
4247009,256762,-30.267906
4252009,256733,-30.267906
4257009,256703,-31.311628
4262009,256674,-30.267906
4267009,256645,-30.267906
4272009,256616,-30.267906
4277009,256586,-31.311628
4282009,256557,-30.267906
4287009,256528,-30.267906
4292009,256499,-30.267906
4297009,256469,-31.311628
4302009,256440,-30.267906
4307009,256411,-30.267906
4312009,256382,-30.267906
4317009,256353,-30.267906
4322009,256323,-31.311628
4327009,256294,-30.267906
4332009,256265,-30.267906
4337009,256236,-30.267906
4342009,256206,-31.311628
4347009,256177,-30.267906
4352009,256148,-30.267906
4357009,256119,-30.267906
4362009,256090,-30.267906
4367009,256060,-31.311628
4372009,256031,-30.267906
4377009,256002,-30.267906
4382009,255973,-30.267906
4387009,255944,-30.267906
4392009,255914,-31.311628
4397009,255885,-30.267906
4402009,255856,-30.267906
4407009,255827,-30.267906
4412009,255797,-31.311628
4417009,255768,-30.267906
4422009,255739,-30.267906
4427009,255710,-30.267906
4432009,255681,-30.267906
4437009,255651,-31.311628
4442009,255622,-30.267906
4447009,255593,-30.267906
4452009,255564,-30.267906
4457009,255535,-30.267906
4462009,255505,-31.311628
4467009,255476,-30.267906
4472009,255447,-30.267906
4477009,255418,-30.267906
4482009,255389,-30.267906
4487009,255359,-31.311628
4492009,255330,-30.267906
4497009,255301,-30.267906
4502009,255272,-30.267906
4507009,255243,-30.267906
4512009,255213,-31.311628
4517009,255184,-30.267906
4522009,255155,-30.267906
4527009,255126,-30.267906
4532009,255096,-31.311628
4537009,255067,-30.267906
4542009,255038,-30.267906
4547009,255009,-30.267906
4552009,254979,-31.311628
4557009,254950,-30.267906
4562009,254921,-30.267906
4567009,254892,-30.267906
4572009,254863,-30.267906
4577009,254833,-31.311628
4582009,254804,-30.267906
4587009,254775,-30.267906
4592009,254746,-30.267906
4597009,254717,-30.267906
4602009,254687,-31.311628
4607009,254658,-30.267906
4612009,254629,-30.267906
4617009,254600,-30.267906
4622009,254571,-30.267906
4627009,254541,-31.311628
4632009,254512,-30.267906
4637009,254483,-30.267906
4642009,254454,-30.267906
4647009,254425,-30.267906
4652009,254395,-31.311628
4657009,254366,-30.267906
4662009,254337,-30.267906
4667009,254308,-30.267906
4672009,254279,-30.267906
4677009,254249,-31.311628
4682009,254220,-30.267906
4687009,254191,-30.267906
4692009,254162,-30.267906
4697009,254133,-30.267906
4702009,254103,-31.311628
4707009,254074,-30.267906
4712009,254045,-30.267906
4717009,254016,-30.267906
4722009,253986,-31.311628
4727009,253957,-30.267906
4732009,253928,-30.267906
4737009,253899,-30.267906
4742009,253869,-31.311628
4747009,253840,-30.267906
4752009,253811,-30.267906
4757009,253782,-30.267906
4762009,253752,-31.311628
4767009,253723,-30.267906
4772009,253694,-30.267906
4777009,253665,-30.267906
4782009,253635,-31.311628
4787009,253606,-30.267906
4792009,253577,-30.267906
4797009,253548,-30.267906
4802009,253519,-30.267906
4807009,253489,-31.311628
4812009,253460,-30.267906
4817009,253431,-30.267906
4822009,253402,-30.267906
4827009,253372,-31.311628
4832009,253343,-30.267906
4837009,253314,-30.267906
4842009,253285,-30.267906
4847009,253255,-31.311628
4852009,253226,-30.267906
4857009,253197,-30.267906
4862009,253168,-30.267906
4867009,253139,-30.267906
4872009,253109,-31.311628
4877009,253080,-30.267906
4882009,253051,-30.267906
4887009,253022,-30.267906
4892009,252992,-31.311628
4897009,252963,-30.267906
4902009,252934,-30.267906
4907009,252905,-30.267906
4912009,252876,-30.267906
4917009,252846,-31.311628
4922009,252817,-30.267906
4927009,252788,-30.267906
4932009,252759,-30.267906
4937009,252729,-31.311628
4942009,252700,-30.267906
4947009,252671,-30.267906
4952009,252642,-30.267906
4957009,252613,-30.267906
4962009,252583,-31.311628
4967009,252554,-30.267906
4972009,252525,-30.267906
4977009,252496,-30.267906
4982009,252466,-31.311628
4987009,252437,-30.267906
4992009,252408,-30.267906
4997009,252379,-30.267906
5002009,252350,-30.267906
5007009,252320,-31.311628
5012009,252291,-30.267906
5017009,252262,-30.267906
5022009,252233,-30.267906
5027009,252203,-31.311628
5032009,252174,-30.267906
5037009,252145,-30.267906
5042009,252116,-30.267906
5047009,252087,-30.267906
5052009,252057,-31.311628
5057009,252028,-30.267906
5062009,251999,-30.267906
5067009,251969,-31.311628
5072009,251940,-30.267906
5077009,251911,-30.267906
5082009,251882,-30.267906
5087009,251852,-31.311628
5092009,251823,-30.267906
5097009,251794,-30.267906
5102009,251765,-30.267906
5107009,251735,-31.311628
5112009,251706,-30.267906
5117009,251677,-30.267906
5122009,251648,-30.267906
5127009,251618,-31.311628
5132009,251589,-30.267906
5137009,251560,-30.267906
5142009,251531,-30.267906
5147009,251501,-31.311628
5152009,251472,-30.267906
5157009,251443,-30.267906
5162009,251414,-30.267906
5167009,251384,-31.311628
5172009,251355,-30.267906
5177009,251326,-30.267906
5182009,251297,-30.267906
5187009,251267,-31.311628
5192009,251238,-30.267906
5197009,251209,-30.267906
5202009,251180,-30.267906
5207009,251151,-30.267906
5212009,251121,-31.311628
5217009,251092,-30.267906
5222009,251063,-30.267906
5227009,251034,-30.267906
5232009,251004,-31.311628
5237009,250975,-30.267906
5242009,250946,-30.267906
5247009,250917,-30.267906
5252009,250887,-31.311628
5257009,250858,-30.267906
5262009,250829,-30.267906
5267009,250800,-30.267906
5272009,250770,-31.311628
5277009,250741,-30.267906
5282009,250712,-30.267906
5287009,250683,-30.267906
5292009,250653,-31.311628
5297009,250624,-30.267906
5302009,250595,-30.267906
5307009,250566,-30.267906
5312009,250537,-30.267906
5317009,250507,-31.311628
5322009,250478,-30.267906
5327009,250449,-30.267906
5332009,250420,-30.267906
5337009,250390,-31.311628
5342009,250361,-30.267906
5347009,250332,-30.267906
5352009,250303,-30.267906
5357009,250273,-31.311628
5362009,250244,-30.267906
5367009,250215,-30.267906
5372009,250186,-30.267906
5377009,250156,-31.311628
5382009,250127,-30.267906
5387009,250098,-30.267906
5392009,250069,-30.267906
5397009,250039,-31.311628
5402009,250010,-30.267906
5407009,249981,-30.267906
5412009,249952,-30.267906
5417009,249922,-31.311628
5422009,249893,-30.267906
5427009,249864,-30.267906
5432009,249835,-30.267906
5437009,249805,-31.311628
5442009,249776,-30.267906
5447009,249747,-30.267906
5452009,249718,-30.267906
5457009,249688,-31.311628
5462009,249659,-30.267906
5467009,249630,-30.267906
5472009,249601,-30.267906
5477009,249571,-31.311628
5482009,249542,-30.267906
5487009,249513,-30.267906
5492009,249484,-30.267906
5497009,249454,-31.311628
5502009,249425,-30.267906
5507009,249396,-30.267906
5512009,249367,-30.267906
5517009,249337,-31.311628
5522009,249308,-30.267906
5527009,249279,-30.267906
5532009,249250,-30.267906
5537009,249220,-31.311628
5542009,249191,-30.267906
5547009,249162,-30.267906
5552009,249133,-30.267906
5557009,249103,-31.311628
5562009,249074,-30.267906
5567009,249045,-30.267906
5572009,249015,-31.311628
5577009,248986,-30.267906
5582009,248957,-30.267906
5587009,248928,-30.267906
5592009,248898,-31.311628
5597009,248869,-30.267906
5602009,248840,-30.267906
5607009,248810,-31.311628
5612009,248781,-30.267906
5617009,248752,-30.267906
5622009,248723,-30.267906
5627009,248693,-31.311628
5632009,248664,-30.267906
5637009,248635,-30.267906
5642009,248605,-31.311628
5647009,248576,-30.267906
5652009,248547,-30.267906
5657009,248518,-30.267906
5662009,248488,-31.311628
5667009,248459,-30.267906
5672009,248430,-30.267906
5677009,248401,-30.267906
5682009,248371,-31.311628
5687009,248342,-30.267906
5692009,248313,-30.267906
5697009,248283,-31.311628
5702009,248254,-30.267906
5707009,248225,-30.267906
5712009,248196,-30.267906
5717009,248166,-31.311628
5722009,248137,-30.267906
5727009,248108,-30.267906
5732009,248078,-31.311628
5737009,248049,-30.267906
5742009,248020,-30.267906
5747009,247991,-30.267906
5752009,247961,-31.311628
5757009,247932,-30.267906
5762009,247903,-30.267906
5767009,247874,-30.267906
5772009,247844,-31.311628
5777009,247815,-30.267906
5782009,247786,-30.267906
5787009,247756,-31.311628
5792009,247727,-30.267906
5797009,247698,-30.267906
5802009,247669,-30.267906
5807009,247639,-31.311628
5812009,247610,-30.267906
5817009,247581,-30.267906
5822009,247551,-31.311628
5827009,247522,-30.267906
5832009,247493,-30.267906
5837009,247463,-31.311628
5842009,247434,-30.267906
5847009,247405,-30.267906
5852009,247375,-31.311628
5857009,247346,-30.267906
5862009,247317,-30.267906
5867009,247288,-30.267906
5872009,247258,-31.311628
5877009,247229,-30.267906
5882009,247200,-30.267906
5887009,247170,-31.311628
5892009,247141,-30.267906
5897009,247112,-30.267906
5902009,247083,-30.267906
5907009,247053,-31.311628
5912009,247024,-30.267906
5917009,246995,-30.267906
5922009,246965,-31.311628
5927009,246936,-30.267906
5932009,246907,-30.267906
5937009,246878,-30.267906
5942009,246848,-31.311628
5947009,246819,-30.267906
5952009,246790,-30.267906
5957009,246761,-30.267906
5962009,246731,-31.311628
5967009,246702,-30.267906
5972009,246673,-30.267906
5977009,246643,-31.311628
5982009,246614,-30.267906
5987009,246585,-30.267906
5992009,246556,-30.267906
5997009,246526,-31.311628
6002009,246497,-30.267906
6007009,246468,-30.267906
6012009,246438,-31.311628
6017009,246409,-30.267906
6022009,246380,-30.267906
6027009,246351,-30.267906
6032009,246321,-31.311628
6037009,246292,-30.267906
6042009,246263,-30.267906
6047009,246233,-31.311628
6052009,246204,-30.267906
6057009,246175,-30.267906
6062009,246146,-30.267906
6067009,246116,-31.311628
6072009,246087,-30.267906
6077009,246058,-30.267906
6082009,246029,-30.267906
6087009,245999,-31.311628
6092009,245970,-30.267906
6097009,245941,-30.267906
6102009,245911,-31.311628
6107009,245882,-30.267906
6112009,245853,-30.267906
6117009,245824,-30.267906
6122009,245794,-31.311628
6127009,245765,-30.267906
6132009,245736,-30.267906
6137009,245707,-30.267906
6142009,245677,-31.311628
6147009,245648,-30.267906
6152009,245619,-30.267906
6157009,245590,-30.267906
6162009,245560,-31.311628
6167009,245531,-30.267906
6172009,245502,-30.267906
6177009,245473,-30.267906
6182009,245443,-31.311628
6187009,245414,-30.267906
6192009,245385,-30.267906
6197009,245356,-30.267906
6202009,245326,-31.311628
6207009,245297,-30.267906
6212009,245268,-30.267906
6217009,245239,-30.267906
6222009,245209,-31.311628
6227009,245180,-30.267906
6232009,245151,-30.267906
6237009,245122,-30.267906
6242009,245092,-31.311628
6247009,245063,-30.267906
6252009,245034,-30.267906
6257009,245004,-31.311628
6262009,244975,-30.267906
6267009,244946,-30.267906
6272009,244917,-30.267906
6277009,244887,-31.311628
6282009,244858,-30.267906
6287009,244829,-30.267906
6292009,244799,-31.311628
6297009,244770,-30.267906
6302009,244741,-30.267906
6307009,244712,-30.267906
6312009,244682,-31.311628
6317009,244653,-30.267906
6322009,244624,-30.267906
6327009,244595,-30.267906
6332009,244565,-31.311628
6337009,244536,-30.267906
6342009,244507,-30.267906
6347009,244477,-31.311628
6352009,244448,-30.267906
6357009,244419,-30.267906
6362009,244390,-30.267906
6367009,244360,-31.311628
6372009,244331,-30.267906
6377009,244302,-30.267906
6382009,244272,-31.311628
6387009,244243,-30.267906
6392009,244214,-30.267906
6397009,244184,-31.311628
6402009,244155,-30.267906
6407009,244126,-30.267906
6412009,244096,-31.311628
6417009,244067,-30.267906
6422009,244038,-30.267906
6427009,244008,-31.311628
6432009,243979,-30.267906
6437009,243950,-30.267906
6442009,243920,-31.311628
6447009,243891,-30.267906
6452009,243862,-30.267906
6457009,243832,-31.311628
6462009,243803,-30.267906
6467009,243774,-30.267906
6472009,243744,-31.311628
6477009,243715,-30.267906
6482009,243686,-30.267906
6487009,243656,-31.311628
6492009,243627,-30.267906
6497009,243597,-31.311628
6502009,243568,-30.267906
6507009,243539,-30.267906
6512009,243509,-31.311628
6517009,243480,-30.267906
6522009,243451,-30.267906
6527009,243421,-31.311628
6532009,243392,-30.267906
6537009,243363,-30.267906
6542009,243333,-31.311628
6547009,243304,-30.267906
6552009,243274,-31.311628
6557009,243245,-30.267906
6562009,243216,-30.267906
6567009,243186,-31.311628
6572009,243157,-30.267906
6577009,243127,-31.311628
6582009,243098,-30.267906
6587009,243069,-30.267906
6592009,243039,-31.311628
6597009,243010,-30.267906
6602009,242980,-31.311628
6607009,242951,-30.267906
6612009,242922,-30.267906
6617009,242892,-31.311628
6622009,242863,-30.267906
6627009,242833,-31.311628
6632009,242804,-30.267906
6637009,242775,-30.267906
6642009,242745,-31.311628
6647009,242716,-30.267906
6652009,242686,-31.311628
6657009,242657,-30.267906
6662009,242628,-30.267906
6667009,242598,-31.311628
6672009,242569,-30.267906
6677009,242540,-30.267906
6682009,242510,-31.311628
6687009,242481,-30.267906
6692009,242451,-31.311628
6697009,242422,-30.267906
6702009,242393,-30.267906
6707009,242363,-31.311628
6712009,242334,-30.267906
6717009,242305,-30.267906
6722009,242275,-31.311628
6727009,242246,-30.267906
6732009,242217,-30.267906
6737009,242187,-31.311628
6742009,242158,-30.267906
6747009,242129,-30.267906
6752009,242099,-31.311628
6757009,242070,-30.267906
6762009,242041,-30.267906
6767009,242012,-30.267906
6772009,241982,-31.311628
6777009,241953,-30.267906
6782009,241924,-30.267906
6787009,241894,-31.311628
6792009,241865,-30.267906
6797009,241836,-30.267906
6802009,241806,-31.311628
6807009,241777,-30.267906
6812009,241748,-30.267906
6817009,241719,-30.267906
6822009,241689,-31.311628
6827009,241660,-30.267906
6832009,241631,-30.267906
6837009,241601,-31.311628
6842009,241572,-30.267906
6847009,241543,-30.267906
6852009,241513,-31.311628
6857009,241484,-30.267906
6862009,241454,-31.311628
6867009,241425,-30.267906
6872009,241396,-30.267906
6877009,241366,-31.311628
6882009,241337,-30.267906
6887009,241307,-31.311628
6892009,241278,-30.267906
6897009,241249,-30.267906
6902009,241219,-31.311628
6907009,241190,-30.267906
6912009,241160,-31.311628
6917009,241131,-30.267906
6922009,241102,-30.267906
6927009,241072,-31.311628
6932009,241043,-30.267906
6937009,241013,-31.311628
6942009,240984,-30.267906
6947009,240955,-30.267906
6952009,240925,-31.311628
6957009,240896,-30.267906
6962009,240866,-31.311628
6967009,240837,-30.267906
6972009,240808,-30.267906
6977009,240778,-31.311628
6982009,240749,-30.267906
6987009,240719,-31.311628
6992009,240690,-30.267906
6997009,240661,-30.267906
7002009,240631,-31.311628
7007009,240602,-30.267906
7012009,240572,-31.311628
7017009,240543,-30.267906
7022009,240514,-30.267906
7027009,240484,-31.311628
7032009,240455,-30.267906
7037009,240425,-31.311628
7042009,240396,-30.267906
7047009,240367,-30.267906
7052009,240337,-31.311628
7057009,240308,-30.267906
7062009,240279,-30.267906
7067009,240249,-31.311628
7072009,240220,-30.267906
7077009,240190,-31.311628
7082009,240161,-30.267906
7087009,240132,-30.267906
7092009,240102,-31.311628
7097009,240073,-30.267906
7102009,240044,-30.267906
7107009,240014,-31.311628
7112009,239985,-30.267906
7117009,239956,-30.267906
7122009,239926,-31.311628
7127009,239897,-30.267906
7132009,239868,-30.267906
7137009,239838,-31.311628
7142009,239809,-30.267906
7147009,239780,-30.267906
7152009,239750,-31.311628
7157009,239721,-30.267906
7162009,239691,-31.311628
7167009,239662,-30.267906
7172009,239633,-30.267906
7177009,239603,-31.311628
7182009,239574,-30.267906
7187009,239545,-30.267906
7192009,239515,-31.311628
7197009,239486,-30.267906
7202009,239457,-30.267906
7207009,239427,-31.311628
7212009,239398,-30.267906
7217009,239368,-31.311628
7222009,239339,-30.267906
7227009,239310,-30.267906
7232009,239280,-31.311628
7237009,239251,-30.267906
7242009,239222,-30.267906
7247009,239192,-31.311628
7252009,239163,-30.267906
7257009,239133,-31.311628
7262009,239104,-30.267906
7267009,239075,-30.267906
7272009,239045,-31.311628
7277009,239016,-30.267906
7282009,238987,-30.267906
7287009,238957,-31.311628
7292009,238928,-30.267906
7297009,238898,-31.311628
7302009,238869,-30.267906
7307009,238840,-30.267906
7312009,238810,-31.311628
7317009,238781,-30.267906
7322009,238751,-31.311628
7327009,238722,-30.267906
7332009,238693,-30.267906
7337009,238663,-31.311628
7342009,238634,-30.267906
7347009,238604,-31.311628
7352009,238575,-30.267906
7357009,238546,-30.267906
7362009,238516,-31.311628
7367009,238487,-30.267906
7372009,238457,-31.311628
7377009,238428,-30.267906
7382009,238399,-30.267906
7387009,238369,-31.311628
7392009,238340,-30.267906
7397009,238310,-31.311628
7402009,238281,-30.267906
7407009,238252,-30.267906
7412009,238222,-31.311628
7417009,238193,-30.267906
7422009,238163,-31.311628
7427009,238134,-30.267906
7432009,238105,-30.267906
7437009,238075,-31.311628
7442009,238046,-30.267906
7447009,238017,-30.267906
7452009,237987,-31.311628
7457009,237958,-30.267906
7462009,237928,-31.311628
7467009,237899,-30.267906
7472009,237870,-30.267906
7477009,237840,-31.311628
7482009,237811,-30.267906
7487009,237782,-30.267906
7492009,237752,-31.311628
7497009,237723,-30.267906
7502009,237693,-31.311628
7507009,237664,-30.267906
7512009,237635,-30.267906
7517009,237605,-31.311628
7522009,237576,-30.267906
7527009,237547,-30.267906
7532009,237517,-31.311628
7537009,237488,-30.267906
7542009,237458,-31.311628
7547009,237429,-30.267906
7552009,237400,-30.267906
7557009,237370,-31.311628
7562009,237341,-30.267906
7567009,237311,-31.311628
7572009,237282,-30.267906
7577009,237253,-30.267906
7582009,237223,-31.311628
7587009,237194,-30.267906
7592009,237164,-31.311628
7597009,237135,-30.267906
7602009,237106,-30.267906
7607009,237076,-31.311628
7612009,237047,-30.267906
7617009,237017,-31.311628
7622009,236988,-30.267906
7627009,236959,-30.267906
7632009,236929,-31.311628
7637009,236900,-30.267906
7642009,236870,-31.311628
7647009,236841,-30.267906
7652009,236811,-31.311628
7657009,236782,-30.267906
7662009,236753,-30.267906
7667009,236723,-31.311628
7672009,236694,-30.267906
7677009,236664,-31.311628
7682009,236635,-30.267906
7687009,236605,-31.311628
7692009,236576,-30.267906
7697009,236547,-30.267906
7702009,236517,-31.311628
7707009,236488,-30.267906
7712009,236459,-30.267906
7717009,236429,-31.311628
7722009,236400,-30.267906
7727009,236370,-31.311628
7732009,236341,-30.267906
7737009,236312,-30.267906
7742009,236282,-31.311628
7747009,236253,-30.267906
7752009,236223,-31.311628
7757009,236194,-30.267906
7762009,236165,-30.267906
7767009,236135,-31.311628
7772009,236106,-30.267906
7777009,236076,-31.311628
7782009,236047,-30.267906
7787009,236018,-30.267906
7792009,235988,-31.311628
7797009,235959,-30.267906
7802009,235929,-31.311628
7807009,235900,-30.267906
7812009,235871,-30.267906
7817009,235841,-31.311628
7822009,235812,-30.267906
7827009,235782,-31.311628
7832009,235753,-30.267906
7837009,235724,-30.267906
7842009,235694,-31.311628
7847009,235665,-30.267906
7852009,235635,-31.311628
7857009,235606,-30.267906
7862009,235577,-30.267906
7867009,235547,-31.311628
7872009,235518,-30.267906
7877009,235488,-31.311628
7882009,235459,-30.267906
7887009,235429,-31.311628
7892009,235400,-30.267906
7897009,235371,-30.267906
7902009,235341,-31.311628
7907009,235312,-30.267906
7912009,235282,-31.311628
7917009,235253,-30.267906
7922009,235224,-30.267906
7927009,235194,-31.311628
7932009,235165,-30.267906
7937009,235135,-31.311628
7942009,235106,-30.267906
7947009,235077,-30.267906
7952009,235047,-31.311628
7957009,235018,-30.267906
7962009,234989,-30.267906
7967009,234959,-31.311628
7972009,234930,-30.267906
7977009,234901,-30.267906
7982009,234871,-31.311628
7987009,234842,-30.267906
7992009,234813,-30.267906
7997009,234783,-31.311628
8002009,234754,-30.267906
8007009,234724,-31.311628
8012009,234695,-30.267906
8017009,234666,-30.267906
8022009,234636,-31.311628
8027009,234607,-30.267906
8032009,234578,-30.267906
8037009,234548,-31.311628
8042009,234519,-30.267906
8047009,234489,-31.311628
8052009,234460,-30.267906
8057009,234431,-30.267906
8062009,234401,-31.311628
8067009,234372,-30.267906
8072009,234342,-31.311628
8077009,234313,-30.267906
8082009,234284,-30.267906
8087009,234254,-31.311628
8092009,234225,-30.267906
8097009,234195,-31.311628
8102009,234166,-30.267906
8107009,234137,-30.267906
8112009,234107,-31.311628
8117009,234078,-30.267906
8122009,234049,-30.267906
8127009,234019,-31.311628
8132009,233990,-30.267906
8137009,233960,-31.311628
8142009,233931,-30.267906
8147009,233901,-31.311628
8152009,233872,-30.267906
8157009,233843,-30.267906
8162009,233813,-31.311628
8167009,233784,-30.267906
8172009,233754,-31.311628
8177009,233725,-30.267906
8182009,233695,-31.311628
8187009,233666,-30.267906
8192009,233637,-30.267906
8197009,233607,-31.311628
8202009,233578,-30.267906
8207009,233548,-31.311628
8212009,233519,-30.267906
8217009,233489,-31.311628
8222009,233460,-30.267906
8227009,233431,-30.267906
8232009,233401,-31.311628
8237009,233372,-30.267906
8242009,233343,-30.267906
8247009,233313,-31.311628
8252009,233284,-30.267906
8257009,233254,-31.311628
8262009,233225,-30.267906
8267009,233195,-31.311628
8272009,233166,-30.267906
8277009,233137,-30.267906
8282009,233107,-31.311628
8287009,233078,-30.267906
8292009,233048,-31.311628
8297009,233019,-30.267906
8302009,232989,-31.311628
8307009,232960,-30.267906
8312009,232931,-30.267906
8317009,232901,-31.311628
8322009,232872,-30.267906
8327009,232842,-31.311628
8332009,232813,-30.267906
8337009,232783,-31.311628
8342009,232754,-30.267906
8347009,232724,-31.311628
8352009,232695,-30.267906
8357009,232665,-31.311628
8362009,232636,-30.267906
8367009,232606,-31.311628
8372009,232577,-30.267906
8377009,232548,-30.267906
8382009,232518,-31.311628
8387009,232489,-30.267906
8392009,232459,-31.311628
8397009,232430,-30.267906
8402009,232400,-31.311628
8407009,232371,-30.267906
8412009,232341,-31.311628
8417009,232312,-30.267906
8422009,232283,-30.267906
8427009,232253,-31.311628
8432009,232224,-30.267906
8437009,232194,-31.311628
8442009,232165,-30.267906
8447009,232135,-31.311628
8452009,232106,-30.267906
8457009,232077,-30.267906
8462009,232047,-31.311628
8467009,232018,-30.267906
8472009,231988,-31.311628
8477009,231959,-30.267906
8482009,231929,-31.311628
8487009,231900,-30.267906
8492009,231870,-31.311628
8497009,231841,-30.267906
8502009,231811,-31.311628
8507009,231782,-30.267906
8512009,231753,-30.267906
8517009,231723,-31.311628
8522009,231694,-30.267906
8527009,231664,-31.311628
8532009,231635,-30.267906
8537009,231605,-31.311628
8542009,231576,-30.267906
8547009,231546,-31.311628
8552009,231517,-30.267906
8557009,231487,-31.311628
8562009,231458,-30.267906
8567009,231428,-31.311628
8572009,231399,-30.267906
8577009,231369,-31.311628
8582009,231340,-30.267906
8587009,231310,-31.311628
8592009,231281,-30.267906
8597009,231251,-31.311628
8602009,231222,-30.267906
8607009,231193,-30.267906
8612009,231163,-31.311628
8617009,231134,-30.267906
8622009,231104,-31.311628
8627009,231075,-30.267906
8632009,231045,-31.311628
8637009,231016,-30.267906
8642009,230986,-31.311628
8647009,230957,-30.267906
8652009,230927,-31.311628
8657009,230898,-30.267906
8662009,230868,-31.311628
8667009,230839,-30.267906
8672009,230809,-31.311628
8677009,230780,-30.267906
8682009,230750,-31.311628
8687009,230721,-30.267906
8692009,230691,-31.311628
8697009,230662,-30.267906
8702009,230633,-30.267906
8707009,230603,-31.311628
8712009,230574,-30.267906
8717009,230544,-31.311628
8722009,230515,-30.267906
8727009,230485,-31.311628
8732009,230456,-30.267906
8737009,230426,-31.311628
8742009,230397,-30.267906
8747009,230367,-31.311628
8752009,230338,-30.267906
8757009,230308,-31.311628
8762009,230279,-30.267906
8767009,230249,-31.311628
8772009,230220,-30.267906
8777009,230190,-31.311628
8782009,230161,-30.267906
8787009,230132,-30.267906
8792009,230102,-31.311628
8797009,230073,-30.267906
8802009,230043,-31.311628
8807009,230014,-30.267906
8812009,229984,-31.311628
8817009,229955,-30.267906
8822009,229925,-31.311628
8827009,229896,-30.267906
8832009,229866,-31.311628
8837009,229837,-30.267906
8842009,229807,-31.311628
8847009,229778,-30.267906
8852009,229748,-31.311628
8857009,229719,-30.267906
8862009,229689,-31.311628
8867009,229660,-30.267906
8872009,229631,-30.267906
8877009,229601,-31.311628
8882009,229572,-30.267906
8887009,229542,-31.311628
8892009,229513,-30.267906
8897009,229483,-31.311628
8902009,229454,-30.267906
8907009,229424,-31.311628
8912009,229395,-30.267906
8917009,229365,-31.311628
8922009,229336,-30.267906
8927009,229306,-31.311628
8932009,229277,-30.267906
8937009,229248,-30.267906
8942009,229218,-31.311628
8947009,229189,-30.267906
8952009,229159,-31.311628
8957009,229130,-30.267906
8962009,229100,-31.311628
8967009,229071,-30.267906
8972009,229041,-31.311628
8977009,229012,-30.267906
8982009,228983,-30.267906
8987009,228953,-31.311628
8992009,228924,-30.267906
8997009,228894,-31.311628
9002009,228865,-30.267906
9007009,228835,-31.311628
9012009,228806,-30.267906
9017009,228777,-30.267906
9022009,228747,-31.311628
9027009,228718,-30.267906
9032009,228688,-31.311628
9037009,228659,-30.267906
9042009,228629,-31.311628
9047009,228600,-30.267906
9052009,228571,-30.267906
9057009,228541,-31.311628
9062009,228512,-30.267906
9067009,228482,-31.311628
9072009,228453,-30.267906
9077009,228423,-31.311628
9082009,228394,-30.267906
9087009,228364,-31.311628
9092009,228335,-30.267906
9097009,228305,-31.311628
9102009,228276,-30.267906
9107009,228247,-30.267906
9112009,228217,-31.311628
9117009,228188,-30.267906
9122009,228158,-31.311628
9127009,228129,-30.267906
9132009,228099,-31.311628
9137009,228070,-30.267906
9142009,228041,-30.267906
9147009,228011,-31.311628
9152009,227982,-30.267906
9157009,227952,-31.311628
9162009,227923,-30.267906
9167009,227894,-30.267906
9172009,227864,-31.311628
9177009,227835,-30.267906
9182009,227805,-31.311628
9187009,227776,-30.267906
9192009,227747,-30.267906
9197009,227717,-31.311628
9202009,227688,-30.267906
9207009,227658,-31.311628
9212009,227629,-30.267906
9217009,227599,-31.311628
9222009,227570,-30.267906
9227009,227541,-30.267906
9232009,227511,-31.311628
9237009,227482,-30.267906
9242009,227452,-31.311628
9247009,227423,-30.267906
9252009,227393,-31.311628
9257009,227364,-30.267906
9262009,227335,-30.267906
9267009,227305,-31.311628
9272009,227276,-30.267906
9277009,227246,-31.311628
9282009,227217,-30.267906
9287009,227188,-30.267906
9292009,227158,-31.311628
9297009,227129,-30.267906
9302009,227099,-31.311628
9307009,227070,-30.267906
9312009,227041,-30.267906
9317009,227011,-31.311628
9322009,226982,-30.267906
9327009,226953,-30.267906
9332009,226923,-31.311628
9337009,226894,-30.267906
9342009,226864,-31.311628
9347009,226835,-30.267906
9352009,226806,-30.267906
9357009,226776,-31.311628
9362009,226747,-30.267906
9367009,226718,-30.267906
9372009,226688,-31.311628
9377009,226659,-30.267906
9382009,226629,-31.311628
9387009,226600,-30.267906
9392009,226571,-30.267906
9397009,226541,-31.311628
9402009,226512,-30.267906
9407009,226482,-31.311628
9412009,226453,-30.267906
9417009,226424,-30.267906
9422009,226394,-31.311628
9427009,226365,-30.267906
9432009,226335,-31.311628
9437009,226306,-30.267906
9442009,226277,-30.267906
9447009,226247,-31.311628
9452009,226218,-30.267906
9457009,226188,-31.311628
9462009,226159,-30.267906
9467009,226130,-30.267906
9472009,226100,-31.311628
9477009,226071,-30.267906
9482009,226041,-31.311628
9487009,226012,-30.267906
9492009,225983,-30.267906
9497009,225953,-31.311628
9502009,225924,-30.267906
9507009,225895,-30.267906
9512009,225865,-31.311628
9517009,225836,-30.267906
9522009,225806,-31.311628
9527009,225777,-30.267906
9532009,225747,-31.311628
9537009,225718,-30.267906
9542009,225689,-30.267906
9547009,225659,-31.311628
9552009,225630,-30.267906
9557009,225601,-30.267906
9562009,225571,-31.311628
9567009,225542,-30.267906
9572009,225512,-31.311628
9577009,225483,-30.267906
9582009,225454,-30.267906
9587009,225424,-31.311628
9592009,225395,-30.267906
9597009,225365,-31.311628
9602009,225336,-30.267906
9607009,225307,-30.267906
9612009,225278,-30.267906
9617009,225248,-31.311628
9622009,225219,-30.267906
9627009,225189,-31.311628
9632009,225160,-30.267906
9637009,225131,-30.267906
9642009,225101,-31.311628
9647009,225072,-30.267906
9652009,225043,-30.267906
9657009,225013,-31.311628
9662009,224984,-30.267906
9667009,224955,-30.267906
9672009,224925,-31.311628
9677009,224896,-30.267906
9682009,224867,-30.267906
9687009,224837,-31.311628
9692009,224808,-30.267906
9697009,224779,-30.267906
9702009,224749,-31.311628
9707009,224720,-30.267906
9712009,224691,-30.267906
9717009,224661,-31.311628
9722009,224632,-30.267906
9727009,224602,-31.311628
9732009,224573,-30.267906
9737009,224544,-30.267906
9742009,224514,-31.311628
9747009,224485,-30.267906
9752009,224456,-30.267906
9757009,224427,-30.267906
9762009,224397,-31.311628
9767009,224368,-30.267906
9772009,224339,-30.267906
9777009,224309,-31.311628
9782009,224280,-30.267906
9787009,224251,-30.267906
9792009,224221,-31.311628
9797009,224192,-30.267906
9802009,224163,-30.267906
9807009,224133,-31.311628
9812009,224104,-30.267906
9817009,224075,-30.267906
9822009,224045,-31.311628
9827009,224016,-30.267906
9832009,223987,-30.267906
9837009,223957,-31.311628
9842009,223928,-30.267906
9847009,223899,-30.267906
9852009,223869,-31.311628
9857009,223840,-30.267906
9862009,223811,-30.267906
9867009,223781,-31.311628
9872009,223752,-30.267906
9877009,223723,-30.267906
9882009,223693,-31.311628
9887009,223664,-30.267906
9892009,223634,-31.311628
9897009,223605,-30.267906
9902009,223576,-30.267906
9907009,223546,-31.311628
9912009,223517,-30.267906
9917009,223488,-30.267906
9922009,223458,-31.311628
9927009,223429,-30.267906
9932009,223400,-30.267906
9937009,223370,-31.311628
9942009,223341,-30.267906
9947009,223311,-31.311628
9952009,223282,-30.267906
9957009,223253,-30.267906
9962009,223223,-31.311628
9967009,223194,-30.267906
9972009,223165,-30.267906
9977009,223135,-31.311628
9982009,223106,-30.267906
9987009,223077,-30.267906
9992009,223047,-31.311628
9997009,223018,-30.267906
10002009,222989,-30.267906
10007009,222959,-31.311628
10012009,222930,-30.267906
10017009,222901,-30.267906
10022009,222871,-31.311628
10027009,222842,-30.267906
10032009,222812,-31.311628
10037009,222783,-30.267906
10042009,222754,-30.267906
10047009,222724,-31.311628
10052009,222695,-30.267906
10057009,222665,-31.311628
10062009,222636,-30.267906
10067009,222607,-30.267906
10072009,222577,-31.311628
10077009,222548,-30.267906
10082009,222518,-31.311628
10087009,222489,-30.267906
10092009,222460,-30.267906
10097009,222430,-31.311628
10102009,222401,-30.267906
10107009,222371,-31.311628
10112009,222342,-30.267906
10117009,222313,-30.267906
10122009,222283,-31.311628
10127009,222254,-30.267906
10132009,222224,-31.311628
10137009,222195,-30.267906
10142009,222166,-30.267906
10147009,222136,-31.311628
10152009,222107,-30.267906
10157009,222077,-31.311628
10162009,222048,-30.267906
10167009,222019,-30.267906
10172009,221989,-31.311628
10177009,221960,-30.267906
10182009,221931,-30.267906
10187009,221901,-31.311628
10192009,221872,-30.267906
10197009,221842,-31.311628
10202009,221813,-30.267906
10207009,221783,-31.311628
10212009,221754,-30.267906
10217009,221725,-30.267906
10222009,221695,-31.311628
10227009,221666,-30.267906
10232009,221636,-31.311628
10237009,221607,-30.267906
10242009,221578,-30.267906
10247009,221548,-31.311628
10252009,221519,-30.267906
10257009,221489,-31.311628
10262009,221460,-30.267906
10267009,221430,-31.311628
10272009,221401,-30.267906
10277009,221372,-30.267906
10282009,221342,-31.311628
10287009,221313,-30.267906
10292009,221283,-31.311628
10297009,221254,-30.267906
10302009,221224,-31.311628
10307009,221195,-30.267906
10312009,221166,-30.267906
