
Time_us,Position,Speed_rad_per_s
1312008,331526,0.000000
1317009,331524,-2.087024
1322009,331518,-6.262325
1327009,331509,-9.393488
1332009,331497,-12.524651
1337009,331483,-14.612093
1342009,331467,-16.699535
1347009,331449,-18.786976
1352009,331430,-19.830698
1357009,331409,-21.918139
1362009,331388,-21.918139
1367009,331365,-24.005581
1372009,331341,-25.049301
1377009,331317,-25.049301
1382009,331292,-26.093023
1387009,331267,-26.093023
1392009,331241,-27.136744
1397009,331214,-28.180466
1402009,331187,-28.180466
1407009,331160,-28.180466
1412009,331133,-28.180466
1417009,331105,-29.224186
1422009,331077,-29.224186
1427009,331049,-29.224186
1432009,331020,-30.267906
1437009,330992,-29.224186
1442009,330963,-30.267906
1447009,330934,-30.267906
1452009,330905,-30.267906
1457009,330876,-30.267906
1462009,330847,-30.267906
1467009,330818,-30.267906
1472009,330789,-30.267906
1477009,330760,-30.267906
1482009,330731,-30.267906
1487009,330702,-30.267906
1492009,330673,-30.267906
1497009,330643,-31.311628
1502009,330614,-30.267906
1507009,330585,-30.267906
1512009,330556,-30.267906
1517009,330526,-31.311628
1522009,330497,-30.267906
1527009,330467,-31.311628
1532009,330438,-30.267906
1537009,330409,-30.267906
1542009,330379,-31.311628
1547009,330350,-30.267906
1552009,330320,-31.311628
1557009,330291,-30.267906
1562009,330261,-31.311628
1567009,330232,-30.267906
1572009,330202,-31.311628
1577009,330173,-30.267906
1582009,330143,-31.311628
1587009,330114,-30.267906
1592009,330084,-31.311628
1597009,330055,-30.267906
1602009,330025,-31.311628
1607009,329995,-31.311628
1612009,329966,-30.267906
1617009,329936,-31.311628
1622009,329907,-30.267906
1627009,329877,-31.311628
1632009,329848,-30.267906
1637009,329818,-31.311628
1642009,329789,-30.267906
1647009,329759,-31.311628
1652009,329729,-31.311628
1657009,329700,-30.267906
1662009,329670,-31.311628
1667009,329641,-30.267906
1672009,329611,-31.311628
1677009,329582,-30.267906
1682009,329552,-31.311628
1687009,329523,-30.267906
1692009,329493,-31.311628
1697009,329463,-31.311628
1702009,329434,-30.267906
1707009,329404,-31.311628
1712009,329374,-31.311628
1717009,329344,-31.311628
1722009,329315,-30.267906
1727009,329285,-31.311628
1732009,329255,-31.311628
1737009,329225,-31.311628
1742009,329195,-31.311628
1747009,329165,-31.311628
1752009,329135,-31.311628
1757009,329105,-31.311628
1762009,329075,-31.311628
1767009,329045,-31.311628
1772009,329015,-31.311628
1777009,328985,-31.311628
1782009,328955,-31.311628
1787009,328925,-31.311628
1792009,328895,-31.311628
1797009,328865,-31.311628
1802009,328835,-31.311628
1807009,328805,-31.311628
1812009,328775,-31.311628
1817009,328745,-31.311628
1822009,328715,-31.311628
1827009,328685,-31.311628
1832009,328655,-31.311628
1837009,328625,-31.311628
1842009,328595,-31.311628
1847009,328565,-31.311628
1852009,328535,-31.311628
1857009,328505,-31.311628
1862009,328475,-31.311628
1867009,328445,-31.311628
1872009,328415,-31.311628
1877009,328385,-31.311628
1882009,328355,-31.311628
1887009,328325,-31.311628
1892009,328295,-31.311628
1897009,328265,-31.311628
1902009,328235,-31.311628
1907009,328205,-31.311628
1912009,328175,-31.311628
1917009,328145,-31.311628
1922009,328115,-31.311628
1927009,328085,-31.311628
1932009,328055,-31.311628
1937009,328025,-31.311628
1942009,327995,-31.311628
1947009,327965,-31.311628
1952009,327935,-31.311628
1957009,327905,-31.311628
1962009,327875,-31.311628
1967009,327845,-31.311628
1972009,327815,-31.311628
1977009,327785,-31.311628
1982009,327755,-31.311628
1987009,327725,-31.311628
1992009,327695,-31.311628
1997009,327665,-31.311628
2002009,327635,-31.311628
2007009,327605,-31.311628
2012009,327575,-31.311628
2017009,327545,-31.311628
2022009,327515,-31.311628
2027009,327485,-31.311628
2032009,327455,-31.311628
2037009,327425,-31.311628
2042009,327395,-31.311628
2047009,327365,-31.311628
2052009,327335,-31.311628
2057009,327305,-31.311628
2062009,327275,-31.311628
2067009,327245,-31.311628
2072009,327215,-31.311628
2077009,327185,-31.311628
2082009,327155,-31.311628
2087009,327125,-31.311628
2092009,327095,-31.311628
2097009,327065,-31.311628
2102009,327034,-32.355347
2107009,327004,-31.311628
2112009,326974,-31.311628
2117009,326944,-31.311628
2122009,326914,-31.311628
2127009,326884,-31.311628
2132009,326854,-31.311628
2137009,326824,-31.311628
2142009,326794,-31.311628
2147009,326764,-31.311628
2152009,326734,-31.311628
2157009,326704,-31.311628
2162009,326674,-31.311628
2167009,326644,-31.311628
2172009,326614,-31.311628
2177009,326584,-31.311628
2182009,326554,-31.311628
2187009,326524,-31.311628
2192009,326493,-32.355347
2197009,326463,-31.311628
2202009,326433,-31.311628
2207009,326403,-31.311628
2212009,326373,-31.311628
2217009,326342,-32.355347
2222009,326312,-31.311628
2227009,326282,-31.311628
2232009,326252,-31.311628
2237009,326222,-31.311628
2242009,326192,-31.311628
2247009,326162,-31.311628
2252009,326131,-32.355347
2257009,326101,-31.311628
2262009,326071,-31.311628
2267009,326041,-31.311628
2272009,326011,-31.311628
2277009,325981,-31.311628
2282009,325950,-32.355347
2287009,325920,-31.311628
2292009,325890,-31.311628
2297009,325860,-31.311628
2302009,325829,-32.355347
2307009,325799,-31.311628
2312009,325769,-31.311628
2317009,325739,-31.311628
2322009,325709,-31.311628
2327009,325678,-32.355347
2332009,325648,-31.311628
2337009,325618,-31.311628
2342009,325588,-31.311628
2347009,325557,-32.355347
2352009,325527,-31.311628
2357009,325497,-31.311628
2362009,325467,-31.311628
2367009,325436,-32.355347
2372009,325406,-31.311628
2377009,325376,-31.311628
2382009,325346,-31.311628
2387009,325316,-31.311628
2392009,325285,-32.355347
2397009,325255,-31.311628
2402009,325225,-31.311628
2407009,325195,-31.311628
2412009,325164,-32.355347
2417009,325134,-31.311628
2422009,325104,-31.311628
2427009,325074,-31.311628
2432009,325044,-31.311628
2437009,325013,-32.355347
2442009,324983,-31.311628
2447009,324953,-31.311628
2452009,324923,-31.311628
2457009,324892,-32.355347
2462009,324862,-31.311628
2467009,324832,-31.311628
2472009,324802,-31.311628
2477009,324772,-31.311628
2482009,324741,-32.355347
2487009,324711,-31.311628
2492009,324681,-31.311628
2497009,324651,-31.311628
2502009,324620,-32.355347
2507009,324590,-31.311628
2512009,324560,-31.311628
2517009,324530,-31.311628
2522009,324500,-31.311628
2527009,324469,-32.355347
2532009,324439,-31.311628
2537009,324409,-31.311628
2542009,324379,-31.311628
2547009,324349,-31.311628
2552009,324318,-32.355347
2557009,324288,-31.311628
2562009,324258,-31.311628
2567009,324228,-31.311628
2572009,324197,-32.355347
2577009,324167,-31.311628
2582009,324137,-31.311628
2587009,324107,-31.311628
2592009,324076,-32.355347
2597009,324046,-31.311628
2602009,324016,-31.311628
2607009,323986,-31.311628
2612009,323955,-32.355347
2617009,323925,-31.311628
2622009,323895,-31.311628
2627009,323865,-31.311628
2632009,323834,-32.355347
2637009,323804,-31.311628
2642009,323774,-31.311628
2647009,323743,-32.355347
2652009,323713,-31.311628
2657009,323683,-31.311628
2662009,323653,-31.311628
2667009,323622,-32.355347
2672009,323592,-31.311628
2677009,323562,-31.311628
2682009,323532,-31.311628
2687009,323501,-32.355347
2692009,323471,-31.311628
2697009,323441,-31.311628
2702009,323411,-31.311628
2707009,323380,-32.355347
2712009,323350,-31.311628
2717009,323320,-31.311628
2722009,323290,-31.311628
2727009,323259,-32.355347
2732009,323229,-31.311628
2737009,323199,-31.311628
2742009,323168,-32.355347
2747009,323138,-31.311628
2752009,323108,-31.311628
2757009,323078,-31.311628
2762009,323047,-32.355347
2767009,323017,-31.311628
2772009,322987,-31.311628
2777009,322957,-31.311628
2782009,322926,-32.355347
2787009,322896,-31.311628
2792009,322866,-31.311628
2797009,322836,-31.311628
2802009,322805,-32.355347
2807009,322775,-31.311628
2812009,322745,-31.311628
2817009,322715,-31.311628
2822009,322685,-31.311628
2827009,322654,-32.355347
2832009,322624,-31.311628
2837009,322594,-31.311628
2842009,322564,-31.311628
2847009,322533,-32.355347
2852009,322503,-31.311628
2857009,322473,-31.311628
2862009,322443,-31.311628
2867009,322412,-32.355347
2872009,322382,-31.311628
2877009,322352,-31.311628
2882009,322322,-31.311628
2887009,322292,-31.311628
2892009,322262,-31.311628
2897009,322231,-32.355347
2902009,322201,-31.311628
2907009,322171,-31.311628
2912009,322141,-31.311628
2917009,322110,-32.355347
2922009,322080,-31.311628
2927009,322050,-31.311628
2932009,322020,-31.311628
2937009,321990,-31.311628
2942009,321959,-32.355347
2947009,321929,-31.311628
2952009,321899,-31.311628
2957009,321869,-31.311628
2962009,321838,-32.355347
2967009,321808,-31.311628
2972009,321778,-31.311628
2977009,321748,-31.311628
2982009,321718,-31.311628
2987009,321688,-31.311628
2992009,321657,-32.355347
2997009,321627,-31.311628
3002009,321597,-31.311628
3007009,321567,-31.311628
3012009,321537,-31.311628
3017009,321506,-32.355347
3022009,321476,-31.311628
3027009,321446,-31.311628
3032009,321416,-31.311628
3037009,321386,-31.311628
3042009,321355,-32.355347
3047009,321325,-31.311628
3052009,321295,-31.311628
3057009,321265,-31.311628
3062009,321235,-31.311628
3067009,321204,-32.355347
3072009,321174,-31.311628
3077009,321144,-31.311628
3082009,321114,-31.311628
3087009,321084,-31.311628
3092009,321053,-32.355347
3097009,321023,-31.311628
3102009,320993,-31.311628
3107009,320963,-31.311628
3112009,320932,-32.355347
3117009,320902,-31.311628
3122009,320872,-31.311628
3127009,320842,-31.311628
3132009,320812,-31.311628
3137009,320782,-31.311628
3142009,320751,-32.355347
3147009,320721,-31.311628
3152009,320691,-31.311628
3157009,320661,-31.311628
3162009,320630,-32.355347
3167009,320600,-31.311628
3172009,320570,-31.311628
3177009,320540,-31.311628
3182009,320510,-31.311628
3187009,320480,-31.311628
3192009,320449,-32.355347
3197009,320419,-31.311628
3202009,320389,-31.311628
3207009,320359,-31.311628
3212009,320329,-31.311628
3217009,320298,-32.355347
3222009,320268,-31.311628
3227009,320238,-31.311628
3232009,320208,-31.311628
3237009,320177,-32.355347
3242009,320147,-31.311628
3247009,320117,-31.311628
3252009,320087,-31.311628
3257009,320057,-31.311628
3262009,320026,-32.355347
3267009,319996,-31.311628
3272009,319966,-31.311628
3277009,319936,-31.311628
3282009,319906,-31.311628
3287009,319875,-32.355347
3292009,319845,-31.311628
3297009,319815,-31.311628
3302009,319785,-31.311628
3307009,319754,-32.355347
3312009,319724,-31.311628
3317009,319694,-31.311628
3322009,319664,-31.311628
3327009,319634,-31.311628
3332009,319603,-32.355347
3337009,319573,-31.311628
3342009,319543,-31.311628
3347009,319513,-31.311628
3352009,319482,-32.355347
3357009,319452,-31.311628
3362009,319422,-31.311628
3367009,319392,-31.311628
3372009,319361,-32.355347
3377009,319331,-31.311628
3382009,319301,-31.311628
3387009,319271,-31.311628
3392009,319240,-32.355347
3397009,319210,-31.311628
3402009,319180,-31.311628
3407009,319150,-31.311628
3412009,319120,-31.311628
3417009,319089,-32.355347
3422009,319059,-31.311628
3427009,319029,-31.311628
3432009,318999,-31.311628
3437009,318968,-32.355347
3442009,318938,-31.311628
3447009,318908,-31.311628
3452009,318878,-31.311628
3457009,318847,-32.355347
3462009,318817,-31.311628
3467009,318787,-31.311628
3472009,318757,-31.311628
3477009,318727,-31.311628
3482009,318696,-32.355347
3487009,318666,-31.311628
3492009,318636,-31.311628
3497009,318605,-32.355347
3502009,318575,-31.311628
3507009,318545,-31.311628
3512009,318515,-31.311628
3517009,318484,-32.355347
3522009,318454,-31.311628
3527009,318424,-31.311628
3532009,318394,-31.311628
3537009,318364,-31.311628
3542009,318333,-32.355347
3547009,318303,-31.311628
3552009,318273,-31.311628
3557009,318243,-31.311628
3562009,318212,-32.355347
3567009,318182,-31.311628
3572009,318152,-31.311628
3577009,318122,-31.311628
3582009,318091,-32.355347
3587009,318061,-31.311628
3592009,318031,-31.311628
3597009,318001,-31.311628
3602009,317970,-32.355347
3607009,317940,-31.311628
3612009,317910,-31.311628
3617009,317880,-31.311628
3622009,317849,-32.355347
3627009,317819,-31.311628
3632009,317789,-31.311628
3637009,317759,-31.311628
3642009,317728,-32.355347
3647009,317698,-31.311628
3652009,317668,-31.311628
3657009,317638,-31.311628
3662009,317607,-32.355347
3667009,317577,-31.311628
3672009,317547,-31.311628
3677009,317517,-31.311628
3682009,317486,-32.355347
3687009,317456,-31.311628
3692009,317426,-31.311628
3697009,317396,-31.311628
3702009,317365,-32.355347
3707009,317335,-31.311628
3712009,317305,-31.311628
3717009,317275,-31.311628
3722009,317244,-32.355347
3727009,317214,-31.311628
3732009,317184,-31.311628
3737009,317153,-32.355347
3742009,317123,-31.311628
3747009,317093,-31.311628
3752009,317063,-31.311628
3757009,317032,-32.355347
3762009,317002,-31.311628
3767009,316972,-31.311628
3772009,316942,-31.311628
3777009,316912,-31.311628
3782009,316881,-32.355347
3787009,316851,-31.311628
3792009,316821,-31.311628
3797009,316791,-31.311628
3802009,316760,-32.355347
3807009,316730,-31.311628
3812009,316700,-31.311628
3817009,316670,-31.311628
3822009,316639,-32.355347
3827009,316609,-31.311628
3832009,316579,-31.311628
3837009,316549,-31.311628
3842009,316518,-32.355347
3847009,316488,-31.311628
3852009,316458,-31.311628
3857009,316428,-31.311628
3862009,316398,-31.311628
3867009,316367,-32.355347
3872009,316337,-31.311628
3877009,316307,-31.311628
3882009,316277,-31.311628
3887009,316246,-32.355347
3892009,316216,-31.311628
3897009,316186,-31.311628
3902009,316156,-31.311628
3907009,316126,-31.311628
3912009,316095,-32.355347
3917009,316065,-31.311628
3922009,316035,-31.311628
3927009,316005,-31.311628
3932009,315974,-32.355347
3937009,315944,-31.311628
3942009,315914,-31.311628
3947009,315884,-31.311628
3952009,315854,-31.311628
3957009,315823,-32.355347
3962009,315793,-31.311628
3967009,315763,-31.311628
3972009,315733,-31.311628
3977009,315702,-32.355347
3982009,315672,-31.311628
3987009,315642,-31.311628
3992009,315612,-31.311628
3997009,315581,-32.355347
4002009,315551,-31.311628
4007009,315521,-31.311628
4012009,315491,-31.311628
4017009,315460,-32.355347
4022009,315430,-31.311628
4027009,315400,-31.311628
4032009,315370,-31.311628
4037009,315340,-31.311628
4042009,315309,-32.355347
4047009,315279,-31.311628
4052009,315249,-31.311628
4057009,315219,-31.311628
4062009,315188,-32.355347
4067009,315158,-31.311628
4072009,315128,-31.311628
4077009,315098,-31.311628
4082009,315067,-32.355347
4087009,315037,-31.311628
4092009,315007,-31.311628
4097009,314977,-31.311628
4102009,314946,-32.355347
4107009,314916,-31.311628
4112009,314886,-31.311628
4117009,314856,-31.311628
4122009,314825,-32.355347
4127009,314795,-31.311628
4132009,314765,-31.311628
4137009,314735,-31.311628
4142009,314704,-32.355347
4147009,314674,-31.311628
4152009,314644,-31.311628
4157009,314614,-31.311628
4162009,314583,-32.355347
4167009,314553,-31.311628
4172009,314523,-31.311628
4177009,314493,-31.311628
4182009,314462,-32.355347
4187009,314432,-31.311628
4192009,314402,-31.311628
4197009,314372,-31.311628
4202009,314341,-32.355347
4207009,314311,-31.311628
4212009,314281,-31.311628
4217009,314251,-31.311628
4222009,314221,-31.311628
4227009,314190,-32.355347
4232009,314160,-31.311628
4237009,314130,-31.311628
4242009,314099,-32.355347
4247009,314069,-31.311628
4252009,314039,-31.311628
4257009,314009,-31.311628
4262009,313978,-32.355347
4267009,313948,-31.311628
4272009,313918,-31.311628
4277009,313888,-31.311628
4282009,313857,-32.355347
4287009,313827,-31.311628
4292009,313797,-31.311628
4297009,313766,-32.355347
4302009,313736,-31.311628
4307009,313706,-31.311628
4312009,313676,-31.311628
4317009,313645,-32.355347
4322009,313615,-31.311628
4327009,313585,-31.311628
4332009,313555,-31.311628
4337009,313525,-31.311628
4342009,313494,-32.355347
4347009,313464,-31.311628
4352009,313434,-31.311628
4357009,313403,-32.355347
4362009,313373,-31.311628
4367009,313343,-31.311628
4372009,313313,-31.311628
4377009,313282,-32.355347
4382009,313252,-31.311628
4387009,313222,-31.311628
4392009,313192,-31.311628
4397009,313161,-32.355347
4402009,313131,-31.311628
4407009,313101,-31.311628
4412009,313071,-31.311628
4417009,313040,-32.355347
4422009,313010,-31.311628
4427009,312980,-31.311628
4432009,312950,-31.311628
4437009,312919,-32.355347
4442009,312889,-31.311628
4447009,312859,-31.311628
4452009,312829,-31.311628
4457009,312798,-32.355347
4462009,312768,-31.311628
4467009,312738,-31.311628
4472009,312707,-32.355347
4477009,312677,-31.311628
4482009,312647,-31.311628
4487009,312617,-31.311628
4492009,312586,-32.355347
4497009,312556,-31.311628
4502009,312526,-31.311628
4507009,312496,-31.311628
4512009,312465,-32.355347
4517009,312435,-31.311628
4522009,312405,-31.311628
4527009,312375,-31.311628
4532009,312344,-32.355347
4537009,312314,-31.311628
4542009,312284,-31.311628
4547009,312254,-31.311628
4552009,312223,-32.355347
4557009,312193,-31.311628
4562009,312163,-31.311628
4567009,312133,-31.311628
4572009,312102,-32.355347
4577009,312072,-31.311628
4582009,312042,-31.311628
4587009,312012,-31.311628
4592009,311981,-32.355347
4597009,311951,-31.311628
4602009,311921,-31.311628
4607009,311891,-31.311628
4612009,311860,-32.355347
4617009,311830,-31.311628
4622009,311800,-31.311628
4627009,311770,-31.311628
4632009,311739,-32.355347
4637009,311709,-31.311628
4642009,311679,-31.311628
4647009,311649,-31.311628
4652009,311618,-32.355347
4657009,311588,-31.311628
4662009,311558,-31.311628
4667009,311527,-32.355347
4672009,311497,-31.311628
4677009,311467,-31.311628
4682009,311437,-31.311628
4687009,311406,-32.355347
4692009,311376,-31.311628
4697009,311346,-31.311628
4702009,311316,-31.311628
4707009,311285,-32.355347
4712009,311255,-31.311628
4717009,311225,-31.311628
4722009,311194,-32.355347
4727009,311164,-31.311628
4732009,311134,-31.311628
4737009,311104,-31.311628
4742009,311073,-32.355347
4747009,311043,-31.311628
4752009,311013,-31.311628
4757009,310983,-31.311628
4762009,310952,-32.355347
4767009,310922,-31.311628
4772009,310892,-31.311628
4777009,310862,-31.311628
4782009,310831,-32.355347
4787009,310801,-31.311628
4792009,310771,-31.311628
4797009,310741,-31.311628
4802009,310710,-32.355347
4807009,310680,-31.311628
4812009,310650,-31.311628
4817009,310619,-32.355347
4822009,310589,-31.311628
4827009,310559,-31.311628
4832009,310529,-31.311628
4837009,310498,-32.355347
4842009,310468,-31.311628
4847009,310438,-31.311628
4852009,310408,-31.311628
4857009,310378,-31.311628
4862009,310347,-32.355347
4867009,310317,-31.311628
4872009,310287,-31.311628
4877009,310257,-31.311628
4882009,310226,-32.355347
4887009,310196,-31.311628
4892009,310166,-31.311628
4897009,310136,-31.311628
4902009,310106,-31.311628
4907009,310075,-32.355347
4912009,310045,-31.311628
4917009,310015,-31.311628
4922009,309985,-31.311628
4927009,309954,-32.355347
4932009,309924,-31.311628
4937009,309894,-31.311628
4942009,309864,-31.311628
4947009,309833,-32.355347
4952009,309803,-31.311628
4957009,309773,-31.311628
4962009,309743,-31.311628
4967009,309712,-32.355347
4972009,309682,-31.311628
4977009,309652,-31.311628
4982009,309622,-31.311628
4987009,309591,-32.355347
4992009,309561,-31.311628
4997009,309531,-31.311628
5002009,309501,-31.311628
5007009,309470,-32.355347
5012009,309440,-31.311628
5017009,309410,-31.311628
5022009,309380,-31.311628
5027009,309350,-31.311628
5032009,309319,-32.355347
5037009,309289,-31.311628
5042009,309259,-31.311628
5047009,309229,-31.311628
5052009,309199,-31.311628
5057009,309168,-32.355347
5062009,309138,-31.311628
5067009,309108,-31.311628
5072009,309078,-31.311628
5077009,309047,-32.355347
5082009,309017,-31.311628
5087009,308987,-31.311628
5092009,308957,-31.311628
5097009,308926,-32.355347
5102009,308896,-31.311628
5107009,308866,-31.311628
5112009,308836,-31.311628
5117009,308805,-32.355347
5122009,308775,-31.311628
5127009,308745,-31.311628
5132009,308715,-31.311628
5137009,308684,-32.355347
5142009,308654,-31.311628
5147009,308624,-31.311628
5152009,308593,-32.355347
5157009,308563,-31.311628
5162009,308533,-31.311628
5167009,308503,-31.311628
5172009,308473,-31.311628
5177009,308442,-32.355347
5182009,308412,-31.311628
5187009,308382,-31.311628
5192009,308352,-31.311628
5197009,308321,-32.355347
5202009,308291,-31.311628
5207009,308261,-31.311628
5212009,308231,-31.311628
5217009,308200,-32.355347
5222009,308170,-31.311628
5227009,308140,-31.311628
5232009,308110,-31.311628
5237009,308079,-32.355347
5242009,308049,-31.311628
5247009,308019,-31.311628
5252009,307989,-31.311628
5257009,307958,-32.355347
5262009,307928,-31.311628
5267009,307898,-31.311628
5272009,307868,-31.311628
5277009,307837,-32.355347
5282009,307807,-31.311628
5287009,307777,-31.311628
5292009,307747,-31.311628
5297009,307716,-32.355347
5302009,307686,-31.311628
5307009,307656,-31.311628
5312009,307625,-32.355347
5317009,307595,-31.311628
5322009,307565,-31.311628
5327009,307535,-31.311628
5332009,307504,-32.355347
5337009,307474,-31.311628
5342009,307444,-31.311628
5347009,307414,-31.311628
5352009,307383,-32.355347
5357009,307353,-31.311628
5362009,307323,-31.311628
5367009,307292,-32.355347
5372009,307262,-31.311628
5377009,307232,-31.311628
5382009,307202,-31.311628
5387009,307171,-32.355347
5392009,307141,-31.311628
5397009,307111,-31.311628
5402009,307081,-31.311628
5407009,307050,-32.355347
5412009,307020,-31.311628
5417009,306990,-31.311628
5422009,306959,-32.355347
5427009,306929,-31.311628
5432009,306899,-31.311628
5437009,306869,-31.311628
5442009,306838,-32.355347
5447009,306808,-31.311628
5452009,306778,-31.311628
5457009,306748,-31.311628
5462009,306718,-31.311628
5467009,306687,-32.355347
5472009,306657,-31.311628
5477009,306627,-31.311628
5482009,306596,-32.355347
5487009,306566,-31.311628
5492009,306536,-31.311628
5497009,306506,-31.311628
5502009,306475,-32.355347
5507009,306445,-31.311628
5512009,306415,-31.311628
5517009,306385,-31.311628
5522009,306355,-31.311628
5527009,306324,-32.355347
5532009,306294,-31.311628
5537009,306264,-31.311628
5542009,306233,-32.355347
5547009,306203,-31.311628
5552009,306173,-31.311628
5557009,306143,-31.311628
5562009,306112,-32.355347
5567009,306082,-31.311628
5572009,306052,-31.311628
5577009,306022,-31.311628
5582009,305992,-31.311628
5587009,305961,-32.355347
5592009,305931,-31.311628
5597009,305901,-31.311628
5602009,305870,-32.355347
5607009,305840,-31.311628
5612009,305810,-31.311628
5617009,305780,-31.311628
5622009,305749,-32.355347
5627009,305719,-31.311628
5632009,305689,-31.311628
5637009,305659,-31.311628
5642009,305628,-32.355347
5647009,305598,-31.311628
5652009,305568,-31.311628
5657009,305538,-31.311628
5662009,305507,-32.355347
5667009,305477,-31.311628
5672009,305447,-31.311628
5677009,305417,-31.311628
5682009,305386,-32.355347
5687009,305356,-31.311628
5692009,305326,-31.311628
5697009,305296,-31.311628
5702009,305265,-32.355347
5707009,305235,-31.311628
5712009,305205,-31.311628
5717009,305175,-31.311628
5722009,305144,-32.355347
5727009,305114,-31.311628
5732009,305084,-31.311628
5737009,305054,-31.311628
5742009,305023,-32.355347
5747009,304993,-31.311628
5752009,304963,-31.311628
5757009,304933,-31.311628
5762009,304903,-31.311628
5767009,304872,-32.355347
5772009,304842,-31.311628
5777009,304812,-31.311628
5782009,304782,-31.311628
5787009,304751,-32.355347
5792009,304721,-31.311628
5797009,304691,-31.311628
5802009,304661,-31.311628
5807009,304630,-32.355347
5812009,304600,-31.311628
5817009,304570,-31.311628
5822009,304540,-31.311628
5827009,304510,-31.311628
5832009,304479,-32.355347
5837009,304449,-31.311628
5842009,304419,-31.311628
5847009,304389,-31.311628
5852009,304358,-32.355347
5857009,304328,-31.311628
5862009,304298,-31.311628
5867009,304268,-31.311628
5872009,304237,-32.355347
5877009,304207,-31.311628
5882009,304177,-31.311628
5887009,304147,-31.311628
5892009,304116,-32.355347
5897009,304086,-31.311628
5902009,304056,-31.311628
5907009,304026,-31.311628
5912009,303995,-32.355347
5917009,303965,-31.311628
5922009,303935,-31.311628
5927009,303905,-31.311628
5932009,303874,-32.355347
5937009,303844,-31.311628
5942009,303814,-31.311628
5947009,303784,-31.311628
5952009,303753,-32.355347
5957009,303723,-31.311628
5962009,303693,-31.311628
5967009,303663,-31.311628
5972009,303632,-32.355347
5977009,303602,-31.311628
5982009,303572,-31.311628
5987009,303542,-31.311628
5992009,303511,-32.355347
5997009,303481,-31.311628
6002009,303451,-31.311628
6007009,303421,-31.311628
6012009,303391,-31.311628
6017009,303360,-32.355347
6022009,303330,-31.311628
6027009,303300,-31.311628
6032009,303269,-32.355347
6037009,303239,-31.311628
6042009,303209,-31.311628
6047009,303179,-31.311628
6052009,303148,-32.355347
6057009,303118,-31.311628
6062009,303088,-31.311628
6067009,303058,-31.311628
6072009,303027,-32.355347
6077009,302997,-31.311628
6082009,302967,-31.311628
6087009,302937,-31.311628
6092009,302906,-32.355347
6097009,302876,-31.311628
6102009,302846,-31.311628
6107009,302816,-31.311628
6112009,302786,-31.311628
6117009,302755,-32.355347
6122009,302725,-31.311628
6127009,302695,-31.311628
6132009,302665,-31.311628
6137009,302634,-32.355347
6142009,302604,-31.311628
6147009,302574,-31.311628
6152009,302544,-31.311628
6157009,302514,-31.311628
6162009,302483,-32.355347
6167009,302453,-31.311628
6172009,302423,-31.311628
6177009,302393,-31.311628
6182009,302362,-32.355347
6187009,302332,-31.311628
6192009,302302,-31.311628
6197009,302272,-31.311628
6202009,302242,-31.311628
6207009,302211,-32.355347
6212009,302181,-31.311628
6217009,302151,-31.311628
6222009,302121,-31.311628
6227009,302091,-31.311628
6232009,302060,-32.355347
6237009,302030,-31.311628
6242009,302000,-31.311628
6247009,301970,-31.311628
6252009,301939,-32.355347
6257009,301909,-31.311628
6262009,301879,-31.311628
6267009,301849,-31.311628
6272009,301818,-32.355347
6277009,301788,-31.311628
6282009,301758,-31.311628
6287009,301728,-31.311628
6292009,301697,-32.355347
6297009,301667,-31.311628
6302009,301637,-31.311628
6307009,301606,-32.355347
6312009,301576,-31.311628
6317009,301546,-31.311628
6322009,301516,-31.311628
6327009,301485,-32.355347
6332009,301455,-31.311628
6337009,301425,-31.311628
6342009,301395,-31.311628
6347009,301364,-32.355347
6352009,301334,-31.311628
6357009,301304,-31.311628
6362009,301274,-31.311628
6367009,301243,-32.355347
6372009,301213,-31.311628
6377009,301183,-31.311628
6382009,301153,-31.311628
6387009,301122,-32.355347
6392009,301092,-31.311628
6397009,301062,-31.311628
6402009,301031,-32.355347
6407009,301001,-31.311628
6412009,300971,-31.311628
6417009,300941,-31.311628
6422009,300910,-32.355347
6427009,300880,-31.311628
6432009,300850,-31.311628
6437009,300820,-31.311628
6442009,300789,-32.355347
6447009,300759,-31.311628
6452009,300729,-31.311628
6457009,300699,-31.311628
6462009,300668,-32.355347
6467009,300638,-31.311628
6472009,300608,-31.311628
6477009,300578,-31.311628
6482009,300547,-32.355347
6487009,300517,-31.311628
6492009,300487,-31.311628
6497009,300457,-31.311628
6502009,300426,-32.355347
6507009,300396,-31.311628
6512009,300366,-31.311628
6517009,300336,-31.311628
6522009,300305,-32.355347
6527009,300275,-31.311628
6532009,300245,-31.311628
6537009,300215,-31.311628
6542009,300184,-32.355347
6547009,300154,-31.311628
6552009,300124,-31.311628
6557009,300094,-31.311628
6562009,300064,-31.311628
6567009,300033,-32.355347
6572009,300003,-31.311628
6577009,299973,-31.311628
6582009,299943,-31.311628
6587009,299912,-32.355347
6592009,299882,-31.311628
6597009,299852,-31.311628
6602009,299821,-32.355347
6607009,299791,-31.311628
6612009,299761,-31.311628
6617009,299731,-31.311628
6622009,299701,-31.311628
6627009,299670,-32.355347
6632009,299640,-31.311628
6637009,299610,-31.311628
6642009,299579,-32.355347
6647009,299549,-31.311628
6652009,299519,-31.311628
6657009,299489,-31.311628
6662009,299458,-32.355347
6667009,299428,-31.311628
6672009,299398,-31.311628
6677009,299368,-31.311628
6682009,299337,-32.355347
6687009,299307,-31.311628
6692009,299277,-31.311628
6697009,299246,-32.355347
6702009,299216,-31.311628
6707009,299186,-31.311628
6712009,299156,-31.311628
6717009,299125,-32.355347
6722009,299095,-31.311628
6727009,299065,-31.311628
6732009,299035,-31.311628
6737009,299004,-32.355347
6742009,298974,-31.311628
6747009,298944,-31.311628
6752009,298913,-32.355347
6757009,298883,-31.311628
6762009,298853,-31.311628
6767009,298823,-31.311628
6772009,298792,-32.355347
6777009,298762,-31.311628
6782009,298732,-31.311628
6787009,298702,-31.311628
6792009,298671,-32.355347
6797009,298641,-31.311628
6802009,298611,-31.311628
6807009,298581,-31.311628
6812009,298550,-32.355347
6817009,298520,-31.311628
6822009,298490,-31.311628
6827009,298460,-31.311628
6832009,298429,-32.355347
6837009,298399,-31.311628
6842009,298369,-31.311628
6847009,298339,-31.311628
6852009,298308,-32.355347
6857009,298278,-31.311628
6862009,298248,-31.311628
6867009,298218,-31.311628
6872009,298187,-32.355347
6877009,298157,-31.311628
6882009,298127,-31.311628
6887009,298097,-31.311628
6892009,298066,-32.355347
6897009,298036,-31.311628
6902009,298006,-31.311628
6907009,297976,-31.311628
6912009,297945,-32.355347
6917009,297915,-31.311628
6922009,297885,-31.311628
6927009,297855,-31.311628
6932009,297824,-32.355347
6937009,297794,-31.311628
6942009,297764,-31.311628
6947009,297733,-32.355347
6952009,297703,-31.311628
6957009,297673,-31.311628
6962009,297643,-31.311628
6967009,297613,-31.311628
6972009,297582,-32.355347
6977009,297552,-31.311628
6982009,297522,-31.311628
6987009,297492,-31.311628
6992009,297461,-32.355347
6997009,297431,-31.311628
7002009,297401,-31.311628
7007009,297371,-31.311628
7012009,297340,-32.355347
7017009,297310,-31.311628
7022009,297280,-31.311628
7027009,297250,-31.311628
7032009,297219,-32.355347
7037009,297189,-31.311628
7042009,297159,-31.311628
7047009,297129,-31.311628
7052009,297098,-32.355347
7057009,297068,-31.311628
7062009,297038,-31.311628
7067009,297008,-31.311628
7072009,296977,-32.355347
7077009,296947,-31.311628
7082009,296917,-31.311628
7087009,296886,-32.355347
7092009,296856,-31.311628
7097009,296826,-31.311628
7102009,296796,-31.311628
7107009,296765,-32.355347
7112009,296735,-31.311628
7117009,296705,-31.311628
7122009,296674,-32.355347
7127009,296644,-31.311628
7132009,296614,-31.311628
7137009,296584,-31.311628
7142009,296553,-32.355347
7147009,296523,-31.311628
7152009,296493,-31.311628
7157009,296462,-32.355347
7162009,296432,-31.311628
7167009,296402,-31.311628
7172009,296372,-31.311628
7177009,296341,-32.355347
7182009,296311,-31.311628
7187009,296281,-31.311628
7192009,296250,-32.355347
7197009,296220,-31.311628
7202009,296190,-31.311628
7207009,296160,-31.311628
7212009,296129,-32.355347
7217009,296099,-31.311628
7222009,296069,-31.311628
7227009,296038,-32.355347
7232009,296008,-31.311628
7237009,295978,-31.311628
7242009,295948,-31.311628
7247009,295917,-32.355347
7252009,295887,-31.311628
7257009,295857,-31.311628
7262009,295827,-31.311628
7267009,295796,-32.355347
7272009,295766,-31.311628
7277009,295736,-31.311628
7282009,295705,-32.355347
7287009,295675,-31.311628
7292009,295645,-31.311628
7297009,295615,-31.311628
7302009,295584,-32.355347
7307009,295554,-31.311628
7312009,295524,-31.311628
7317009,295493,-32.355347
7322009,295463,-31.311628
7327009,295433,-31.311628
7332009,295403,-31.311628
7337009,295372,-32.355347
7342009,295342,-31.311628
7347009,295312,-31.311628
7352009,295282,-31.311628
7357009,295251,-32.355347
7362009,295221,-31.311628
7367009,295191,-31.311628
7372009,295160,-32.355347
7377009,295130,-31.311628
7382009,295100,-31.311628
7387009,295070,-31.311628
7392009,295039,-32.355347
7397009,295009,-31.311628
7402009,294979,-31.311628
7407009,294948,-32.355347
7412009,294918,-31.311628
7417009,294888,-31.311628
7422009,294858,-31.311628
7427009,294827,-32.355347
7432009,294797,-31.311628
7437009,294767,-31.311628
7442009,294737,-31.311628
7447009,294706,-32.355347
7452009,294676,-31.311628
7457009,294646,-31.311628
7462009,294616,-31.311628
7467009,294585,-32.355347
7472009,294555,-31.311628
7477009,294525,-31.311628
7482009,294495,-31.311628
7487009,294464,-32.355347
7492009,294434,-31.311628
7497009,294404,-31.311628
7502009,294373,-32.355347
7507009,294343,-31.311628
7512009,294313,-31.311628
7517009,294283,-31.311628
7522009,294252,-32.355347
7527009,294222,-31.311628
7532009,294192,-31.311628
7537009,294161,-32.355347
7542009,294131,-31.311628
7547009,294101,-31.311628
7552009,294071,-31.311628
7557009,294040,-32.355347
7562009,294010,-31.311628
7567009,293980,-31.311628
7572009,293950,-31.311628
7577009,293919,-32.355347
7582009,293889,-31.311628
7587009,293859,-31.311628
7592009,293828,-32.355347
7597009,293798,-31.311628
7602009,293768,-31.311628
7607009,293738,-31.311628
7612009,293707,-32.355347
7617009,293677,-31.311628
7622009,293647,-31.311628
7627009,293617,-31.311628
7632009,293586,-32.355347
7637009,293556,-31.311628
7642009,293526,-31.311628
7647009,293496,-31.311628
7652009,293465,-32.355347
7657009,293435,-31.311628
7662009,293405,-31.311628
7667009,293374,-32.355347
7672009,293344,-31.311628
7677009,293314,-31.311628
7682009,293284,-31.311628
7687009,293254,-31.311628
7692009,293223,-32.355347
7697009,293193,-31.311628
7702009,293163,-31.311628
7707009,293132,-32.355347
7712009,293102,-31.311628
7717009,293072,-31.311628
7722009,293042,-31.311628
7727009,293011,-32.355347
7732009,292981,-31.311628
7737009,292951,-31.311628
7742009,292921,-31.311628
7747009,292890,-32.355347
7752009,292860,-31.311628
7757009,292830,-31.311628
7762009,292799,-32.355347
7767009,292769,-31.311628
7772009,292739,-31.311628
7777009,292709,-31.311628
7782009,292678,-32.355347
7787009,292648,-31.311628
7792009,292618,-31.311628
7797009,292588,-31.311628
7802009,292557,-32.355347
7807009,292527,-31.311628
7812009,292497,-31.311628
7817009,292466,-32.355347
7822009,292436,-31.311628
7827009,292406,-31.311628
7832009,292376,-31.311628
7837009,292345,-32.355347
7842009,292315,-31.311628
7847009,292285,-31.311628
7852009,292255,-31.311628
7857009,292224,-32.355347
7862009,292194,-31.311628
7867009,292164,-31.311628
7872009,292133,-32.355347
7877009,292103,-31.311628
7882009,292073,-31.311628
7887009,292043,-31.311628
7892009,292012,-32.355347
7897009,291982,-31.311628
7902009,291952,-31.311628
7907009,291922,-31.311628
7912009,291891,-32.355347
7917009,291861,-31.311628
7922009,291831,-31.311628
7927009,291801,-31.311628
7932009,291770,-32.355347
7937009,291740,-31.311628
7942009,291710,-31.311628
7947009,291679,-32.355347
7952009,291649,-31.311628
7957009,291619,-31.311628
7962009,291589,-31.311628
7967009,291559,-31.311628
7972009,291528,-32.355347
7977009,291498,-31.311628
7982009,291468,-31.311628
7987009,291437,-32.355347
7992009,291407,-31.311628
7997009,291377,-31.311628
8002009,291347,-31.311628
8007009,291316,-32.355347
8012009,291286,-31.311628
8017009,291256,-31.311628
8022009,291226,-31.311628
8027009,291195,-32.355347
8032009,291165,-31.311628
8037009,291135,-31.311628
8042009,291105,-31.311628
8047009,291074,-32.355347
8052009,291044,-31.311628
8057009,291014,-31.311628
8062009,290983,-32.355347
8067009,290953,-31.311628
8072009,290923,-31.311628
8077009,290893,-31.311628
8082009,290862,-32.355347
8087009,290832,-31.311628
8092009,290802,-31.311628
8097009,290772,-31.311628
8102009,290741,-32.355347
8107009,290711,-31.311628
8112009,290681,-31.311628
8117009,290650,-32.355347
8122009,290620,-31.311628
8127009,290590,-31.311628
8132009,290560,-31.311628
8137009,290530,-31.311628
8142009,290499,-32.355347
8147009,290469,-31.311628
8152009,290439,-31.311628
8157009,290408,-32.355347
8162009,290378,-31.311628
8167009,290348,-31.311628
8172009,290317,-32.355347
8177009,290287,-31.311628
8182009,290257,-31.311628
8187009,290227,-31.311628
8192009,290196,-32.355347
8197009,290166,-31.311628
8202009,290136,-31.311628
8207009,290106,-31.311628
8212009,290075,-32.355347
8217009,290045,-31.311628
8222009,290015,-31.311628
8227009,289984,-32.355347
8232009,289954,-31.311628
8237009,289924,-31.311628
8242009,289894,-31.311628
8247009,289863,-32.355347
8252009,289833,-31.311628
8257009,289803,-31.311628
8262009,289772,-32.355347
8267009,289742,-31.311628
8272009,289712,-31.311628
8277009,289682,-31.311628
8282009,289651,-32.355347
8287009,289621,-31.311628
8292009,289591,-31.311628
8297009,289561,-31.311628
8302009,289530,-32.355347
8307009,289500,-31.311628
8312009,289470,-31.311628
8317009,289440,-31.311628
8322009,289409,-32.355347
8327009,289379,-31.311628
8332009,289349,-31.311628
8337009,289319,-31.311628
8342009,289288,-32.355347
8347009,289258,-31.311628
8352009,289228,-31.311628
8357009,289198,-31.311628
8362009,289167,-32.355347
8367009,289137,-31.311628
8372009,289107,-31.311628
8377009,289077,-31.311628
8382009,289046,-32.355347
8387009,289016,-31.311628
8392009,288986,-31.311628
8397009,288955,-32.355347
8402009,288925,-31.311628
8407009,288895,-31.311628
8412009,288865,-31.311628
8417009,288834,-32.355347
8422009,288804,-31.311628
8427009,288774,-31.311628
8432009,288744,-31.311628
8437009,288713,-32.355347
8442009,288683,-31.311628
8447009,288653,-31.311628
8452009,288623,-31.311628
8457009,288592,-32.355347
8462009,288562,-31.311628
8467009,288532,-31.311628
8472009,288502,-31.311628
8477009,288471,-32.355347
8482009,288441,-31.311628
8487009,288411,-31.311628
8492009,288380,-32.355347
8497009,288350,-31.311628
8502009,288320,-31.311628
8507009,288290,-31.311628
8512009,288259,-32.355347
8517009,288229,-31.311628
8522009,288199,-31.311628
8527009,288169,-31.311628
8532009,288138,-32.355347
8537009,288108,-31.311628
8542009,288078,-31.311628
8547009,288048,-31.311628
8552009,288017,-32.355347
8557009,287987,-31.311628
8562009,287957,-31.311628
8567009,287926,-32.355347
8572009,287896,-31.311628
8577009,287866,-31.311628
8582009,287836,-31.311628
8587009,287806,-31.311628
8592009,287775,-32.355347
8597009,287745,-31.311628
8602009,287715,-31.311628
8607009,287684,-32.355347
8612009,287654,-31.311628
8617009,287624,-31.311628
8622009,287594,-31.311628
8627009,287563,-32.355347
8632009,287533,-31.311628
8637009,287503,-31.311628
8642009,287473,-31.311628
8647009,287442,-32.355347
8652009,287412,-31.311628
8657009,287382,-31.311628
8662009,287352,-31.311628
8667009,287322,-31.311628
8672009,287291,-32.355347
8677009,287261,-31.311628
8682009,287231,-31.311628
8687009,287201,-31.311628
8692009,287171,-31.311628
8697009,287140,-32.355347
8702009,287110,-31.311628
8707009,287080,-31.311628
8712009,287050,-31.311628
8717009,287020,-31.311628
8722009,286989,-32.355347
8727009,286959,-31.311628
8732009,286929,-31.311628
8737009,286899,-31.311628
8742009,286869,-31.311628
8747009,286838,-32.355347
8752009,286808,-31.311628
8757009,286778,-31.311628
8762009,286748,-31.311628
8767009,286718,-31.311628
8772009,286687,-32.355347
8777009,286657,-31.311628
8782009,286627,-31.311628
8787009,286597,-31.311628
8792009,286567,-31.311628
8797009,286536,-32.355347
8802009,286506,-31.311628
8807009,286476,-31.311628
8812009,286446,-31.311628
8817009,286416,-31.311628
8822009,286385,-32.355347
8827009,286355,-31.311628
8832009,286325,-31.311628
8837009,286295,-31.311628
8842009,286265,-31.311628
8847009,286234,-32.355347
8852009,286204,-31.311628
8857009,286174,-31.311628
8862009,286144,-31.311628
8867009,286114,-31.311628
8872009,286083,-32.355347
8877009,286053,-31.311628
8882009,286023,-31.311628
8887009,285993,-31.311628
8892009,285962,-32.355347
8897009,285932,-31.311628
8902009,285902,-31.311628
8907009,285872,-31.311628
8912009,285841,-32.355347
8917009,285811,-31.311628
8922009,285781,-31.311628
8927009,285751,-31.311628
8932009,285721,-31.311628
8937009,285691,-31.311628
8942009,285660,-32.355347
8947009,285630,-31.311628
8952009,285600,-31.311628
8957009,285570,-31.311628
8962009,285540,-31.311628
8967009,285509,-32.355347
8972009,285479,-31.311628
8977009,285449,-31.311628
8982009,285419,-31.311628
8987009,285389,-31.311628
8992009,285359,-31.311628
8997009,285328,-32.355347
9002009,285298,-31.311628
9007009,285268,-31.311628
9012009,285238,-31.311628
9017009,285208,-31.311628
9022009,285178,-31.311628
9027009,285148,-31.311628
9032009,285118,-31.311628
9037009,285087,-32.355347
9042009,285057,-31.311628
9047009,285027,-31.311628
9052009,284997,-31.311628
9057009,284966,-32.355347
9062009,284936,-31.311628
9067009,284906,-31.311628
9072009,284876,-31.311628
9077009,284845,-32.355347
9082009,284815,-31.311628
9087009,284785,-31.311628
9092009,284755,-31.311628
9097009,284725,-31.311628
9102009,284694,-32.355347
9107009,284664,-31.311628
9112009,284634,-31.311628
9117009,284604,-31.311628
9122009,284574,-31.311628
9127009,284543,-32.355347
9132009,284513,-31.311628
9137009,284483,-31.311628
9142009,284453,-31.311628
9147009,284423,-31.311628
9152009,284392,-32.355347
9157009,284362,-31.311628
9162009,284332,-31.311628
9167009,284302,-31.311628
9172009,284272,-31.311628
9177009,284242,-31.311628
9182009,284211,-32.355347
9187009,284181,-31.311628
9192009,284151,-31.311628
9197009,284121,-31.311628
9202009,284090,-32.355347
9207009,284060,-31.311628
9212009,284030,-31.311628
9217009,283999,-32.355347
9222009,283969,-31.311628
9227009,283939,-31.311628
9232009,283909,-31.311628
9237009,283878,-32.355347
9242009,283848,-31.311628
9247009,283818,-31.311628
9252009,283788,-31.311628
9257009,283757,-32.355347
9262009,283727,-31.311628
9267009,283697,-31.311628
9272009,283666,-32.355347
9277009,283636,-31.311628
9282009,283606,-31.311628
9287009,283576,-31.311628
9292009,283546,-31.311628
9297009,283515,-32.355347
9302009,283485,-31.311628
9307009,283455,-31.311628
9312009,283424,-32.355347
9317009,283394,-31.311628
9322009,283364,-31.311628
9327009,283334,-31.311628
9332009,283303,-32.355347
9337009,283273,-31.311628
9342009,283243,-31.311628
9347009,283213,-31.311628
9352009,283182,-32.355347
9357009,283152,-31.311628
9362009,283122,-31.311628
9367009,283091,-32.355347
9372009,283061,-31.311628
9377009,283031,-31.311628
9382009,283001,-31.311628
9387009,282970,-32.355347
9392009,282940,-31.311628
9397009,282910,-31.311628
9402009,282880,-31.311628
9407009,282849,-32.355347
9412009,282819,-31.311628
9417009,282789,-31.311628
9422009,282759,-31.311628
9427009,282728,-32.355347
9432009,282698,-31.311628
9437009,282668,-31.311628
9442009,282637,-32.355347
9447009,282607,-31.311628
9452009,282577,-31.311628
9457009,282547,-31.311628
9462009,282516,-32.355347
9467009,282486,-31.311628
9472009,282456,-31.311628
9477009,282426,-31.311628
9482009,282395,-32.355347
9487009,282365,-31.311628
9492009,282335,-31.311628
9497009,282304,-32.355347
9502009,282274,-31.311628
9507009,282244,-31.311628
9512009,282214,-31.311628
9517009,282183,-32.355347
9522009,282153,-31.311628
9527009,282123,-31.311628
9532009,282093,-31.311628
9537009,282062,-32.355347
9542009,282032,-31.311628
9547009,282002,-31.311628
9552009,281972,-31.311628
9557009,281941,-32.355347
9562009,281911,-31.311628
9567009,281881,-31.311628
9572009,281850,-32.355347
9577009,281820,-31.311628
9582009,281790,-31.311628
9587009,281760,-31.311628
9592009,281729,-32.355347
9597009,281699,-31.311628
9602009,281669,-31.311628
9607009,281639,-31.311628
9612009,281608,-32.355347
9617009,281578,-31.311628
9622009,281548,-31.311628
9627009,281517,-32.355347
9632009,281487,-31.311628
9637009,281457,-31.311628
9642009,281427,-31.311628
9647009,281396,-32.355347
9652009,281366,-31.311628
9657009,281336,-31.311628
9662009,281306,-31.311628
9667009,281275,-32.355347
9672009,281245,-31.311628
9677009,281215,-31.311628
9682009,281185,-31.311628
9687009,281154,-32.355347
9692009,281124,-31.311628
9697009,281094,-31.311628
9702009,281063,-32.355347
9707009,281033,-31.311628
9712009,281003,-31.311628
9717009,280973,-31.311628
9722009,280942,-32.355347
9727009,280912,-31.311628
9732009,280882,-31.311628
9737009,280852,-31.311628
9742009,280821,-32.355347
9747009,280791,-31.311628
9752009,280761,-31.311628
9757009,280731,-31.311628
9762009,280700,-32.355347
9767009,280670,-31.311628
9772009,280640,-31.311628
9777009,280609,-32.355347
9782009,280579,-31.311628
9787009,280549,-31.311628
9792009,280519,-31.311628
9797009,280488,-32.355347
9802009,280458,-31.311628
9807009,280428,-31.311628
9812009,280398,-31.311628
9817009,280367,-32.355347
9822009,280337,-31.311628
9827009,280307,-31.311628
9832009,280277,-31.311628
9837009,280246,-32.355347
9842009,280216,-31.311628
9847009,280186,-31.311628
9852009,280155,-32.355347
9857009,280125,-31.311628
9862009,280095,-31.311628
9867009,280065,-31.311628
9872009,280034,-32.355347
9877009,280004,-31.311628
9882009,279974,-31.311628
9887009,279944,-31.311628
9892009,279913,-32.355347
9897009,279883,-31.311628
9902009,279853,-31.311628
9907009,279823,-31.311628
9912009,279792,-32.355347
9917009,279762,-31.311628
9922009,279732,-31.311628
9927009,279701,-32.355347
9932009,279671,-31.311628
9937009,279641,-31.311628
9942009,279611,-31.311628
9947009,279580,-32.355347
9952009,279550,-31.311628
9957009,279520,-31.311628
9962009,279489,-32.355347
9967009,279459,-31.311628
9972009,279429,-31.311628
9977009,279399,-31.311628
9982009,279368,-32.355347
9987009,279338,-31.311628
9992009,279308,-31.311628
9997009,279278,-31.311628
10002009,279247,-32.355347
10007009,279217,-31.311628
10012009,279187,-31.311628
10017009,279157,-31.311628
10022009,279127,-31.311628
10027009,279096,-32.355347
10032009,279066,-31.311628
10037009,279036,-31.311628
10042009,279006,-31.311628
10047009,278975,-32.355347
10052009,278945,-31.311628
10057009,278915,-31.311628
10062009,278885,-31.311628
10067009,278854,-32.355347
10072009,278824,-31.311628
10077009,278794,-31.311628
10082009,278764,-31.311628
10087009,278734,-31.311628
10092009,278704,-31.311628
10097009,278674,-31.311628
10102009,278643,-32.355347
10107009,278613,-31.311628
10112009,278583,-31.311628
10117009,278553,-31.311628
10122009,278523,-31.311628
10127009,278493,-31.311628
10132009,278462,-32.355347
10137009,278432,-31.311628
10142009,278402,-31.311628
10147009,278372,-31.311628
10152009,278342,-31.311628
10157009,278312,-31.311628
10162009,278282,-31.311628
10167009,278252,-31.311628
10172009,278221,-32.355347
10177009,278191,-31.311628
10182009,278161,-31.311628
10187009,278131,-31.311628
10192009,278101,-31.311628
10197009,278071,-31.311628
10202009,278040,-32.355347
10207009,278010,-31.311628
10212009,277980,-31.311628
10217009,277950,-31.311628
10222009,277919,-32.355347
10227009,277889,-31.311628
10232009,277859,-31.311628
10237009,277829,-31.311628
10242009,277798,-32.355347
10247009,277768,-31.311628
10252009,277738,-31.311628
10257009,277708,-31.311628
10262009,277678,-31.311628
10267009,277647,-32.355347
10272009,277617,-31.311628
10277009,277587,-31.311628
10282009,277557,-31.311628
10287009,277526,-32.355347
10292009,277496,-31.311628
10297009,277466,-31.311628
10302009,277436,-31.311628
10307009,277406,-31.311628
10312009,277375,-32.355347
