
Time_us,Position,Speed_rad_per_s
1312008,398748,0.000000
1317008,398745,-3.131163
1322009,398737,-8.348098
1327009,398726,-11.480930
1332009,398711,-15.655814
1337009,398693,-18.786976
1342009,398673,-20.874418
1347009,398652,-21.918139
1352009,398629,-24.005581
1357009,398605,-25.049301
1362009,398579,-27.136744
1367009,398553,-27.136744
1372009,398527,-27.136744
1377009,398499,-29.224186
1382009,398471,-29.224186
1387009,398443,-29.224186
1392009,398415,-29.224186
1397009,398386,-30.267906
1402009,398356,-31.311628
1407009,398327,-30.267906
1412009,398298,-30.267906
1417009,398268,-31.311628
1422009,398238,-31.311628
1427009,398209,-30.267906
1432009,398179,-31.311628
1437009,398149,-31.311628
1442009,398119,-31.311628
1447009,398089,-31.311628
1452009,398059,-31.311628
1457009,398029,-31.311628
1462009,397999,-31.311628
1467009,397969,-31.311628
1472009,397939,-31.311628
1477009,397908,-32.355347
1482009,397878,-31.311628
1487009,397848,-31.311628
1492009,397818,-31.311628
1497009,397788,-31.311628
1502009,397758,-31.311628
1507009,397727,-32.355347
1512009,397697,-31.311628
1517009,397667,-31.311628
1522009,397637,-31.311628
1527009,397607,-31.311628
1532009,397576,-32.355347
1537009,397546,-31.311628
1542009,397516,-31.311628
1547009,397485,-32.355347
1552009,397455,-31.311628
1557009,397425,-31.311628
1562009,397395,-31.311628
1567009,397364,-32.355347
1572009,397334,-31.311628
1577009,397304,-31.311628
1582009,397273,-32.355347
1587009,397243,-31.311628
1592009,397213,-31.311628
1597009,397183,-31.311628
1602009,397152,-32.355347
1607009,397122,-31.311628
1612009,397092,-31.311628
1617009,397061,-32.355347
1622009,397031,-31.311628
1627009,397001,-31.311628
1632009,396970,-32.355347
1637009,396940,-31.311628
1642009,396910,-31.311628
1647009,396879,-32.355347
1652009,396849,-31.311628
1657009,396819,-31.311628
1662009,396789,-31.311628
1667009,396758,-32.355347
1672009,396728,-31.311628
1677009,396698,-31.311628
1682009,396667,-32.355347
1687009,396637,-31.311628
1692009,396607,-31.311628
1697009,396576,-32.355347
1702009,396546,-31.311628
1707009,396516,-31.311628
1712009,396485,-32.355347
1717009,396455,-31.311628
1722009,396425,-31.311628
1727009,396395,-31.311628
1732009,396364,-32.355347
1737009,396334,-31.311628
1742009,396304,-31.311628
1747009,396273,-32.355347
1752009,396243,-31.311628
1757009,396213,-31.311628
1762009,396182,-32.355347
1767009,396152,-31.311628
1772009,396122,-31.311628
1777009,396091,-32.355347
1782009,396061,-31.311628
1787009,396030,-32.355347
1792009,396000,-31.311628
1797009,395969,-32.355347
1802009,395939,-31.311628
1807009,395908,-32.355347
1812009,395878,-31.311628
1817009,395847,-32.355347
1822009,395817,-31.311628
1827009,395786,-32.355347
1832009,395756,-31.311628
1837009,395725,-32.355347
1842009,395694,-32.355347
1847009,395664,-31.311628
1852009,395633,-32.355347
1857009,395602,-32.355347
1862009,395572,-31.311628
1867009,395541,-32.355347
1872009,395510,-32.355347
1877009,395480,-31.311628
1882009,395449,-32.355347
1887009,395418,-32.355347
1892009,395388,-31.311628
1897009,395357,-32.355347
1902009,395326,-32.355347
1907009,395296,-31.311628
1912009,395265,-32.355347
1917009,395234,-32.355347
1922009,395204,-31.311628
1927009,395173,-32.355347
1932009,395143,-31.311628
1937009,395112,-32.355347
1942009,395081,-32.355347
1947009,395051,-31.311628
1952009,395020,-32.355347
1957009,394989,-32.355347
1962009,394959,-31.311628
1967009,394928,-32.355347
1972009,394897,-32.355347
1977009,394867,-31.311628
1982009,394836,-32.355347
1987009,394805,-32.355347
1992009,394775,-31.311628
1997009,394744,-32.355347
2002009,394713,-32.355347
2007009,394683,-31.311628
2012009,394652,-32.355347
2017009,394621,-32.355347
2022009,394591,-31.311628
2027009,394560,-32.355347
2032009,394529,-32.355347
2037009,394498,-32.355347
2042009,394468,-31.311628
2047009,394437,-32.355347
2052009,394406,-32.355347
2057009,394375,-32.355347
2062009,394345,-31.311628
2067009,394314,-32.355347
2072009,394283,-32.355347
2077009,394252,-32.355347
2082009,394222,-31.311628
2087009,394191,-32.355347
2092009,394160,-32.355347
2097009,394129,-32.355347
2102009,394098,-32.355347
2107009,394067,-32.355347
2112009,394037,-31.311628
2117009,394006,-32.355347
2122009,393975,-32.355347
2127009,393944,-32.355347
2132009,393913,-32.355347
2137009,393883,-31.311628
2142009,393852,-32.355347
2147009,393821,-32.355347
2152009,393790,-32.355347
2157009,393759,-32.355347
2162009,393728,-32.355347
2167009,393697,-32.355347
2172009,393667,-31.311628
2177009,393636,-32.355347
2182009,393605,-32.355347
2187009,393574,-32.355347
2192009,393543,-32.355347
2197009,393512,-32.355347
2202009,393481,-32.355347
2207009,393451,-31.311628
2212009,393420,-32.355347
2217009,393389,-32.355347
2222009,393358,-32.355347
2227009,393327,-32.355347
2232009,393296,-32.355347
2237009,393265,-32.355347
2242009,393235,-31.311628
2247009,393204,-32.355347
2252009,393173,-32.355347
2257009,393142,-32.355347
2262009,393111,-32.355347
2267009,393081,-31.311628
2272009,393050,-32.355347
2277009,393019,-32.355347
2282009,392988,-32.355347
2287009,392957,-32.355347
2292009,392926,-32.355347
2297009,392896,-31.311628
2302009,392865,-32.355347
2307009,392834,-32.355347
2312009,392803,-32.355347
2317009,392773,-31.311628
2322009,392742,-32.355347
2327009,392711,-32.355347
2332009,392681,-31.311628
2337009,392650,-32.355347
2342009,392619,-32.355347
2347009,392589,-31.311628
2352009,392558,-32.355347
2357009,392527,-32.355347
2362009,392496,-32.355347
2367009,392466,-31.311628
2372009,392435,-32.355347
2377009,392404,-32.355347
2382009,392374,-31.311628
2387009,392343,-32.355347
2392009,392312,-32.355347
2397009,392281,-32.355347
2402009,392250,-32.355347
2407009,392220,-31.311628
2412009,392189,-32.355347
2417009,392158,-32.355347
2422009,392127,-32.355347
2427009,392097,-31.311628
2432009,392066,-32.355347
2437009,392035,-32.355347
2442009,392005,-31.311628
2447009,391974,-32.355347
2452009,391943,-32.355347
2457009,391912,-32.355347
2462009,391881,-32.355347
2467009,391850,-32.355347
2472009,391820,-31.311628
2477009,391789,-32.355347
2482009,391758,-32.355347
2487009,391727,-32.355347
2492009,391697,-31.311628
2497009,391666,-32.355347
2502009,391635,-32.355347
2507009,391604,-32.355347
2512009,391574,-31.311628
2517009,391543,-32.355347
2522009,391512,-32.355347
2527009,391481,-32.355347
2532009,391450,-32.355347
2537009,391420,-31.311628
2542009,391389,-32.355347
2547009,391358,-32.355347
2552009,391327,-32.355347
2557009,391297,-31.311628
2562009,391266,-32.355347
2567009,391235,-32.355347
2572009,391204,-32.355347
2577009,391173,-32.355347
2582009,391143,-31.311628
2587009,391112,-32.355347
2592009,391081,-32.355347
2597009,391050,-32.355347
2602009,391019,-32.355347
2607009,390989,-31.311628
2612009,390958,-32.355347
2617009,390927,-32.355347
2622009,390896,-32.355347
2627009,390866,-31.311628
2632009,390835,-32.355347
2637009,390804,-32.355347
2642009,390773,-32.355347
2647009,390742,-32.355347
2652009,390712,-31.311628
2657009,390681,-32.355347
2662009,390650,-32.355347
2667009,390619,-32.355347
2672009,390588,-32.355347
2677009,390557,-32.355347
2682009,390527,-31.311628
2687009,390496,-32.355347
2692009,390465,-32.355347
2697009,390434,-32.355347
2702009,390403,-32.355347
2707009,390373,-31.311628
2712009,390342,-32.355347
2717009,390311,-32.355347
2722009,390280,-32.355347
2727009,390249,-32.355347
2732009,390219,-31.311628
2737009,390188,-32.355347
2742009,390157,-32.355347
2747009,390127,-31.311628
2752009,390096,-32.355347
2757009,390065,-32.355347
2762009,390034,-32.355347
2767009,390003,-32.355347
2772009,389973,-31.311628
2777009,389942,-32.355347
2782009,389911,-32.355347
2787009,389880,-32.355347
2792009,389849,-32.355347
2797009,389818,-32.355347
2802009,389787,-32.355347
2807009,389756,-32.355347
2812009,389725,-32.355347
2817009,389695,-31.311628
2822009,389664,-32.355347
2827009,389633,-32.355347
2832009,389602,-32.355347
2837009,389571,-32.355347
2842009,389540,-32.355347
2847009,389509,-32.355347
2852009,389479,-31.311628
2857009,389448,-32.355347
2862009,389417,-32.355347
2867009,389386,-32.355347
2872009,389355,-32.355347
2877009,389324,-32.355347
2882009,389293,-32.355347
2887009,389262,-32.355347
2892009,389231,-32.355347
2897009,389201,-31.311628
2902009,389170,-32.355347
2907009,389139,-32.355347
2912009,389108,-32.355347
2917009,389077,-32.355347
2922009,389047,-31.311628
2927009,389016,-32.355347
2932009,388985,-32.355347
2937009,388954,-32.355347
2942009,388923,-32.355347
2947009,388892,-32.355347
2952009,388861,-32.355347
2957009,388831,-31.311628
2962009,388800,-32.355347
2967009,388769,-32.355347
2972009,388738,-32.355347
2977009,388707,-32.355347
2982009,388677,-31.311628
2987009,388646,-32.355347
2992009,388615,-32.355347
2997009,388584,-32.355347
3002009,388553,-32.355347
3007009,388523,-31.311628
3012009,388492,-32.355347
3017009,388461,-32.355347
3022009,388430,-32.355347
3027009,388399,-32.355347
3032009,388369,-31.311628
3037009,388338,-32.355347
3042009,388307,-32.355347
3047009,388276,-32.355347
3052009,388245,-32.355347
3057009,388215,-31.311628
3062009,388184,-32.355347
3067009,388153,-32.355347
3072009,388122,-32.355347
3077009,388091,-32.355347
3082009,388061,-31.311628
3087009,388030,-32.355347
3092009,387999,-32.355347
3097009,387968,-32.355347
3102009,387937,-32.355347
3107009,387906,-32.355347
3112009,387876,-31.311628
3117009,387845,-32.355347
3122009,387814,-32.355347
3127009,387784,-31.311628
3132009,387753,-32.355347
3137009,387722,-32.355347
3142009,387691,-32.355347
3147009,387661,-31.311628
3152009,387630,-32.355347
3157009,387599,-32.355347
3162009,387569,-31.311628
3167009,387538,-32.355347
3172009,387507,-32.355347
3177009,387476,-32.355347
3182009,387445,-32.355347
3187009,387415,-31.311628
3192009,387384,-32.355347
3197009,387353,-32.355347
3202009,387322,-32.355347
3207009,387292,-31.311628
3212009,387261,-32.355347
3217009,387230,-32.355347
3222009,387199,-32.355347
3227009,387168,-32.355347
3232009,387138,-31.311628
3237009,387107,-32.355347
3242009,387076,-32.355347
3247009,387045,-32.355347
3252009,387014,-32.355347
3257009,386983,-32.355347
3262009,386953,-31.311628
3267009,386922,-32.355347
3272009,386891,-32.355347
3277009,386860,-32.355347
3282009,386830,-31.311628
3287009,386799,-32.355347
3292009,386768,-32.355347
3297009,386737,-32.355347
3302009,386707,-31.311628
3307009,386676,-32.355347
3312009,386645,-32.355347
3317009,386615,-31.311628
3322009,386584,-32.355347
3327009,386553,-32.355347
3332009,386523,-31.311628
3337009,386492,-32.355347
3342009,386461,-32.355347
3347009,386431,-31.311628
3352009,386400,-32.355347
3357009,386369,-32.355347
3362009,386339,-31.311628
3367009,386308,-32.355347
3372009,386277,-32.355347
3377009,386247,-31.311628
3382009,386216,-32.355347
3387009,386185,-32.355347
3392009,386155,-31.311628
3397009,386124,-32.355347
3402009,386093,-32.355347
3407009,386063,-31.311628
3412009,386032,-32.355347
3417009,386001,-32.355347
3422009,385970,-32.355347
3427009,385940,-31.311628
3432009,385909,-32.355347
3437009,385878,-32.355347
3442009,385847,-32.355347
3447009,385817,-31.311628
3452009,385786,-32.355347
3457009,385755,-32.355347
3462009,385725,-31.311628
3467009,385694,-32.355347
3472009,385663,-32.355347
3477009,385632,-32.355347
3482009,385601,-32.355347
3487009,385571,-31.311628
3492009,385540,-32.355347
3497009,385509,-32.355347
3502009,385478,-32.355347
3507009,385447,-32.355347
3512009,385417,-31.311628
3517009,385386,-32.355347
3522009,385355,-32.355347
3527009,385324,-32.355347
3532009,385294,-31.311628
3537009,385263,-32.355347
3542009,385232,-32.355347
3547009,385202,-31.311628
3552009,385171,-32.355347
3557009,385140,-32.355347
3562009,385109,-32.355347
3567009,385079,-31.311628
3572009,385048,-32.355347
3577009,385017,-32.355347
3582009,384987,-31.311628
3587009,384956,-32.355347
3592009,384925,-32.355347
3597009,384894,-32.355347
3602009,384864,-31.311628
3607009,384833,-32.355347
3612009,384802,-32.355347
3617009,384772,-31.311628
3622009,384741,-32.355347
3627009,384711,-31.311628
3632009,384680,-32.355347
3637009,384649,-32.355347
3642009,384619,-31.311628
3647009,384588,-32.355347
3652009,384557,-32.355347
3657009,384526,-32.355347
3662009,384496,-31.311628
3667009,384465,-32.355347
3672009,384435,-31.311628
3677009,384404,-32.355347
3682009,384373,-32.355347
3687009,384343,-31.311628
3692009,384312,-32.355347
3697009,384281,-32.355347
3702009,384251,-31.311628
3707009,384220,-32.355347
3712009,384190,-31.311628
3717009,384159,-32.355347
3722009,384129,-31.311628
3727009,384098,-32.355347
3732009,384067,-32.355347
3737009,384037,-31.311628
3742009,384006,-32.355347
3747009,383976,-31.311628
3752009,383945,-32.355347
3757009,383914,-32.355347
3762009,383884,-31.311628
3767009,383853,-32.355347
3772009,383822,-32.355347
3777009,383792,-31.311628
3782009,383761,-32.355347
3787009,383730,-32.355347
3792009,383700,-31.311628
3797009,383669,-32.355347
3802009,383638,-32.355347
3807009,383608,-31.311628
3812009,383577,-32.355347
3817009,383547,-31.311628
3822009,383516,-32.355347
3827009,383485,-32.355347
3832009,383455,-31.311628
3837009,383424,-32.355347
3842009,383393,-32.355347
3847009,383363,-31.311628
3852009,383332,-32.355347
3857009,383301,-32.355347
3862009,383271,-31.311628
3867009,383240,-32.355347
3872009,383209,-32.355347
3877009,383179,-31.311628
3882009,383148,-32.355347
3887009,383117,-32.355347
3892009,383086,-32.355347
3897009,383056,-31.311628
3902009,383025,-32.355347
3907009,382994,-32.355347
3912009,382963,-32.355347
3917009,382933,-31.311628
3922009,382902,-32.355347
3927009,382871,-32.355347
3932009,382840,-32.355347
3937009,382810,-31.311628
3942009,382779,-32.355347
3947009,382748,-32.355347
3952009,382718,-31.311628
3957009,382687,-32.355347
3962009,382656,-32.355347
3967009,382626,-31.311628
3972009,382595,-32.355347
3977009,382564,-32.355347
3982009,382533,-32.355347
3987009,382503,-31.311628
3992009,382472,-32.355347
3997009,382441,-32.355347
4002009,382410,-32.355347
4007009,382379,-32.355347
4012009,382349,-31.311628
4017009,382318,-32.355347
4022009,382287,-32.355347
4027009,382257,-31.311628
4032009,382226,-32.355347
4037009,382196,-31.311628
4042009,382165,-32.355347
4047009,382134,-32.355347
4052009,382104,-31.311628
4057009,382073,-32.355347
4062009,382043,-31.311628
4067009,382012,-32.355347
4072009,381981,-32.355347
4077009,381951,-31.311628
4082009,381920,-32.355347
4087009,381889,-32.355347
4092009,381859,-31.311628
4097009,381828,-32.355347
4102009,381797,-32.355347
4107009,381767,-31.311628
4112009,381736,-32.355347
4117009,381705,-32.355347
4122009,381675,-31.311628
4127009,381644,-32.355347
4132009,381614,-31.311628
4137009,381583,-32.355347
4142009,381552,-32.355347
4147009,381522,-31.311628
4152009,381491,-32.355347
4157009,381461,-31.311628
4162009,381430,-32.355347
4167009,381399,-32.355347
4172009,381369,-31.311628
4177009,381338,-32.355347
4182009,381308,-31.311628
4187009,381277,-32.355347
4192009,381246,-32.355347
4197009,381216,-31.311628
4202009,381185,-32.355347
4207009,381155,-31.311628
4212009,381124,-32.355347
4217009,381093,-32.355347
4222009,381063,-31.311628
4227009,381032,-32.355347
4232009,381001,-32.355347
4237009,380971,-31.311628
4242009,380940,-32.355347
4247009,380909,-32.355347
4252009,380879,-31.311628
4257009,380848,-32.355347
4262009,380817,-32.355347
4267009,380786,-32.355347
4272009,380756,-31.311628
4277009,380725,-32.355347
4282009,380694,-32.355347
4287009,380663,-32.355347
4292009,380633,-31.311628
4297009,380602,-32.355347
4302009,380571,-32.355347
4307009,380540,-32.355347
4312009,380509,-32.355347
4317009,380479,-31.311628
4322009,380448,-32.355347
4327009,380417,-32.355347
4332009,380386,-32.355347
4337009,380355,-32.355347
4342009,380325,-31.311628
4347009,380294,-32.355347
4352009,380263,-32.355347
4357009,380233,-31.311628
4362009,380202,-32.355347
4367009,380171,-32.355347
4372009,380140,-32.355347
4377009,380109,-32.355347
4382009,380079,-31.311628
4387009,380048,-32.355347
4392009,380017,-32.355347
4397009,379986,-32.355347
4402009,379955,-32.355347
4407009,379925,-31.311628
4412009,379894,-32.355347
4417009,379863,-32.355347
4422009,379832,-32.355347
4427009,379802,-31.311628
4432009,379771,-32.355347
4437009,379740,-32.355347
4442009,379709,-32.355347
4447009,379679,-31.311628
4452009,379648,-32.355347
4457009,379617,-32.355347
4462009,379586,-32.355347
4467009,379556,-31.311628
4472009,379525,-32.355347
4477009,379494,-32.355347
4482009,379464,-31.311628
4487009,379433,-32.355347
4492009,379402,-32.355347
4497009,379371,-32.355347
4502009,379341,-31.311628
4507009,379310,-32.355347
4512009,379279,-32.355347
4517009,379249,-31.311628
4522009,379218,-32.355347
4527009,379187,-32.355347
4532009,379156,-32.355347
4537009,379126,-31.311628
4542009,379095,-32.355347
4547009,379064,-32.355347
4552009,379033,-32.355347
4557009,379002,-32.355347
4562009,378972,-31.311628
4567009,378941,-32.355347
4572009,378910,-32.355347
4577009,378879,-32.355347
4582009,378848,-32.355347
4587009,378817,-32.355347
4592009,378787,-31.311628
4597009,378756,-32.355347
4602009,378725,-32.355347
4607009,378694,-32.355347
4612009,378663,-32.355347
4617009,378633,-31.311628
4622009,378602,-32.355347
4627009,378571,-32.355347
4632009,378540,-32.355347
4637009,378509,-32.355347
4642009,378479,-31.311628
4647009,378448,-32.355347
4652009,378417,-32.355347
4657009,378387,-31.311628
4662009,378356,-32.355347
4667009,378325,-32.355347
4672009,378294,-32.355347
4677009,378264,-31.311628
4682009,378233,-32.355347
4687009,378202,-32.355347
4692009,378171,-32.355347
4697009,378141,-31.311628
4702009,378110,-32.355347
4707009,378079,-32.355347
4712009,378048,-32.355347
4717009,378017,-32.355347
4722009,377987,-31.311628
4727009,377956,-32.355347
4732009,377925,-32.355347
4737009,377894,-32.355347
4742009,377864,-31.311628
4747009,377833,-32.355347
4752009,377802,-32.355347
4757009,377771,-32.355347
4762009,377740,-32.355347
4767009,377709,-32.355347
4772009,377679,-31.311628
4777009,377648,-32.355347
4782009,377617,-32.355347
4787009,377586,-32.355347
4792009,377555,-32.355347
4797009,377525,-31.311628
4802009,377494,-32.355347
4807009,377463,-32.355347
4812009,377432,-32.355347
4817009,377401,-32.355347
4822009,377370,-32.355347
4827009,377339,-32.355347
4832009,377308,-32.355347
4837009,377278,-31.311628
4842009,377247,-32.355347
4847009,377216,-32.355347
4852009,377185,-32.355347
4857009,377154,-32.355347
4862009,377123,-32.355347
4867009,377092,-32.355347
4872009,377062,-31.311628
4877009,377031,-32.355347
4882009,377000,-32.355347
4887009,376969,-32.355347
4892009,376938,-32.355347
4897009,376907,-32.355347
4902009,376876,-32.355347
4907009,376845,-32.355347
4912009,376814,-32.355347
4917009,376783,-32.355347
4922009,376752,-32.355347
4927009,376721,-32.355347
4932009,376691,-31.311628
4937009,376660,-32.355347
4942009,376629,-32.355347
4947009,376598,-32.355347
4952009,376567,-32.355347
4957009,376536,-32.355347
4962009,376505,-32.355347
4967009,376474,-32.355347
4972009,376443,-32.355347
4977009,376412,-32.355347
4982009,376381,-32.355347
4987009,376351,-31.311628
4992009,376320,-32.355347
4997009,376289,-32.355347
5002009,376258,-32.355347
5007009,376227,-32.355347
5012009,376196,-32.355347
5017009,376165,-32.355347
5022009,376134,-32.355347
5027009,376103,-32.355347
5032009,376072,-32.355347
5037009,376041,-32.355347
5042009,376010,-32.355347
5047009,375979,-32.355347
5052009,375948,-32.355347
5057009,375917,-32.355347
5062009,375887,-31.311628
5067009,375856,-32.355347
5072009,375825,-32.355347
5077009,375794,-32.355347
5082009,375763,-32.355347
5087009,375732,-32.355347
5092009,375701,-32.355347
5097009,375671,-31.311628
5102009,375640,-32.355347
5107009,375609,-32.355347
5112009,375578,-32.355347
5117009,375547,-32.355347
5122009,375516,-32.355347
5127009,375485,-32.355347
5132009,375454,-32.355347
5137009,375423,-32.355347
5142009,375392,-32.355347
5147009,375362,-31.311628
5152009,375331,-32.355347
5157009,375300,-32.355347
5162009,375269,-32.355347
5167009,375238,-32.355347
5172009,375207,-32.355347
5177009,375176,-32.355347
5182009,375145,-32.355347
5187009,375115,-31.311628
5192009,375084,-32.355347
5197009,375053,-32.355347
5202009,375022,-32.355347
5207009,374991,-32.355347
5212009,374960,-32.355347
5217009,374929,-32.355347
5222009,374898,-32.355347
5227009,374868,-31.311628
5232009,374837,-32.355347
5237009,374806,-32.355347
5242009,374775,-32.355347
5247009,374744,-32.355347
5252009,374713,-32.355347
5257009,374682,-32.355347
5262009,374652,-31.311628
5267009,374621,-32.355347
5272009,374590,-32.355347
5277009,374559,-32.355347
5282009,374528,-32.355347
5287009,374497,-32.355347
5292009,374467,-31.311628
5297009,374436,-32.355347
5302009,374405,-32.355347
5307009,374374,-32.355347
5312009,374343,-32.355347
5317009,374312,-32.355347
5322009,374281,-32.355347
5327009,374250,-32.355347
5332009,374220,-31.311628
5337009,374189,-32.355347
5342009,374158,-32.355347
5347009,374127,-32.355347
5352009,374096,-32.355347
5357009,374065,-32.355347
5362009,374034,-32.355347
5367009,374003,-32.355347
5372009,373972,-32.355347
5377009,373941,-32.355347
5382009,373910,-32.355347
5387009,373879,-32.355347
5392009,373848,-32.355347
5397009,373817,-32.355347
5402009,373786,-32.355347
5407009,373755,-32.355347
5412009,373724,-32.355347
5417009,373693,-32.355347
5422009,373662,-32.355347
5427009,373631,-32.355347
5432009,373600,-32.355347
5437009,373569,-32.355347
5442009,373538,-32.355347
5447009,373507,-32.355347
5452009,373476,-32.355347
5457009,373445,-32.355347
5462009,373415,-31.311628
5467009,373384,-32.355347
5472009,373353,-32.355347
5477009,373322,-32.355347
5482009,373291,-32.355347
5487009,373260,-32.355347
5492009,373229,-32.355347
5497009,373198,-32.355347
5502009,373167,-32.355347
5507009,373136,-32.355347
5512009,373105,-32.355347
5517009,373074,-32.355347
5522009,373043,-32.355347
5527009,373012,-32.355347
5532009,372981,-32.355347
5537009,372950,-32.355347
5542009,372919,-32.355347
5547009,372888,-32.355347
5552009,372857,-32.355347
5557009,372826,-32.355347
5562009,372795,-32.355347
5567009,372764,-32.355347
5572009,372733,-32.355347
5577009,372702,-32.355347
5582009,372671,-32.355347
5587009,372640,-32.355347
5592009,372609,-32.355347
5597009,372578,-32.355347
5602009,372547,-32.355347
5607009,372516,-32.355347
5612009,372485,-32.355347
5617009,372454,-32.355347
5622009,372423,-32.355347
5627009,372392,-32.355347
5632009,372361,-32.355347
5637009,372330,-32.355347
5642009,372299,-32.355347
5647009,372268,-32.355347
5652009,372237,-32.355347
5657009,372206,-32.355347
5662009,372175,-32.355347
5667009,372144,-32.355347
5672009,372113,-32.355347
5677009,372082,-32.355347
5682009,372051,-32.355347
5687009,372020,-32.355347
5692009,371989,-32.355347
5697009,371958,-32.355347
5702009,371927,-32.355347
5707009,371896,-32.355347
5712009,371865,-32.355347
5717009,371834,-32.355347
5722009,371803,-32.355347
5727009,371772,-32.355347
5732009,371741,-32.355347
5737009,371710,-32.355347
5742009,371679,-32.355347
5747009,371648,-32.355347
5752009,371617,-32.355347
5757009,371586,-32.355347
5762009,371555,-32.355347
5767009,371525,-31.311628
5772009,371494,-32.355347
5777009,371463,-32.355347
5782009,371432,-32.355347
5787009,371401,-32.355347
5792009,371370,-32.355347
5797009,371339,-32.355347
5802009,371308,-32.355347
5807009,371277,-32.355347
5812009,371246,-32.355347
5817009,371215,-32.355347
5822009,371184,-32.355347
5827009,371153,-32.355347
5832009,371122,-32.355347
5837009,371091,-32.355347
5842009,371060,-32.355347
5847009,371029,-32.355347
5852009,370998,-32.355347
5857009,370967,-32.355347
5862009,370936,-32.355347
5867009,370905,-32.355347
5872009,370874,-32.355347
5877009,370843,-32.355347
5882009,370812,-32.355347
5887009,370781,-32.355347
5892009,370750,-32.355347
5897009,370719,-32.355347
5902009,370688,-32.355347
5907009,370657,-32.355347
5912009,370626,-32.355347
5917009,370595,-32.355347
5922009,370564,-32.355347
5927009,370533,-32.355347
5932009,370501,-33.399071
5937009,370471,-31.311628
5942009,370440,-32.355347
5947009,370409,-32.355347
5952009,370378,-32.355347
5957009,370347,-32.355347
5962009,370316,-32.355347
5967009,370285,-32.355347
5972009,370254,-32.355347
5977009,370223,-32.355347
5982009,370192,-32.355347
5987009,370161,-32.355347
5992009,370130,-32.355347
5997009,370099,-32.355347
6002009,370068,-32.355347
6007009,370037,-32.355347
6012009,370006,-32.355347
6017009,369975,-32.355347
6022009,369944,-32.355347
6027009,369913,-32.355347
6032009,369882,-32.355347
6037009,369851,-32.355347
6042009,369820,-32.355347
6047009,369789,-32.355347
6052009,369758,-32.355347
6057009,369727,-32.355347
6062009,369696,-32.355347
6067009,369665,-32.355347
6072009,369634,-32.355347
6077009,369603,-32.355347
6082009,369572,-32.355347
6087009,369541,-32.355347
6092009,369510,-32.355347
6097009,369479,-32.355347
6102009,369448,-32.355347
6107009,369416,-33.399071
6112009,369385,-32.355347
6117009,369354,-32.355347
6122009,369323,-32.355347
6127009,369292,-32.355347
6132009,369261,-32.355347
6137009,369230,-32.355347
6142009,369199,-32.355347
6147009,369168,-32.355347
6152009,369137,-32.355347
6157009,369106,-32.355347
6162009,369075,-32.355347
6167009,369044,-32.355347
6172009,369013,-32.355347
6177009,368982,-32.355347
6182009,368951,-32.355347
6187009,368920,-32.355347
6192009,368889,-32.355347
6197009,368858,-32.355347
6202009,368828,-31.311628
6207009,368797,-32.355347
6212009,368766,-32.355347
6217009,368735,-32.355347
6222009,368704,-32.355347
6227009,368673,-32.355347
6232009,368642,-32.355347
6237009,368611,-32.355347
6242009,368580,-32.355347
6247009,368549,-32.355347
6252009,368518,-32.355347
6257009,368487,-32.355347
6262009,368456,-32.355347
6267009,368425,-32.355347
6272009,368394,-32.355347
6277009,368363,-32.355347
6282009,368332,-32.355347
6287009,368301,-32.355347
6292009,368270,-32.355347
6297009,368239,-32.355347
6302009,368208,-32.355347
6307009,368177,-32.355347
6312009,368146,-32.355347
6317009,368115,-32.355347
6322009,368084,-32.355347
6327009,368053,-32.355347
6332009,368021,-33.399071
6337009,367991,-31.311628
6342009,367960,-32.355347
6347009,367929,-32.355347
6352009,367898,-32.355347
6357009,367867,-32.355347
6362009,367836,-32.355347
6367009,367805,-32.355347
6372009,367774,-32.355347
6377009,367743,-32.355347
6382009,367712,-32.355347
6387009,367681,-32.355347
6392009,367650,-32.355347
6397009,367619,-32.355347
6402009,367588,-32.355347
6407009,367557,-32.355347
6412009,367526,-32.355347
6417009,367495,-32.355347
6422009,367464,-32.355347
6427009,367433,-32.355347
6432009,367402,-32.355347
6437009,367371,-32.355347
6442009,367340,-32.355347
6447009,367309,-32.355347
6452009,367278,-32.355347
6457009,367247,-32.355347
6462009,367216,-32.355347
6467009,367185,-32.355347
6472009,367154,-32.355347
6477009,367123,-32.355347
6482009,367092,-32.355347
6487009,367061,-32.355347
6492009,367030,-32.355347
6497009,366999,-32.355347
6502009,366968,-32.355347
6507009,366937,-32.355347
6512009,366906,-32.355347
6517009,366875,-32.355347
6522009,366844,-32.355347
6527009,366813,-32.355347
6532009,366782,-32.355347
6537009,366751,-32.355347
6542009,366720,-32.355347
6547009,366689,-32.355347
6552009,366658,-32.355347
6557009,366627,-32.355347
6562009,366596,-32.355347
6567009,366565,-32.355347
6572009,366534,-32.355347
6577009,366503,-32.355347
6582009,366472,-32.355347
6587009,366441,-32.355347
6592009,366410,-32.355347
6597009,366379,-32.355347
6602009,366348,-32.355347
6607009,366317,-32.355347
6612009,366286,-32.355347
6617009,366255,-32.355347
6622009,366224,-32.355347
6627009,366193,-32.355347
6632009,366161,-33.399071
6637009,366131,-31.311628
6642009,366099,-33.399071
6647009,366068,-32.355347
6652009,366037,-32.355347
6657009,366006,-32.355347
6662009,365975,-32.355347
6667009,365944,-32.355347
6672009,365913,-32.355347
6677009,365882,-32.355347
6682009,365851,-32.355347
6687009,365820,-32.355347
6692009,365789,-32.355347
6697009,365758,-32.355347
6702009,365727,-32.355347
6707009,365696,-32.355347
6712009,365665,-32.355347
6717009,365634,-32.355347
6722009,365603,-32.355347
6727009,365572,-32.355347
6732009,365541,-32.355347
6737009,365510,-32.355347
6742009,365479,-32.355347
6747009,365448,-32.355347
6752009,365417,-32.355347
6757009,365386,-32.355347
6762009,365355,-32.355347
6767009,365324,-32.355347
6772009,365293,-32.355347
6777009,365263,-31.311628
6782009,365232,-32.355347
6787009,365201,-32.355347
6792009,365170,-32.355347
6797009,365139,-32.355347
6802009,365108,-32.355347
6807009,365078,-31.311628
6812009,365047,-32.355347
6817009,365016,-32.355347
6822009,364985,-32.355347
6827009,364954,-32.355347
6832009,364924,-31.311628
6837009,364893,-32.355347
6842009,364862,-32.355347
6847009,364831,-32.355347
6852009,364801,-31.311628
6857009,364770,-32.355347
6862009,364739,-32.355347
6867009,364708,-32.355347
6872009,364678,-31.311628
6877009,364647,-32.355347
6882009,364616,-32.355347
6887009,364585,-32.355347
6892009,364554,-32.355347
6897009,364523,-32.355347
6902009,364493,-31.311628
6907009,364462,-32.355347
6912009,364431,-32.355347
6917009,364400,-32.355347
6922009,364369,-32.355347
6927009,364338,-32.355347
6932009,364307,-32.355347
6937009,364276,-32.355347
6942009,364245,-32.355347
6947009,364215,-31.311628
6952009,364183,-33.399071
6957009,364153,-31.311628
6962009,364122,-32.355347
6967009,364091,-32.355347
6972009,364060,-32.355347
6977009,364029,-32.355347
6982009,363998,-32.355347
6987009,363967,-32.355347
6992009,363936,-32.355347
6997009,363905,-32.355347
7002009,363874,-32.355347
7007009,363843,-32.355347
7012009,363812,-32.355347
7017009,363781,-32.355347
7022009,363750,-32.355347
7027009,363719,-32.355347
7032009,363688,-32.355347
7037009,363657,-32.355347
7042009,363626,-32.355347
7047009,363595,-32.355347
7052009,363565,-31.311628
7057009,363533,-33.399071
7062009,363502,-32.355347
7067009,363471,-32.355347
7072009,363440,-32.355347
7077009,363409,-32.355347
7082009,363378,-32.355347
7087009,363347,-32.355347
7092009,363316,-32.355347
7097009,363285,-32.355347
7102009,363254,-32.355347
7107009,363223,-32.355347
7112009,363192,-32.355347
7117009,363161,-32.355347
7122009,363130,-32.355347
7127009,363099,-32.355347
7132009,363068,-32.355347
7137009,363037,-32.355347
7142009,363006,-32.355347
7147009,362975,-32.355347
7152009,362944,-32.355347
7157009,362913,-32.355347
7162009,362882,-32.355347
7167009,362851,-32.355347
7172009,362820,-32.355347
7177009,362789,-32.355347
7182009,362758,-32.355347
7187009,362727,-32.355347
7192009,362696,-32.355347
7197009,362665,-32.355347
7202009,362634,-32.355347
7207009,362603,-32.355347
7212009,362572,-32.355347
7217009,362541,-32.355347
7222009,362510,-32.355347
7227009,362479,-32.355347
7232009,362448,-32.355347
7237009,362417,-32.355347
7242009,362386,-32.355347
7247009,362355,-32.355347
7252009,362324,-32.355347
7257009,362293,-32.355347
7262009,362262,-32.355347
7267009,362231,-32.355347
7272009,362200,-32.355347
7277009,362169,-32.355347
7282009,362138,-32.355347
7287009,362107,-32.355347
7292009,362076,-32.355347
7297009,362045,-32.355347
7302009,362014,-32.355347
7307009,361983,-32.355347
7312009,361952,-32.355347
7317009,361921,-32.355347
7322009,361890,-32.355347
7327009,361859,-32.355347
7332009,361828,-32.355347
7337009,361797,-32.355347
7342009,361766,-32.355347
7347009,361735,-32.355347
7352009,361704,-32.355347
7357009,361673,-32.355347
7362009,361642,-32.355347
7367009,361611,-32.355347
7372009,361580,-32.355347
7377009,361549,-32.355347
7382009,361517,-33.399071
7387009,361486,-32.355347
7392009,361455,-32.355347
7397009,361424,-32.355347
7402009,361393,-32.355347
7407009,361362,-32.355347
7412009,361331,-32.355347
7417009,361300,-32.355347
7422009,361269,-32.355347
7427009,361238,-32.355347
7432009,361207,-32.355347
7437009,361176,-32.355347
7442009,361145,-32.355347
7447009,361114,-32.355347
7452009,361083,-32.355347
7457009,361052,-32.355347
7462009,361021,-32.355347
7467009,360990,-32.355347
7472009,360959,-32.355347
7477009,360928,-32.355347
7482009,360897,-32.355347
7487009,360866,-32.355347
7492009,360835,-32.355347
7497009,360804,-32.355347
7502009,360773,-32.355347
7507009,360742,-32.355347
7512009,360711,-32.355347
7517009,360680,-32.355347
7522009,360649,-32.355347
7527009,360618,-32.355347
7532009,360587,-32.355347
7537009,360556,-32.355347
7542009,360525,-32.355347
7547009,360494,-32.355347
7552009,360463,-32.355347
7557009,360432,-32.355347
7562009,360401,-32.355347
7567009,360370,-32.355347
7572009,360339,-32.355347
7577009,360308,-32.355347
7582009,360277,-32.355347
7587009,360246,-32.355347
7592009,360215,-32.355347
7597009,360184,-32.355347
7602009,360153,-32.355347
7607009,360122,-32.355347
7612009,360091,-32.355347
7617009,360060,-32.355347
7622009,360029,-32.355347
7627009,359998,-32.355347
7632009,359967,-32.355347
7637009,359936,-32.355347
7642009,359905,-32.355347
7647009,359873,-33.399071
7652009,359842,-32.355347
7657009,359811,-32.355347
7662009,359780,-32.355347
7667009,359749,-32.355347
7672009,359718,-32.355347
7677009,359687,-32.355347
7682009,359656,-32.355347
7687009,359625,-32.355347
7692009,359594,-32.355347
7697009,359563,-32.355347
7702009,359532,-32.355347
7707009,359501,-32.355347
7712009,359470,-32.355347
7717009,359439,-32.355347
7722009,359408,-32.355347
7727009,359377,-32.355347
7732009,359346,-32.355347
7737009,359315,-32.355347
7742009,359284,-32.355347
7747009,359253,-32.355347
7752009,359222,-32.355347
7757009,359191,-32.355347
7762009,359160,-32.355347
7767009,359129,-32.355347
7772009,359098,-32.355347
7777009,359067,-32.355347
7782009,359037,-31.311628
7787009,359006,-32.355347
7792009,358975,-32.355347
7797009,358944,-32.355347
7802009,358913,-32.355347
7807009,358882,-32.355347
7812009,358851,-32.355347
7817009,358819,-33.399071
7822009,358788,-32.355347
7827009,358757,-32.355347
7832009,358726,-32.355347
7837009,358695,-32.355347
7842009,358664,-32.355347
7847009,358633,-32.355347
7852009,358602,-32.355347
7857009,358571,-32.355347
7862009,358540,-32.355347
7867009,358509,-32.355347
7872009,358478,-32.355347
7877009,358447,-32.355347
7882009,358416,-32.355347
7887009,358385,-32.355347
7892009,358354,-32.355347
7897009,358323,-32.355347
7902009,358292,-32.355347
7907009,358261,-32.355347
7912009,358229,-33.399071
7917009,358199,-31.311628
7922009,358168,-32.355347
7927009,358137,-32.355347
7932009,358106,-32.355347
7937009,358075,-32.355347
7942009,358044,-32.355347
7947009,358013,-32.355347
7952009,357982,-32.355347
7957009,357951,-32.355347
7962009,357919,-33.399071
7967009,357889,-31.311628
7972009,357858,-32.355347
7977009,357827,-32.355347
7982009,357796,-32.355347
7987009,357765,-32.355347
7992009,357734,-32.355347
7997009,357703,-32.355347
8002009,357672,-32.355347
8007009,357641,-32.355347
8012009,357610,-32.355347
8017009,357579,-32.355347
8022009,357548,-32.355347
8027009,357517,-32.355347
8032009,357486,-32.355347
8037009,357455,-32.355347
8042009,357424,-32.355347
8047009,357393,-32.355347
8052009,357362,-32.355347
8057009,357331,-32.355347
8062009,357300,-32.355347
8067009,357269,-32.355347
8072009,357238,-32.355347
8077009,357207,-32.355347
8082009,357176,-32.355347
8087009,357145,-32.355347
8092009,357114,-32.355347
8097009,357083,-32.355347
8102009,357051,-33.399071
8107009,357021,-31.311628
8112009,356990,-32.355347
8117009,356959,-32.355347
8122009,356928,-32.355347
8127009,356897,-32.355347
8132009,356865,-33.399071
8137009,356834,-32.355347
8142009,356803,-32.355347
8147009,356772,-32.355347
8152009,356741,-32.355347
8157009,356710,-32.355347
8162009,356679,-32.355347
8167009,356648,-32.355347
8172009,356617,-32.355347
8177009,356586,-32.355347
8182009,356555,-32.355347
8187009,356524,-32.355347
8192009,356493,-32.355347
8197009,356462,-32.355347
8202009,356431,-32.355347
8207009,356400,-32.355347
8212009,356369,-32.355347
8217009,356337,-33.399071
8222009,356306,-32.355347
8227009,356275,-32.355347
8232009,356244,-32.355347
8237009,356213,-32.355347
8242009,356182,-32.355347
8247009,356151,-32.355347
8252009,356120,-32.355347
8257009,356089,-32.355347
8262009,356058,-32.355347
8267009,356027,-32.355347
8272009,355996,-32.355347
8277009,355965,-32.355347
8282009,355933,-33.399071
8287009,355902,-32.355347
8292009,355871,-32.355347
8297009,355840,-32.355347
8302009,355809,-32.355347
8307009,355778,-32.355347
8312009,355747,-32.355347
8317009,355716,-32.355347
8322009,355685,-32.355347
8327009,355654,-32.355347
8332009,355623,-32.355347
8337009,355591,-33.399071
8342009,355560,-32.355347
8347009,355529,-32.355347
8352009,355498,-32.355347
8357009,355467,-32.355347
8362009,355436,-32.355347
8367009,355405,-32.355347
8372009,355374,-32.355347
8377009,355343,-32.355347
8382009,355312,-32.355347
8387009,355281,-32.355347
8392009,355250,-32.355347
8397009,355219,-32.355347
8402009,355188,-32.355347
8407009,355157,-32.355347
8412009,355126,-32.355347
8417009,355095,-32.355347
8422009,355064,-32.355347
8427009,355033,-32.355347
8432009,355002,-32.355347
8437009,354971,-32.355347
8442009,354940,-32.355347
8447009,354909,-32.355347
8452009,354878,-32.355347
8457009,354847,-32.355347
8462009,354816,-32.355347
8467009,354785,-32.355347
8472009,354754,-32.355347
8477009,354723,-32.355347
8482009,354692,-32.355347
8487009,354661,-32.355347
8492009,354629,-33.399071
8497009,354598,-32.355347
8502009,354567,-32.355347
8507009,354536,-32.355347
8512009,354505,-32.355347
8517009,354474,-32.355347
8522009,354443,-32.355347
8527009,354412,-32.355347
8532009,354381,-32.355347
8537009,354350,-32.355347
8542009,354319,-32.355347
8547009,354288,-32.355347
8552009,354257,-32.355347
8557009,354226,-32.355347
8562009,354195,-32.355347
8567009,354164,-32.355347
8572009,354133,-32.355347
8577009,354102,-32.355347
8582009,354071,-32.355347
8587009,354039,-33.399071
8592009,354008,-32.355347
8597009,353977,-32.355347
8602009,353946,-32.355347
8607009,353915,-32.355347
8612009,353884,-32.355347
8617009,353853,-32.355347
8622009,353822,-32.355347
8627009,353791,-32.355347
8632009,353760,-32.355347
8637009,353729,-32.355347
8642009,353698,-32.355347
8647009,353667,-32.355347
8652009,353636,-32.355347
8657009,353605,-32.355347
8662009,353573,-33.399071
8667009,353542,-32.355347
8672009,353511,-32.355347
8677009,353480,-32.355347
8682009,353449,-32.355347
8687009,353418,-32.355347
8692009,353387,-32.355347
8697009,353356,-32.355347
8702009,353325,-32.355347
8707009,353294,-32.355347
8712009,353263,-32.355347
8717009,353232,-32.355347
8722009,353201,-32.355347
8727009,353170,-32.355347
8732009,353139,-32.355347
8737009,353108,-32.355347
8742009,353077,-32.355347
8747009,353046,-32.355347
8752009,353015,-32.355347
8757009,352984,-32.355347
8762009,352953,-32.355347
8767009,352921,-33.399071
8772009,352890,-32.355347
8777009,352859,-32.355347
8782009,352828,-32.355347
8787009,352797,-32.355347
8792009,352766,-32.355347
8797009,352735,-32.355347
8802009,352704,-32.355347
8807009,352673,-32.355347
8812009,352642,-32.355347
8817009,352611,-32.355347
8822009,352580,-32.355347
8827009,352549,-32.355347
8832009,352518,-32.355347
8837009,352487,-32.355347
8842009,352455,-33.399071
8847009,352424,-32.355347
8852009,352393,-32.355347
8857009,352362,-32.355347
8862009,352331,-32.355347
8867009,352300,-32.355347
8872009,352269,-32.355347
8877009,352238,-32.355347
8882009,352207,-32.355347
8887009,352176,-32.355347
8892009,352145,-32.355347
8897009,352114,-32.355347
8902009,352083,-32.355347
8907009,352052,-32.355347
8912009,352021,-32.355347
8917009,351990,-32.355347
8922009,351959,-32.355347
8927009,351928,-32.355347
8932009,351897,-32.355347
8937009,351866,-32.355347
8942009,351835,-32.355347
8947009,351803,-33.399071
8952009,351773,-31.311628
8957009,351741,-33.399071
8962009,351710,-32.355347
8967009,351679,-32.355347
8972009,351649,-31.311628
8977009,351617,-33.399071
8982009,351587,-31.311628
8987009,351555,-33.399071
8992009,351525,-31.311628
8997009,351493,-33.399071
9002009,351462,-32.355347
9007009,351431,-32.355347
9012009,351400,-32.355347
9017009,351369,-32.355347
9022009,351338,-32.355347
9027009,351307,-32.355347
9032009,351276,-32.355347
9037009,351245,-32.355347
9042009,351214,-32.355347
9047009,351183,-32.355347
9052009,351152,-32.355347
9057009,351121,-32.355347
9062009,351090,-32.355347
9067009,351059,-32.355347
9072009,351028,-32.355347
9077009,350997,-32.355347
9082009,350966,-32.355347
9087009,350935,-32.355347
9092009,350904,-32.355347
9097009,350873,-32.355347
9102009,350842,-32.355347
9107009,350811,-32.355347
9112009,350780,-32.355347
9117009,350749,-32.355347
9122009,350718,-32.355347
9127009,350687,-32.355347
9132009,350656,-32.355347
9137009,350625,-32.355347
9142009,350594,-32.355347
9147009,350563,-32.355347
9152009,350532,-32.355347
9157009,350501,-32.355347
9162009,350469,-33.399071
9167009,350438,-32.355347
9172009,350407,-32.355347
9177009,350376,-32.355347
9182009,350345,-32.355347
9187009,350314,-32.355347
9192009,350283,-32.355347
9197009,350252,-32.355347
9202009,350221,-32.355347
9207009,350190,-32.355347
9212009,350159,-32.355347
9217009,350128,-32.355347
9222009,350097,-32.355347
9227009,350066,-32.355347
9232009,350035,-32.355347
9237009,350004,-32.355347
9242009,349973,-32.355347
9247009,349942,-32.355347
9252009,349911,-32.355347
9257009,349880,-32.355347
9262009,349849,-32.355347
9267009,349818,-32.355347
9272009,349787,-32.355347
9277009,349756,-32.355347
9282009,349725,-32.355347
9287009,349694,-32.355347
9292009,349663,-32.355347
9297009,349632,-32.355347
9302009,349601,-32.355347
9307009,349570,-32.355347
9312009,349539,-32.355347
9317009,349508,-32.355347
9322009,349477,-32.355347
9327009,349446,-32.355347
9332009,349415,-32.355347
9337009,349384,-32.355347
9342009,349353,-32.355347
9347009,349322,-32.355347
9352009,349291,-32.355347
9357009,349260,-32.355347
9362009,349229,-32.355347
9367009,349198,-32.355347
9372009,349167,-32.355347
9377009,349136,-32.355347
9382009,349105,-32.355347
9387009,349074,-32.355347
9392009,349043,-32.355347
9397009,349012,-32.355347
9402009,348981,-32.355347
9407009,348950,-32.355347
9412009,348919,-32.355347
9417009,348888,-32.355347
9422009,348857,-32.355347
9427009,348825,-33.399071
9432009,348794,-32.355347
9437009,348763,-32.355347
9442009,348732,-32.355347
9447009,348701,-32.355347
9452009,348670,-32.355347
9457009,348639,-32.355347
9462009,348608,-32.355347
9467009,348577,-32.355347
9472009,348546,-32.355347
9477009,348515,-32.355347
9482009,348484,-32.355347
9487009,348453,-32.355347
9492009,348422,-32.355347
9497009,348391,-32.355347
9502009,348360,-32.355347
9507009,348329,-32.355347
9512009,348298,-32.355347
9517009,348267,-32.355347
9522009,348236,-32.355347
9527009,348205,-32.355347
9532009,348174,-32.355347
9537009,348143,-32.355347
9542009,348112,-32.355347
9547009,348081,-32.355347
9552009,348050,-32.355347
9557009,348019,-32.355347
9562009,347988,-32.355347
9567009,347957,-32.355347
9572009,347926,-32.355347
9577009,347895,-32.355347
9582009,347864,-32.355347
9587009,347833,-32.355347
9592009,347801,-33.399071
9597009,347771,-31.311628
9602009,347739,-33.399071
9607009,347708,-32.355347
9612009,347677,-32.355347
9617009,347646,-32.355347
9622009,347615,-32.355347
9627009,347584,-32.355347
9632009,347553,-32.355347
9637009,347522,-32.355347
9642009,347491,-32.355347
9647009,347460,-32.355347
9652009,347429,-32.355347
9657009,347398,-32.355347
9662009,347367,-32.355347
9667009,347336,-32.355347
9672009,347305,-32.355347
9677009,347275,-31.311628
9682009,347244,-32.355347
9687009,347213,-32.355347
9692009,347182,-32.355347
9697009,347151,-32.355347
9702009,347120,-32.355347
9707009,347089,-32.355347
9712009,347058,-32.355347
9717009,347027,-32.355347
9722009,346996,-32.355347
9727009,346965,-32.355347
9732009,346934,-32.355347
9737009,346903,-32.355347
9742009,346872,-32.355347
9747009,346841,-32.355347
9752009,346810,-32.355347
9757009,346779,-32.355347
9762009,346748,-32.355347
9767009,346717,-32.355347
9772009,346686,-32.355347
9777009,346655,-32.355347
9782009,346624,-32.355347
9787009,346593,-32.355347
9792009,346562,-32.355347
9797009,346531,-32.355347
9802009,346500,-32.355347
9807009,346469,-32.355347
9812009,346438,-32.355347
9817009,346407,-32.355347
9822009,346376,-32.355347
9827009,346345,-32.355347
9832009,346314,-32.355347
9837009,346283,-32.355347
9842009,346252,-32.355347
9847009,346221,-32.355347
9852009,346190,-32.355347
9857009,346159,-32.355347
9862009,346128,-32.355347
9867009,346097,-32.355347
9872009,346066,-32.355347
9877009,346035,-32.355347
9882009,346004,-32.355347
9887009,345973,-32.355347
9892009,345942,-32.355347
9897009,345911,-32.355347
9902009,345880,-32.355347
9907009,345849,-32.355347
9912009,345818,-32.355347
9917009,345787,-32.355347
9922009,345756,-32.355347
9927009,345725,-32.355347
9932009,345694,-32.355347
9937009,345663,-32.355347
9942009,345632,-32.355347
9947009,345601,-32.355347
9952009,345570,-32.355347
9957009,345539,-32.355347
9962009,345508,-32.355347
9967009,345477,-32.355347
9972009,345446,-32.355347
9977009,345415,-32.355347
9982009,345384,-32.355347
9987009,345353,-32.355347
9992009,345322,-32.355347
9997009,345291,-32.355347
10002009,345260,-32.355347
10007009,345229,-32.355347
10012009,345198,-32.355347
10017009,345167,-32.355347
10022009,345136,-32.355347
10027009,345105,-32.355347
10032009,345074,-32.355347
10037009,345043,-32.355347
10042009,345012,-32.355347
10047009,344981,-32.355347
10052009,344950,-32.355347
10057009,344919,-32.355347
10062009,344888,-32.355347
10067009,344857,-32.355347
10072009,344826,-32.355347
10077009,344795,-32.355347
10082009,344764,-32.355347
10087009,344733,-32.355347
10092009,344702,-32.355347
10097009,344671,-32.355347
10102009,344640,-32.355347
10107009,344609,-32.355347
10112009,344578,-32.355347
10117009,344547,-32.355347
10122009,344516,-32.355347
10127009,344485,-32.355347
10132009,344454,-32.355347
10137009,344423,-32.355347
10142009,344392,-32.355347
10147009,344361,-32.355347
10152009,344329,-33.399071
10157009,344298,-32.355347
10162009,344267,-32.355347
10167009,344237,-31.311628
10172009,344206,-32.355347
10177009,344175,-32.355347
10182009,344144,-32.355347
10187009,344113,-32.355347
10192009,344082,-32.355347
10197009,344051,-32.355347
10202009,344020,-32.355347
10207009,343989,-32.355347
10212009,343958,-32.355347
10217009,343927,-32.355347
10222009,343896,-32.355347
10227009,343865,-32.355347
10232009,343834,-32.355347
10237009,343803,-32.355347
10242009,343772,-32.355347
10247009,343741,-32.355347
10252009,343710,-32.355347
10257009,343679,-32.355347
10262009,343648,-32.355347
10267009,343617,-32.355347
10272009,343585,-33.399071
10277009,343554,-32.355347
10282009,343523,-32.355347
10287009,343492,-32.355347
10292009,343461,-32.355347
10297009,343430,-32.355347
10302009,343399,-32.355347
10307009,343368,-32.355347
10312009,343337,-32.355347
