
Time_us,Position,Speed_rad_per_s
1312008,42678,0.000000
1317009,42675,-3.130537
1322009,42668,-7.306046
1327009,42656,-12.524651
1332009,42642,-14.612093
1337009,42624,-18.786976
1342009,42605,-19.830698
1347009,42583,-22.961861
1352009,42560,-24.005581
1357009,42536,-25.049301
1362009,42510,-27.136744
1367009,42484,-27.136744
1372009,42457,-28.180466
1377009,42429,-29.224186
1382009,42401,-29.224186
1387009,42372,-30.267906
1392009,42343,-30.267906
1397009,42313,-31.311628
1402009,42283,-31.311628
1407009,42253,-31.311628
1412009,42223,-31.311628
1417009,42193,-31.311628
1422009,42163,-31.311628
1427009,42132,-32.355347
1432009,42102,-31.311628
1437009,42071,-32.355347
1442009,42041,-31.311628
1447009,42010,-32.355347
1452009,41979,-32.355347
1457009,41948,-32.355347
1462009,41917,-32.355347
1467009,41886,-32.355347
1472009,41856,-31.311628
1477009,41825,-32.355347
1482009,41794,-32.355347
1487009,41763,-32.355347
1492009,41732,-32.355347
1497009,41701,-32.355347
1502009,41670,-32.355347
1507009,41639,-32.355347
1512009,41608,-32.355347
1517009,41577,-32.355347
1522009,41546,-32.355347
1527009,41514,-33.399071
1532009,41483,-32.355347
1537009,41452,-32.355347
1542009,41421,-32.355347
1547009,41390,-32.355347
1552009,41359,-32.355347
1557009,41328,-32.355347
1562009,41297,-32.355347
1567009,41266,-32.355347
1572009,41235,-32.355347
1577009,41204,-32.355347
1582009,41173,-32.355347
1587009,41142,-32.355347
1592009,41111,-32.355347
1597009,41080,-32.355347
1602009,41049,-32.355347
1607009,41018,-32.355347
1612009,40987,-32.355347
1617009,40956,-32.355347
1622009,40925,-32.355347
1627009,40894,-32.355347
1632009,40863,-32.355347
1637009,40831,-33.399071
1642009,40800,-32.355347
1647009,40769,-32.355347
1652009,40738,-32.355347
1657009,40707,-32.355347
1662009,40676,-32.355347
1667009,40644,-33.399071
1672009,40613,-32.355347
1677009,40582,-32.355347
1682009,40551,-32.355347
1687009,40520,-32.355347
1692009,40489,-32.355347
1697009,40458,-32.355347
1702009,40426,-33.399071
1707009,40395,-32.355347
1712009,40364,-32.355347
1717009,40333,-32.355347
1722009,40302,-32.355347
1727009,40271,-32.355347
1732009,40239,-33.399071
1737009,40208,-32.355347
1742009,40177,-32.355347
1747009,40146,-32.355347
1752009,40115,-32.355347
1757009,40084,-32.355347
1762009,40053,-32.355347
1767009,40022,-32.355347
1772009,39991,-32.355347
1777009,39960,-32.355347
1782009,39929,-32.355347
1787009,39898,-32.355347
1792009,39866,-33.399071
1797009,39835,-32.355347
1802009,39804,-32.355347
1807009,39773,-32.355347
1812009,39742,-32.355347
1817009,39711,-32.355347
1822009,39680,-32.355347
1827009,39649,-32.355347
1832009,39618,-32.355347
1837009,39587,-32.355347
1842009,39556,-32.355347
1847009,39525,-32.355347
1852009,39493,-33.399071
1857009,39462,-32.355347
1862009,39431,-32.355347
1867009,39400,-32.355347
1872009,39369,-32.355347
1877009,39338,-32.355347
1882009,39307,-32.355347
1887009,39276,-32.355347
1892009,39245,-32.355347
1897009,39214,-32.355347
1902009,39183,-32.355347
1907009,39152,-32.355347
1912009,39120,-33.399071
1917009,39089,-32.355347
1922009,39058,-32.355347
1927009,39027,-32.355347
1932009,38996,-32.355347
1937009,38965,-32.355347
1942009,38934,-32.355347
1947009,38903,-32.355347
1952009,38872,-32.355347
1957009,38841,-32.355347
1962009,38810,-32.355347
1967009,38779,-32.355347
1972009,38748,-32.355347
1977009,38717,-32.355347
1982009,38685,-33.399071
1987009,38654,-32.355347
1992009,38623,-32.355347
1997009,38592,-32.355347
2002009,38561,-32.355347
2007009,38530,-32.355347
2012009,38499,-32.355347
2017009,38468,-32.355347
2022009,38437,-32.355347
2027009,38406,-32.355347
2032009,38375,-32.355347
2037009,38344,-32.355347
2042009,38313,-32.355347
2047009,38282,-32.355347
2052009,38251,-32.355347
2057009,38220,-32.355347
2062009,38189,-32.355347
2067009,38158,-32.355347
2072009,38127,-32.355347
2077009,38096,-32.355347
2082009,38065,-32.355347
2087009,38034,-32.355347
2092009,38003,-32.355347
2097009,37972,-32.355347
2102009,37941,-32.355347
2107009,37910,-32.355347
2112009,37879,-32.355347
2117009,37848,-32.355347
2122009,37817,-32.355347
2127009,37786,-32.355347
2132009,37755,-32.355347
2137009,37724,-32.355347
2142009,37693,-32.355347
2147009,37662,-32.355347
2152009,37631,-32.355347
2157009,37600,-32.355347
2162009,37569,-32.355347
2167009,37538,-32.355347
2172009,37507,-32.355347
2177009,37476,-32.355347
2182009,37445,-32.355347
2187009,37414,-32.355347
2192009,37382,-33.399071
2197009,37351,-32.355347
2202009,37320,-32.355347
2207009,37289,-32.355347
2212009,37258,-32.355347
2217009,37227,-32.355347
2222009,37196,-32.355347
2227009,37165,-32.355347
2232009,37134,-32.355347
2237009,37102,-33.399071
2242009,37071,-32.355347
2247009,37040,-32.355347
2252009,37009,-32.355347
2257009,36978,-32.355347
2262009,36947,-32.355347
2267009,36916,-32.355347
2272009,36884,-33.399071
2277009,36853,-32.355347
2282009,36822,-32.355347
2287009,36791,-32.355347
2292009,36760,-32.355347
2297009,36729,-32.355347
2302009,36697,-33.399071
2307009,36666,-32.355347
2312009,36635,-32.355347
2317009,36604,-32.355347
2322009,36573,-32.355347
2327009,36542,-32.355347
2332009,36511,-32.355347
2337009,36480,-32.355347
2342009,36448,-33.399071
2347009,36417,-32.355347
2352009,36386,-32.355347
2357009,36355,-32.355347
2362009,36324,-32.355347
2367009,36293,-32.355347
2372009,36262,-32.355347
2377009,36231,-32.355347
2382009,36200,-32.355347
2387009,36168,-33.399071
2392009,36137,-32.355347
2397009,36106,-32.355347
2402009,36075,-32.355347
2407009,36044,-32.355347
2412009,36013,-32.355347
2417009,35981,-33.399071
2422009,35950,-32.355347
2427009,35919,-32.355347
2432009,35888,-32.355347
2437009,35857,-32.355347
2442009,35825,-33.399071
2447009,35794,-32.355347
2452009,35763,-32.355347
2457009,35732,-32.355347
2462009,35701,-32.355347
2467009,35670,-32.355347
2472009,35638,-33.399071
2477009,35607,-32.355347
2482009,35576,-32.355347
2487009,35544,-33.399071
2492010,35513,-32.348877
2497011,35482,-32.348877
2502011,35451,-32.355347
2507011,35419,-33.399071
2512011,35388,-32.355347
2517011,35356,-33.399071
2522011,35325,-32.355347
2527011,35293,-33.399071
2532012,35262,-32.348877
2537013,35231,-32.348877
2542013,35199,-33.399071
2547013,35168,-32.355347
2552013,35136,-33.399071
2557013,35105,-32.355347
2562013,35073,-33.399071
2567013,35042,-32.355347
2572013,35010,-33.399071
2577013,34979,-32.355347
2582013,34947,-33.399071
2587013,34916,-32.355347
2592013,34884,-33.399071
2597013,34853,-32.355347
2602013,34821,-33.399071
2607013,34789,-33.399071
2612013,34758,-32.355347
2617013,34726,-33.399071
2622013,34695,-32.355347
2627013,34663,-33.399071
2632013,34632,-32.355347
2637013,34600,-33.399071
2642013,34568,-33.399071
2647013,34537,-32.355347
2652013,34505,-33.399071
2657013,34474,-32.355347
2662013,34442,-33.399071
2667013,34410,-33.399071
2672013,34379,-32.355347
2677013,34347,-33.399071
2682013,34316,-32.355347
2687014,34284,-33.392391
2692014,34252,-33.399071
2697014,34221,-32.355347
2702014,34189,-33.399071
2707015,34158,-32.348877
2712016,34126,-33.392391
2717016,34095,-32.355347
2722016,34063,-33.399071
2727017,34032,-32.348877
2732018,34000,-33.392391
2737018,33969,-32.355347
2742018,33937,-33.399071
2747018,33906,-32.355347
2752018,33874,-33.399071
2757018,33843,-32.355347
2762018,33811,-33.399071
2767018,33780,-32.355347
2772018,33749,-32.355347
2777018,33717,-33.399071
2782018,33686,-32.355347
2787018,33654,-33.399071
2792018,33623,-32.355347
2797018,33591,-33.399071
2802018,33560,-32.355347
2807018,33528,-33.399071
2812018,33497,-32.355347
2817018,33466,-32.355347
2822018,33434,-33.399071
2827018,33403,-32.355347
2832018,33371,-33.399071
2837018,33340,-32.355347
2842018,33309,-32.355347
2847018,33277,-33.399071
2852018,33246,-32.355347
2857018,33214,-33.399071
2862018,33183,-32.355347
2867018,33152,-32.355347
2872018,33120,-33.399071
2877018,33089,-32.355347
2882018,33058,-32.355347
2887018,33026,-33.399071
2892018,32995,-32.355347
2897019,32964,-32.348877
2902020,32932,-33.392391
2907021,32901,-32.348877
2912021,32869,-33.399071
2917021,32838,-32.355347
2922021,32807,-32.355347
2927021,32775,-33.399071
2932021,32744,-32.355347
2937021,32712,-33.399071
2942021,32681,-32.355347
2947021,32649,-33.399071
2952021,32618,-32.355347
2957021,32586,-33.399071
2962022,32555,-32.348877
2967023,32524,-32.348877
2972023,32492,-33.399071
2977023,32461,-32.355347
2982023,32429,-33.399071
2987023,32398,-32.355347
2992023,32366,-33.399071
2997023,32335,-32.355347
3002023,32304,-32.355347
3007023,32272,-33.399071
3012023,32241,-32.355347
3017024,32209,-33.392391
3022024,32178,-32.355347
3027024,32146,-33.399071
3032025,32115,-32.348877
3037026,32083,-33.392391
3042027,32052,-32.348877
3047028,32020,-33.392391
3052028,31989,-32.355347
3057028,31957,-33.399071
3062028,31926,-32.355347
3067028,31894,-33.399071
3072028,31863,-32.355347
3077028,31831,-33.399071
3082028,31800,-32.355347
3087028,31768,-33.399071
3092028,31737,-32.355347
3097028,31705,-33.399071
3102028,31674,-32.355347
3107028,31642,-33.399071
3112028,31611,-32.355347
3117028,31579,-33.399071
3122028,31548,-32.355347
3127028,31516,-33.399071
3132028,31485,-32.355347
3137028,31453,-33.399071
3142028,31422,-32.355347
3147028,31390,-33.399071
3152028,31359,-32.355347
3157028,31327,-33.399071
3162028,31295,-33.399071
3167028,31264,-32.355347
3172028,31232,-33.399071
3177028,31201,-32.355347
3182029,31169,-33.392391
3187029,31138,-32.355347
3192029,31106,-33.399071
3197030,31074,-33.392391
3202031,31043,-32.348877
3207031,31011,-33.399071
3212031,30980,-32.355347
3217031,30948,-33.399071
3222032,30917,-32.348877
3227033,30885,-33.392391
3232033,30853,-33.399071
3237033,30822,-32.355347
3242033,30790,-33.399071
3247033,30759,-32.355347
3252033,30727,-33.399071
3257034,30695,-33.392391
3262035,30664,-32.348877
3267036,30632,-33.392391
3272036,30600,-33.399071
3277036,30569,-32.355347
3282036,30537,-33.399071
3287036,30505,-33.399071
3292036,30474,-32.355347
3297036,30442,-33.399071
3302037,30411,-32.348877
3307038,30379,-33.392391
3312038,30347,-33.399071
3317038,30316,-32.355347
3322038,30284,-33.399071
3327038,30252,-33.399071
3332038,30221,-32.355347
3337038,30189,-33.399071
3342038,30157,-33.399071
3347038,30126,-32.355347
3352038,30094,-33.399071
3357038,30062,-33.399071
3362038,30031,-32.355347
3367038,29999,-33.399071
3372038,29967,-33.399071
3377038,29936,-32.355347
3382038,29904,-33.399071
3387038,29872,-33.399071
3392038,29841,-32.355347
3397038,29809,-33.399071
3402038,29778,-32.355347
3407038,29746,-33.399071
3412039,29714,-33.392391
3417040,29683,-32.348877
3422041,29651,-33.392391
3427041,29619,-33.399071
3432041,29588,-32.355347
3437041,29556,-33.399071
3442041,29525,-32.355347
3447041,29493,-33.399071
3452041,29461,-33.399071
3457041,29430,-32.355347
3462041,29398,-33.399071
3467041,29367,-32.355347
3472041,29335,-33.399071
3477042,29303,-33.392391
3482043,29272,-32.348877
3487043,29240,-33.399071
3492043,29209,-32.355347
3497043,29177,-33.399071
3502043,29145,-33.399071
3507043,29114,-32.355347
3512043,29082,-33.399071
3517044,29051,-32.348877
3522044,29019,-33.399071
3527045,28987,-33.392391
3532046,28956,-32.348877
3537046,28924,-33.399071
3542046,28892,-33.399071
3547046,28861,-32.355347
3552046,28829,-33.399071
3557046,28798,-32.355347
3562046,28766,-33.399071
3567047,28734,-33.392391
3572048,28703,-32.348877
3577048,28671,-33.399071
3582048,28639,-33.399071
3587048,28608,-32.355347
3592048,28576,-33.399071
3597048,28544,-33.399071
3602048,28513,-32.355347
3607048,28481,-33.399071
3612049,28449,-33.392391
3617050,28418,-32.348877
3622050,28386,-33.399071
3627050,28354,-33.399071
3632050,28323,-32.355347
3637050,28291,-33.399071
3642051,28259,-33.392391
3647051,28228,-32.355347
3652051,28196,-33.399071
3657052,28164,-33.392391
3662053,28133,-32.348877
3667053,28101,-33.399071
3672053,28069,-33.399071
3677053,28038,-32.355347
3682053,28006,-33.399071
3687053,27974,-33.399071
3692053,27943,-32.355347
3697053,27911,-33.399071
3702054,27879,-33.392391
3707055,27848,-32.348877
3712055,27816,-33.399071
3717055,27784,-33.399071
3722055,27753,-32.355347
3727055,27721,-33.399071
3732055,27689,-33.399071
3737055,27658,-32.355347
3742055,27626,-33.399071
3747055,27594,-33.399071
3752055,27563,-32.355347
3757055,27531,-33.399071
3762055,27499,-33.399071
3767055,27468,-32.355347
3772055,27436,-33.399071
3777055,27405,-32.355347
3782056,27373,-33.392391
3787056,27341,-33.399071
3792056,27310,-32.355347
3797056,27278,-33.399071
3802056,27247,-32.355347
3807056,27215,-33.399071
3812057,27183,-33.392391
3817058,27152,-32.348877
3822058,27120,-33.399071
3827058,27088,-33.399071
3832058,27057,-32.355347
3837058,27025,-33.399071
3842058,26993,-33.399071
3847058,26962,-32.355347
3852058,26930,-33.399071
3857059,26898,-33.392391
3862060,26867,-32.348877
3867060,26835,-33.399071
3872060,26804,-32.355347
3877061,26772,-33.392391
3882061,26740,-33.399071
3887061,26709,-32.355347
3892061,26677,-33.399071
3897062,26645,-33.392391
3902063,26614,-32.348877
3907063,26582,-33.399071
3912063,26550,-33.399071
3917063,26519,-32.355347
3922063,26487,-33.399071
3927063,26455,-33.399071
3932063,26424,-32.355347
3937063,26392,-33.399071
3942064,26360,-33.392391
3947065,26329,-32.348877
3952065,26297,-33.399071
3957065,26266,-32.355347
3962066,26234,-33.392391
3967066,26202,-33.399071
3972067,26171,-32.348877
3977068,26139,-33.392391
3982069,26107,-33.392391
3987070,26076,-32.348877
3992070,26044,-33.399071
3997070,26013,-32.355347
4002071,25981,-33.392391
4007071,25949,-33.399071
4012072,25918,-32.348877
4017073,25886,-33.392391
4022074,25854,-33.392391
4027075,25823,-32.348877
4032075,25791,-33.399071
4037075,25760,-32.355347
4042076,25728,-33.392391
4047076,25697,-32.355347
4052076,25665,-33.399071
4057077,25633,-33.392391
4062078,25602,-32.348877
4067078,25570,-33.399071
4072078,25539,-32.355347
4077078,25507,-33.399071
4082079,25476,-32.348877
4087080,25444,-33.392391
4092080,25412,-33.399071
4097080,25381,-32.355347
4102080,25349,-33.399071
4107080,25318,-32.355347
4112080,25286,-33.399071
4117081,25255,-32.348877
4122081,25223,-33.399071
4127082,25192,-32.348877
4132082,25160,-33.399071
4137082,25129,-32.355347
4142083,25097,-33.392391
4147083,25066,-32.355347
4152083,25034,-33.399071
4157084,25003,-32.348877
4162085,24971,-33.392391
4167085,24940,-32.355347
4172085,24908,-33.399071
4177086,24877,-32.348877
4182086,24845,-33.399071
4187087,24814,-32.348877
4192087,24782,-33.399071
4197087,24750,-33.399071
4202087,24719,-32.355347
4207088,24687,-33.392391
4212088,24656,-32.355347
4217088,24624,-33.399071
4222088,24593,-32.355347
4227088,24561,-33.399071
4232088,24530,-32.355347
4237088,24498,-33.399071
4242089,24467,-32.348877
4247090,24435,-33.392391
4252090,24404,-32.355347
4257090,24372,-33.399071
4262091,24340,-33.392391
4267092,24309,-32.348877
4272092,24277,-33.399071
4277092,24246,-32.355347
4282093,24214,-33.392391
4287093,24183,-32.355347
4292093,24151,-33.399071
4297093,24119,-33.399071
4302093,24088,-32.355347
4307093,24056,-33.399071
4312093,24025,-32.355347
4317093,23993,-33.399071
4322094,23962,-32.348877
4327095,23930,-33.392391
4332095,23899,-32.355347
4337095,23867,-33.399071
4342096,23835,-33.392391
4347097,23804,-32.348877
4352097,23772,-33.399071
4357097,23741,-32.355347
4362098,23709,-33.392391
4367098,23678,-32.355347
4372098,23646,-33.399071
4377098,23614,-33.399071
4382098,23583,-32.355347
4387098,23551,-33.399071
4392098,23520,-32.355347
4397098,23488,-33.399071
4402099,23457,-32.348877
4407100,23425,-33.392391
4412100,23393,-33.399071
4417100,23362,-32.355347
4422100,23330,-33.399071
4427100,23298,-33.399071
4432100,23267,-32.355347
4437100,23235,-33.399071
4442100,23204,-32.355347
4447100,23172,-33.399071
4452101,23140,-33.392391
4457102,23109,-32.348877
4462102,23077,-33.399071
4467102,23046,-32.355347
4472103,23014,-33.392391
4477103,22982,-33.399071
4482103,22951,-32.355347
4487103,22919,-33.399071
4492104,22887,-33.392391
4497105,22856,-32.348877
4502105,22824,-33.399071
4507105,22793,-32.355347
4512105,22761,-33.399071
4517105,22729,-33.399071
4522105,22698,-32.355347
4527105,22666,-33.399071
4532106,22635,-32.348877
4537107,22603,-33.392391
4542107,22572,-32.355347
4547107,22540,-33.399071
4552107,22509,-32.355347
4557107,22477,-33.399071
4562107,22446,-32.355347
4567107,22415,-32.355347
4572107,22383,-33.399071
4577107,22352,-32.355347
4582108,22321,-32.348877
4587109,22290,-32.348877
4592109,22259,-32.355347
4597109,22227,-33.399071
4602110,22196,-32.348877
4607110,22165,-32.355347
4612110,22134,-32.355347
4617110,22102,-33.399071
4622110,22071,-32.355347
4627110,22040,-32.355347
4632110,22009,-32.355347
4637110,21978,-32.355347
4642110,21946,-33.399071
4647110,21915,-32.355347
4652110,21884,-32.355347
4657110,21853,-32.355347
4662110,21821,-33.399071
4667110,21790,-32.355347
4672110,21759,-32.355347
4677110,21728,-32.355347
4682110,21696,-33.399071
4687110,21665,-32.355347
4692110,21634,-32.355347
4697110,21603,-32.355347
4702110,21571,-33.399071
4707110,21540,-32.355347
4712110,21509,-32.355347
4717110,21477,-33.399071
4722110,21446,-32.355347
4727110,21415,-32.355347
4732110,21383,-33.399071
4737110,21352,-32.355347
4742110,21321,-32.355347
4747110,21289,-33.399071
4752110,21258,-32.355347
4757110,21226,-33.399071
4762111,21195,-32.348877
4767112,21164,-32.348877
4772112,21132,-33.399071
4777112,21101,-32.355347
4782112,21069,-33.399071
4787112,21038,-32.355347
4792112,21007,-32.355347
4797112,20975,-33.399071
4802112,20944,-32.355347
4807112,20912,-33.399071
4812112,20881,-32.355347
4817112,20849,-33.399071
4822112,20818,-32.355347
4827112,20786,-33.399071
4832112,20755,-32.355347
4837112,20723,-33.399071
4842112,20692,-32.355347
4847112,20660,-33.399071
4852112,20629,-32.355347
4857112,20597,-33.399071
4862112,20565,-33.399071
4867112,20534,-32.355347
4872112,20502,-33.399071
4877112,20471,-32.355347
4882112,20439,-33.399071
4887112,20408,-32.355347
4892112,20376,-33.399071
4897112,20345,-32.355347
4902112,20313,-33.399071
4907112,20282,-32.355347
4912112,20250,-33.399071
4917112,20218,-33.399071
4922112,20187,-32.355347
4927112,20155,-33.399071
4932112,20124,-32.355347
4937112,20092,-33.399071
4942112,20061,-32.355347
4947112,20029,-33.399071
4952112,19998,-32.355347
4957112,19966,-33.399071
4962112,19934,-33.399071
4967112,19903,-32.355347
4972112,19871,-33.399071
4977112,19840,-32.355347
4982113,19808,-33.392391
4987113,19777,-32.355347
4992113,19745,-33.399071
4997114,19714,-32.348877
5002115,19682,-33.392391
5007116,19651,-32.348877
5012117,19619,-33.392391
5017117,19588,-32.355347
5022117,19556,-33.399071
5027117,19525,-32.355347
5032117,19493,-33.399071
5037117,19462,-32.355347
5042117,19431,-32.355347
5047117,19399,-33.399071
5052117,19368,-32.355347
5057118,19336,-33.392391
5062118,19305,-32.355347
5067118,19273,-33.399071
5072119,19242,-32.348877
5077120,19210,-33.392391
5082121,19178,-33.392391
5087122,19147,-32.348877
5092122,19115,-33.399071
5097122,19084,-32.355347
5102123,19052,-33.392391
5107123,19021,-32.355347
5112123,18990,-32.355347
5117123,18958,-33.399071
5122124,18927,-32.348877
5127124,18895,-33.399071
5132124,18864,-32.355347
5137125,18832,-33.392391
5142125,18801,-32.355347
5147125,18769,-33.399071
5152126,18738,-32.348877
5157127,18706,-33.392391
5162127,18675,-32.355347
5167127,18643,-33.399071
5172128,18612,-32.348877
5177128,18580,-33.399071
5182129,18549,-32.348877
5187129,18517,-33.399071
5192129,18486,-32.355347
5197130,18454,-33.392391
5202130,18422,-33.399071
5207130,18391,-32.355347
5212130,18359,-33.399071
5217130,18328,-32.355347
5222130,18296,-33.399071
5227131,18265,-32.348877
5232132,18233,-33.392391
5237132,18201,-33.399071
5242132,18170,-32.355347
5247132,18138,-33.399071
5252132,18107,-32.355347
5257132,18075,-33.399071
5262133,18043,-33.392391
5267134,18012,-32.348877
5272135,17980,-33.392391
5277135,17949,-32.355347
5282135,17917,-33.399071
5287135,17885,-33.399071
5292135,17854,-32.355347
5297135,17822,-33.399071
5302136,17791,-32.348877
5307137,17759,-33.392391
5312137,17727,-33.399071
5317137,17696,-32.355347
5322137,17664,-33.399071
5327137,17633,-32.355347
5332137,17601,-33.399071
5337138,17570,-32.348877
5342138,17538,-33.399071
5347139,17507,-32.348877
5352139,17475,-33.399071
5357139,17443,-33.399071
5362139,17412,-32.355347
5367139,17380,-33.399071
5372139,17349,-32.355347
5377140,17317,-33.392391
5382140,17285,-33.399071
5387140,17254,-32.355347
5392140,17222,-33.399071
5397141,17190,-33.392391
5402142,17159,-32.348877
5407142,17127,-33.399071
5412142,17096,-32.355347
5417142,17064,-33.399071
5422142,17032,-33.399071
5427142,17001,-32.355347
5432142,16969,-33.399071
5437143,16937,-33.392391
5442144,16906,-32.348877
5447144,16874,-33.399071
5452144,16842,-33.399071
5457144,16811,-32.355347
5462144,16779,-33.399071
5467145,16747,-33.392391
5472145,16716,-32.355347
5477145,16684,-33.399071
5482146,16652,-33.392391
5487147,16621,-32.348877
5492147,16589,-33.399071
5497147,16557,-33.399071
5502147,16526,-32.355347
5507147,16494,-33.399071
5512147,16462,-33.399071
5517147,16431,-32.355347
5522147,16399,-33.399071
5527148,16367,-33.392391
5532149,16336,-32.348877
5537149,16304,-33.399071
5542149,16272,-33.399071
5547149,16241,-32.355347
5552149,16209,-33.399071
5557149,16178,-32.355347
5562150,16146,-33.392391
5567150,16114,-33.399071
5572150,16083,-32.355347
5577150,16051,-33.399071
5582150,16019,-33.399071
5587150,15988,-32.355347
5592150,15956,-33.399071
5597150,15925,-32.355347
5602150,15893,-33.399071
5607151,15861,-33.392391
5612152,15830,-32.348877
5617152,15798,-33.399071
5622152,15767,-32.355347
5627152,15735,-33.399071
5632152,15703,-33.399071
5637152,15672,-32.355347
5642152,15640,-33.399071
5647153,15609,-32.348877
5652154,15577,-33.392391
5657154,15546,-32.355347
5662154,15514,-33.399071
5667154,15482,-33.399071
5672154,15451,-32.355347
5677154,15419,-33.399071
5682154,15388,-32.355347
5687155,15356,-33.392391
5692155,15325,-32.355347
5697155,15293,-33.399071
5702155,15262,-32.355347
5707155,15230,-33.399071
5712156,15198,-33.392391
5717157,15167,-32.348877
5722157,15135,-33.399071
5727157,15104,-32.355347
5732157,15072,-33.399071
5737157,15041,-32.355347
5742157,15009,-33.399071
5747157,14978,-32.355347
5752157,14946,-33.399071
5757158,14915,-32.348877
5762159,14883,-33.392391
5767159,14852,-32.355347
5772159,14820,-33.399071
5777159,14788,-33.399071
5782159,14757,-32.355347
5787159,14725,-33.399071
5792159,14693,-33.399071
5797159,14662,-32.355347
5802159,14630,-33.399071
5807159,14599,-32.355347
5812159,14567,-33.399071
5817159,14535,-33.399071
5822159,14504,-32.355347
5827159,14472,-33.399071
5832159,14440,-33.399071
5837159,14409,-32.355347
5842159,14377,-33.399071
5847159,14346,-32.355347
5852159,14314,-33.399071
5857159,14282,-33.399071
5862159,14251,-32.355347
5867159,14219,-33.399071
5872159,14187,-33.399071
5877159,14156,-32.355347
5882159,14124,-33.399071
5887159,14093,-32.355347
5892159,14061,-33.399071
5897159,14029,-33.399071
5902159,13998,-32.355347
5907159,13966,-33.399071
5912159,13934,-33.399071
5917159,13903,-32.355347
5922159,13871,-33.399071
5927159,13839,-33.399071
5932159,13808,-32.355347
5937159,13776,-33.399071
5942159,13745,-32.355347
5947159,13713,-33.399071
5952159,13681,-33.399071
5957159,13650,-32.355347
5962159,13618,-33.399071
5967159,13587,-32.355347
5972160,13555,-33.392391
5977160,13523,-33.399071
5982161,13492,-32.348877
5987162,13460,-33.392391
5992163,13429,-32.348877
5997164,13397,-33.392391
6002164,13365,-33.399071
6007164,13334,-32.355347
6012164,13302,-33.399071
6017164,13270,-33.399071
6022164,13239,-32.355347
6027164,13207,-33.399071
6032164,13175,-33.399071
6037164,13144,-32.355347
6042164,13112,-33.399071
6047164,13080,-33.399071
6052164,13049,-32.355347
6057164,13017,-33.399071
6062164,12986,-32.355347
6067164,12954,-33.399071
6072164,12922,-33.399071
6077164,12891,-32.355347
6082164,12859,-33.399071
6087164,12827,-33.399071
6092164,12796,-32.355347
6097164,12764,-33.399071
6102164,12732,-33.399071
6107164,12701,-32.355347
6112164,12669,-33.399071
6117164,12637,-33.399071
6122164,12606,-32.355347
6127164,12574,-33.399071
6132164,12543,-32.355347
6137165,12511,-33.392391
6142165,12479,-33.399071
6147166,12448,-32.348877
6152167,12416,-33.392391
6157168,12384,-33.392391
6162169,12353,-32.348877
6167169,12321,-33.399071
6172169,12290,-32.355347
6177170,12258,-33.392391
6182170,12227,-32.355347
6187170,12195,-33.399071
6192171,12164,-32.348877
6197171,12132,-33.399071
6202171,12100,-33.399071
6207171,12069,-32.355347
6212172,12037,-33.392391
6217172,12006,-32.355347
6222172,11974,-33.399071
6227172,11943,-32.355347
6232172,11911,-33.399071
6237172,11879,-33.399071
6242172,11848,-32.355347
6247172,11816,-33.399071
6252172,11785,-32.355347
6257172,11753,-33.399071
6262173,11721,-33.392391
6267174,11690,-32.348877
6272174,11658,-33.399071
6277174,11627,-32.355347
6282174,11595,-33.399071
6287174,11563,-33.399071
6292174,11532,-32.355347
6297174,11500,-33.399071
6302175,11468,-33.392391
6307176,11437,-32.348877
6312177,11405,-33.392391
6317177,11374,-32.355347
6322177,11342,-33.399071
6327177,11310,-33.399071
6332177,11279,-32.355347
6337177,11247,-33.399071
6342178,11216,-32.348877
6347179,11184,-33.392391
6352179,11152,-33.399071
6357179,11121,-32.355347
6362179,11089,-33.399071
6367179,11057,-33.399071
6372179,11026,-32.355347
6377179,10994,-33.399071
6382179,10962,-33.399071
6387179,10931,-32.355347
6392179,10899,-33.399071
6397179,10867,-33.399071
6402179,10836,-32.355347
6407179,10804,-33.399071
6412179,10773,-32.355347
6417179,10741,-33.399071
6422180,10709,-33.392391
6427181,10678,-32.348877
6432182,10646,-33.392391
6437182,10614,-33.399071
6442182,10583,-32.355347
6447182,10551,-33.399071
6452182,10519,-33.399071
6457182,10488,-32.355347
6462182,10456,-33.399071
6467183,10425,-32.348877
6472184,10393,-33.392391
6477184,10361,-33.399071
6482184,10330,-32.355347
6487184,10298,-33.399071
6492184,10266,-33.399071
6497184,10235,-32.355347
6502184,10203,-33.399071
6507184,10171,-33.399071
6512184,10140,-32.355347
6517184,10108,-33.399071
6522184,10077,-32.355347
6527184,10045,-33.399071
6532185,10013,-33.392391
6537186,9982,-32.348877
6542186,9950,-33.399071
6547186,9919,-32.355347
6552187,9887,-33.392391
6557187,9855,-33.399071
6562187,9824,-32.355347
6567187,9792,-33.399071
6572188,9761,-32.348877
6577189,9729,-33.392391
6582189,9698,-32.355347
6587189,9666,-33.399071
6592190,9635,-32.348877
6597190,9603,-33.399071
6602191,9572,-32.348877
6607191,9540,-33.399071
6612191,9509,-32.355347
6617192,9477,-33.392391
6622192,9446,-32.355347
6627192,9414,-33.399071
6632193,9383,-32.348877
6637194,9351,-33.392391
6642194,9320,-32.355347
6647194,9288,-33.399071
6652195,9256,-33.392391
6657196,9225,-32.348877
6662196,9193,-33.399071
6667196,9162,-32.355347
6672197,9130,-33.392391
6677197,9099,-32.355347
6682197,9067,-33.399071
6687197,9036,-32.355347
6692197,9004,-33.399071
6697198,8973,-32.348877
6702199,8942,-32.348877
6707199,8910,-33.399071
6712199,8879,-32.355347
6717199,8847,-33.399071
6722200,8816,-32.348877
6727201,8784,-33.392391
6732201,8753,-32.355347
6737201,8721,-33.399071
6742201,8690,-32.355347
6747201,8658,-33.399071
6752201,8627,-32.355347
6757201,8596,-32.355347
6762201,8564,-33.399071
6767201,8533,-32.355347
6772202,8501,-33.392391
6777202,8470,-32.355347
6782202,8438,-33.399071
6787202,8407,-32.355347
6792202,8375,-33.399071
6797203,8344,-32.348877
6802204,8312,-33.392391
6807204,8281,-32.355347
6812204,8249,-33.399071
6817205,8217,-33.392391
6822206,8186,-32.348877
6827206,8154,-33.399071
6832206,8123,-32.355347
6837207,8091,-33.392391
6842207,8060,-32.355347
6847207,8028,-33.399071
6852208,7997,-32.348877
6857209,7965,-33.392391
6862210,7934,-32.348877
6867211,7902,-33.392391
6872211,7870,-33.399071
6877211,7839,-32.355347
6882211,7807,-33.399071
6887211,7776,-32.355347
6892211,7744,-33.399071
6897211,7713,-32.355347
6902211,7681,-33.399071
6907211,7649,-33.399071
6912211,7618,-32.355347
6917211,7586,-33.399071
6922211,7555,-32.355347
6927211,7523,-33.399071
6932211,7492,-32.355347
6937211,7460,-33.399071
6942211,7428,-33.399071
6947211,7397,-32.355347
6952211,7365,-33.399071
6957211,7334,-32.355347
6962211,7302,-33.399071
6967211,7271,-32.355347
6972211,7239,-33.399071
6977211,7207,-33.399071
6982211,7176,-32.355347
6987211,7144,-33.399071
6992211,7113,-32.355347
6997211,7081,-33.399071
7002211,7050,-32.355347
7007211,7018,-33.399071
7012211,6986,-33.399071
7017211,6955,-32.355347
7022211,6923,-33.399071
7027211,6892,-32.355347
7032211,6860,-33.399071
7037211,6829,-32.355347
7042211,6797,-33.399071
7047211,6766,-32.355347
7052211,6734,-33.399071
7057211,6703,-32.355347
7062211,6671,-33.399071
7067211,6640,-32.355347
7072211,6608,-33.399071
7077211,6577,-32.355347
7082211,6545,-33.399071
7087211,6513,-33.399071
7092211,6482,-32.355347
7097211,6450,-33.399071
7102211,6419,-32.355347
7107211,6387,-33.399071
7112211,6356,-32.355347
7117211,6324,-33.399071
7122211,6293,-32.355347
7127211,6261,-33.399071
7132211,6230,-32.355347
7137211,6198,-33.399071
7142211,6167,-32.355347
7147211,6135,-33.399071
7152211,6104,-32.355347
7157211,6072,-33.399071
7162211,6041,-32.355347
7167211,6009,-33.399071
7172211,5978,-32.355347
7177211,5946,-33.399071
7182211,5915,-32.355347
7187211,5883,-33.399071
7192211,5852,-32.355347
7197211,5820,-33.399071
7202211,5789,-32.355347
7207211,5757,-33.399071
7212211,5726,-32.355347
7217211,5694,-33.399071
7222211,5663,-32.355347
7227211,5631,-33.399071
7232211,5600,-32.355347
7237211,5568,-33.399071
7242211,5537,-32.355347
7247211,5505,-33.399071
7252211,5474,-32.355347
7257211,5442,-33.399071
7262211,5410,-33.399071
7267211,5379,-32.355347
7272211,5347,-33.399071
7277211,5316,-32.355347
7282211,5284,-33.399071
7287211,5252,-33.399071
7292211,5221,-32.355347
7297211,5189,-33.399071
7302211,5157,-33.399071
7307211,5126,-32.355347
7312211,5094,-33.399071
7317211,5062,-33.399071
7322211,5031,-32.355347
7327211,4999,-33.399071
7332211,4967,-33.399071
7337211,4936,-32.355347
7342211,4904,-33.399071
7347211,4872,-33.399071
7352211,4841,-32.355347
7357211,4809,-33.399071
7362211,4777,-33.399071
7367211,4746,-32.355347
7372211,4714,-33.399071
7377211,4682,-33.399071
7382211,4650,-33.399071
7387211,4619,-32.355347
7392211,4587,-33.399071
7397211,4555,-33.399071
7402211,4524,-32.355347
7407211,4492,-33.399071
7412211,4460,-33.399071
7417211,4429,-32.355347
7422211,4397,-33.399071
7427211,4365,-33.399071
7432211,4334,-32.355347
7437211,4302,-33.399071
7442211,4270,-33.399071
7447211,4239,-32.355347
7452211,4207,-33.399071
7457211,4175,-33.399071
7462211,4144,-32.355347
7467211,4112,-33.399071
7472211,4080,-33.399071
7477211,4049,-32.355347
7482211,4017,-33.399071
7487211,3985,-33.399071
7492211,3954,-32.355347
7497211,3922,-33.399071
7502211,3891,-32.355347
7507211,3859,-33.399071
7512211,3827,-33.399071
7517211,3796,-32.355347
7522211,3764,-33.399071
7527211,3732,-33.399071
7532211,3701,-32.355347
7537211,3669,-33.399071
7542211,3638,-32.355347
7547211,3606,-33.399071
7552211,3574,-33.399071
7557211,3543,-32.355347
7562211,3511,-33.399071
7567211,3480,-32.355347
7572211,3448,-33.399071
7577211,3416,-33.399071
7582211,3385,-32.355347
7587211,3353,-33.399071
7592211,3321,-33.399071
7597211,3290,-32.355347
7602211,3258,-33.399071
7607211,3226,-33.399071
7612211,3195,-32.355347
7617211,3163,-33.399071
7622211,3131,-33.399071
7627211,3100,-32.355347
7632211,3068,-33.399071
7637211,3036,-33.399071
7642211,3005,-32.355347
7647211,2973,-33.399071
7652211,2942,-32.355347
7657211,2910,-33.399071
7662211,2878,-33.399071
7667211,2847,-32.355347
7672211,2815,-33.399071
7677211,2783,-33.399071
7682211,2752,-32.355347
7687211,2720,-33.399071
7692211,2688,-33.399071
7697211,2657,-32.355347
7702211,2625,-33.399071
7707211,2593,-33.399071
7712211,2562,-32.355347
7717211,2530,-33.399071
7722211,2498,-33.399071
7727211,2466,-33.399071
7732211,2435,-32.355347
7737211,2403,-33.399071
7742211,2371,-33.399071
7747211,2340,-32.355347
7752211,2308,-33.399071
7757211,2276,-33.399071
7762211,2245,-32.355347
7767211,2213,-33.399071
7772211,2181,-33.399071
7777211,2149,-33.399071
7782211,2118,-32.355347
7787211,2086,-33.399071
7792211,2054,-33.399071
7797211,2023,-32.355347
7802211,1991,-33.399071
7807211,1959,-33.399071
7812211,1928,-32.355347
7817211,1896,-33.399071
7822211,1864,-33.399071
7827211,1833,-32.355347
7832211,1801,-33.399071
7837211,1769,-33.399071
7842211,1738,-32.355347
7847211,1706,-33.399071
7852211,1674,-33.399071
7857211,1643,-32.355347
7862211,1611,-33.399071
7867211,1579,-33.399071
7872211,1548,-32.355347
7877211,1516,-33.399071
7882211,1484,-33.399071
7887211,1452,-33.399071
7892211,1421,-32.355347
7897211,1389,-33.399071
7902211,1357,-33.399071
7907211,1326,-32.355347
7912211,1294,-33.399071
7917211,1262,-33.399071
7922211,1230,-33.399071
7927211,1199,-32.355347
7932211,1167,-33.399071
7937211,1135,-33.399071
7942211,1104,-32.355347
7947211,1072,-33.399071
7952211,1040,-33.399071
7957211,1008,-33.399071
7962211,977,-32.355347
7967211,945,-33.399071
7972211,913,-33.399071
7977211,882,-32.355347
7982211,850,-33.399071
7987211,818,-33.399071
7992211,786,-33.399071
7997211,755,-32.355347
8002211,723,-33.399071
8007211,691,-33.399071
8012211,660,-32.355347
8017211,628,-33.399071
8022211,596,-33.399071
8027211,565,-32.355347
8032211,533,-33.399071
8037211,501,-33.399071
8042211,470,-32.355347
8047211,438,-33.399071
8052211,406,-33.399071
8057211,374,-33.399071
8062211,343,-32.355347
8067211,311,-33.399071
8072211,279,-33.399071
8077211,247,-33.399071
8082211,216,-32.355347
8087211,184,-33.399071
8092211,152,-33.399071
8097211,120,-33.399071
8102211,89,-32.355347
8107211,57,-33.399071
8112211,25,-33.399071
8117211,-6,-32.355347
8122211,-38,-33.399071
8127211,-70,-33.399071
8132211,-102,-33.399071
8137211,-133,-32.355347
8142211,-165,-33.399071
8147211,-197,-33.399071
8152211,-228,-32.355347
8157211,-260,-33.399071
8162211,-292,-33.399071
8167211,-324,-33.399071
8172211,-355,-32.355347
8177211,-387,-33.399071
8182211,-419,-33.399071
8187211,-450,-32.355347
8192211,-482,-33.399071
8197211,-514,-33.399071
8202211,-546,-33.399071
8207211,-577,-32.355347
8212211,-609,-33.399071
8217211,-641,-33.399071
8222211,-673,-33.399071
8227211,-704,-32.355347
8232211,-736,-33.399071
8237211,-768,-33.399071
8242211,-799,-32.355347
8247211,-831,-33.399071
8252211,-863,-33.399071
8257211,-894,-32.355347
8262211,-926,-33.399071
8267211,-958,-33.399071
8272211,-989,-32.355347
8277211,-1021,-33.399071
8282211,-1053,-33.399071
8287211,-1084,-32.355347
8292211,-1116,-33.399071
8297211,-1148,-33.399071
8302211,-1180,-33.399071
8307211,-1211,-32.355347
8312211,-1243,-33.399071
8317211,-1275,-33.399071
8322211,-1306,-32.355347
8327211,-1338,-33.399071
8332211,-1370,-33.399071
8337211,-1401,-32.355347
8342211,-1433,-33.399071
8347211,-1464,-32.355347
8352211,-1496,-33.399071
8357211,-1528,-33.399071
8362211,-1559,-32.355347
8367211,-1591,-33.399071
8372211,-1623,-33.399071
8377211,-1654,-32.355347
8382211,-1686,-33.399071
8387211,-1718,-33.399071
8392211,-1749,-32.355347
8397211,-1781,-33.399071
8402211,-1813,-33.399071
8407211,-1844,-32.355347
8412211,-1876,-33.399071
8417211,-1908,-33.399071
8422211,-1939,-32.355347
8427211,-1971,-33.399071
8432211,-2003,-33.399071
8437211,-2034,-32.355347
8442211,-2066,-33.399071
8447211,-2098,-33.399071
8452211,-2129,-32.355347
8457211,-2161,-33.399071
8462211,-2193,-33.399071
8467211,-2224,-32.355347
8472211,-2256,-33.399071
8477211,-2288,-33.399071
8482211,-2319,-32.355347
8487211,-2351,-33.399071
8492211,-2383,-33.399071
8497211,-2414,-32.355347
8502211,-2446,-33.399071
8507211,-2478,-33.399071
8512211,-2509,-32.355347
8517211,-2541,-33.399071
8522211,-2573,-33.399071
8527211,-2604,-32.355347
8532211,-2636,-33.399071
8537211,-2668,-33.399071
8542211,-2700,-33.399071
8547211,-2731,-32.355347
8552211,-2763,-33.399071
8557211,-2795,-33.399071
8562211,-2826,-32.355347
8567211,-2858,-33.399071
8572211,-2890,-33.399071
8577211,-2922,-33.399071
8582211,-2953,-32.355347
8587211,-2985,-33.399071
8592211,-3017,-33.399071
8597211,-3048,-32.355347
8602211,-3080,-33.399071
8607211,-3112,-33.399071
8612211,-3143,-32.355347
8617211,-3175,-33.399071
8622211,-3207,-33.399071
8627211,-3238,-32.355347
8632211,-3270,-33.399071
8637211,-3302,-33.399071
8642211,-3333,-32.355347
8647211,-3365,-33.399071
8652211,-3397,-33.399071
8657211,-3428,-32.355347
8662211,-3460,-33.399071
8667211,-3492,-33.399071
8672211,-3524,-33.399071
8677211,-3555,-32.355347
8682211,-3587,-33.399071
8687211,-3619,-33.399071
8692211,-3650,-32.355347
8697211,-3682,-33.399071
8702211,-3714,-33.399071
8707211,-3746,-33.399071
8712211,-3777,-32.355347
8717211,-3809,-33.399071
8722211,-3841,-33.399071
8727211,-3873,-33.399071
8732211,-3904,-32.355347
8737211,-3936,-33.399071
8742211,-3968,-33.399071
8747211,-3999,-32.355347
8752211,-4031,-33.399071
8757211,-4063,-33.399071
8762211,-4095,-33.399071
8767211,-4126,-32.355347
8772211,-4158,-33.399071
8777211,-4190,-33.399071
8782211,-4222,-33.399071
8787211,-4253,-32.355347
8792211,-4285,-33.399071
8797211,-4317,-33.399071
8802211,-4348,-32.355347
8807211,-4380,-33.399071
8812211,-4412,-33.399071
8817211,-4443,-32.355347
8822211,-4475,-33.399071
8827211,-4507,-33.399071
8832211,-4538,-32.355347
8837211,-4570,-33.399071
8842211,-4602,-33.399071
8847211,-4634,-33.399071
8852211,-4665,-32.355347
8857211,-4697,-33.399071
8862211,-4729,-33.399071
8867211,-4761,-33.399071
8872211,-4792,-32.355347
8877211,-4824,-33.399071
8882211,-4856,-33.399071
8887211,-4888,-33.399071
8892211,-4919,-32.355347
8897211,-4951,-33.399071
8902211,-4983,-33.399071
8907211,-5015,-33.399071
8912211,-5046,-32.355347
8917211,-5078,-33.399071
8922211,-5110,-33.399071
8927211,-5141,-32.355347
8932211,-5173,-33.399071
8937211,-5205,-33.399071
8942211,-5237,-33.399071
8947211,-5268,-32.355347
8952211,-5300,-33.399071
8957211,-5332,-33.399071
8962211,-5364,-33.399071
8967211,-5395,-32.355347
8972211,-5427,-33.399071
8977211,-5459,-33.399071
8982211,-5490,-32.355347
8987211,-5522,-33.399071
8992211,-5554,-33.399071
8997211,-5586,-33.399071
9002211,-5618,-33.399071
9007211,-5649,-32.355347
9012211,-5681,-33.399071
9017211,-5713,-33.399071
9022211,-5745,-33.399071
9027211,-5776,-32.355347
9032211,-5808,-33.399071
9037211,-5840,-33.399071
9042211,-5871,-32.355347
9047211,-5903,-33.399071
9052211,-5935,-33.399071
9057211,-5967,-33.399071
9062211,-5998,-32.355347
9067211,-6030,-33.399071
9072211,-6062,-33.399071
9077211,-6094,-33.399071
9082211,-6126,-33.399071
9087211,-6157,-32.355347
9092211,-6189,-33.399071
9097211,-6221,-33.399071
9102211,-6253,-33.399071
9107211,-6284,-32.355347
9112211,-6316,-33.399071
9117211,-6348,-33.399071
9122211,-6380,-33.399071
9127211,-6411,-32.355347
9132211,-6443,-33.399071
9137211,-6475,-33.399071
9142211,-6507,-33.399071
9147211,-6538,-32.355347
9152211,-6570,-33.399071
9157211,-6602,-33.399071
9162211,-6634,-33.399071
9167211,-6665,-32.355347
9172211,-6697,-33.399071
9177211,-6729,-33.399071
9182211,-6761,-33.399071
9187211,-6792,-32.355347
9192211,-6824,-33.399071
9197211,-6856,-33.399071
9202211,-6888,-33.399071
9207211,-6919,-32.355347
9212211,-6951,-33.399071
9217211,-6983,-33.399071
9222211,-7014,-32.355347
9227211,-7046,-33.399071
9232211,-7078,-33.399071
9237211,-7110,-33.399071
9242211,-7141,-32.355347
9247211,-7173,-33.399071
9252211,-7205,-33.399071
9257211,-7236,-32.355347
9262211,-7268,-33.399071
9267211,-7300,-33.399071
9272211,-7332,-33.399071
9277211,-7363,-32.355347
9282211,-7395,-33.399071
9287211,-7427,-33.399071
9292211,-7458,-32.355347
9297211,-7490,-33.399071
9302211,-7522,-33.399071
9307211,-7554,-33.399071
9312211,-7585,-32.355347
9317211,-7617,-33.399071
9322211,-7649,-33.399071
9327211,-7681,-33.399071
9332211,-7712,-32.355347
9337211,-7744,-33.399071
9342211,-7776,-33.399071
9347211,-7808,-33.399071
9352211,-7839,-32.355347
9357211,-7871,-33.399071
9362211,-7903,-33.399071
9367211,-7935,-33.399071
9372211,-7966,-32.355347
9377211,-7998,-33.399071
9382211,-8030,-33.399071
9387211,-8061,-32.355347
9392211,-8093,-33.399071
9397211,-8125,-33.399071
9402211,-8157,-33.399071
9407211,-8188,-32.355347
9412211,-8220,-33.399071
9417211,-8252,-33.399071
9422211,-8284,-33.399071
9427211,-8315,-32.355347
9432211,-8347,-33.399071
9437211,-8379,-33.399071
9442211,-8410,-32.355347
9447211,-8442,-33.399071
9452211,-8474,-33.399071
9457211,-8506,-33.399071
9462211,-8537,-32.355347
9467211,-8569,-33.399071
9472211,-8601,-33.399071
9477211,-8633,-33.399071
9482211,-8664,-32.355347
9487211,-8696,-33.399071
9492211,-8728,-33.399071
9497211,-8759,-32.355347
9502211,-8791,-33.399071
9507211,-8823,-33.399071
9512211,-8854,-32.355347
9517211,-8886,-33.399071
9522211,-8918,-33.399071
9527211,-8949,-32.355347
9532211,-8981,-33.399071
9537211,-9013,-33.399071
9542211,-9044,-32.355347
9547211,-9076,-33.399071
9552211,-9108,-33.399071
9557211,-9139,-32.355347
9562211,-9171,-33.399071
9567211,-9203,-33.399071
9572211,-9234,-32.355347
9577211,-9266,-33.399071
9582211,-9298,-33.399071
9587211,-9329,-32.355347
9592211,-9361,-33.399071
9597211,-9393,-33.399071
9602211,-9424,-32.355347
9607211,-9456,-33.399071
9612211,-9488,-33.399071
9617211,-9519,-32.355347
9622211,-9551,-33.399071
9627211,-9583,-33.399071
9632211,-9614,-32.355347
9637211,-9646,-33.399071
9642211,-9678,-33.399071
9647211,-9709,-32.355347
9652211,-9741,-33.399071
9657211,-9773,-33.399071
9662211,-9804,-32.355347
9667211,-9836,-33.399071
9672211,-9867,-32.355347
9677211,-9899,-33.399071
9682211,-9931,-33.399071
9687211,-9962,-32.355347
9692211,-9994,-33.399071
9697211,-10026,-33.399071
9702211,-10057,-32.355347
9707211,-10089,-33.399071
9712211,-10121,-33.399071
9717211,-10152,-32.355347
9722211,-10184,-33.399071
9727211,-10216,-33.399071
9732211,-10247,-32.355347
9737211,-10279,-33.399071
9742211,-10311,-33.399071
9747211,-10342,-32.355347
9752211,-10374,-33.399071
9757211,-10406,-33.399071
9762211,-10437,-32.355347
9767211,-10469,-33.399071
9772211,-10501,-33.399071
9777211,-10532,-32.355347
9782211,-10564,-33.399071
9787211,-10596,-33.399071
9792211,-10627,-32.355347
9797211,-10659,-33.399071
9802211,-10691,-33.399071
9807211,-10722,-32.355347
9812211,-10754,-33.399071
9817211,-10786,-33.399071
9822211,-10817,-32.355347
9827211,-10849,-33.399071
9832211,-10880,-32.355347
9837212,-10912,-33.392391
9842212,-10944,-33.399071
9847213,-10976,-33.392391
9852214,-11007,-32.348877
9857214,-11039,-33.399071
9862214,-11071,-33.399071
9867214,-11102,-32.355347
9872214,-11134,-33.399071
9877214,-11166,-33.399071
9882214,-11197,-32.355347
9887214,-11229,-33.399071
9892214,-11261,-33.399071
9897214,-11292,-32.355347
9902214,-11324,-33.399071
9907214,-11356,-33.399071
9912214,-11387,-32.355347
9917214,-11419,-33.399071
9922214,-11451,-33.399071
9927214,-11482,-32.355347
9932214,-11514,-33.399071
9937214,-11545,-32.355347
9942214,-11577,-33.399071
9947215,-11609,-33.392391
9952216,-11640,-32.348877
9957216,-11672,-33.399071
9962216,-11704,-33.399071
9967216,-11735,-32.355347
9972216,-11767,-33.399071
9977216,-11799,-33.399071
9982216,-11830,-32.355347
9987216,-11862,-33.399071
9992216,-11894,-33.399071
9997216,-11925,-32.355347
10002216,-11957,-33.399071
10007216,-11989,-33.399071
10012216,-12020,-32.355347
10017216,-12052,-33.399071
10022216,-12084,-33.399071
10027216,-12115,-32.355347
10032216,-12147,-33.399071
10037216,-12179,-33.399071
10042216,-12210,-32.355347
10047216,-12242,-33.399071
10052216,-12274,-33.399071
10057216,-12305,-32.355347
10062216,-12337,-33.399071
10067216,-12369,-33.399071
10072216,-12400,-32.355347
10077216,-12432,-33.399071
10082216,-12464,-33.399071
10087216,-12495,-32.355347
10092216,-12527,-33.399071
10097216,-12559,-33.399071
10102216,-12590,-32.355347
10107216,-12622,-33.399071
10112216,-12654,-33.399071
10117216,-12685,-32.355347
10122216,-12717,-33.399071
10127216,-12749,-33.399071
10132216,-12780,-32.355347
10137216,-12812,-33.399071
10142216,-12844,-33.399071
10147216,-12875,-32.355347
10152216,-12907,-33.399071
10157216,-12939,-33.399071
10162216,-12970,-32.355347
10167216,-13002,-33.399071
10172216,-13034,-33.399071
10177216,-13065,-32.355347
10182216,-13097,-33.399071
10187216,-13128,-32.355347
10192217,-13160,-33.392391
10197217,-13192,-33.399071
10202218,-13223,-32.348877
10207218,-13255,-33.399071
10212218,-13287,-33.399071
10217218,-13318,-32.355347
10222219,-13350,-33.392391
10227219,-13382,-33.399071
10232219,-13413,-32.355347
10237219,-13445,-33.399071
10242219,-13477,-33.399071
10247219,-13508,-32.355347
10252219,-13540,-33.399071
10257220,-13572,-33.392391
10262221,-13603,-32.348877
10267221,-13635,-33.399071
10272221,-13666,-32.355347
10277221,-13698,-33.399071
10282221,-13730,-33.399071
10287221,-13762,-33.399071
10292221,-13793,-32.355347
10297221,-13825,-33.399071
10302221,-13857,-33.399071
10307221,-13888,-32.355347
