
Time_us,Position,Speed_rad_per_s
1312008,29913,0.000000
1317008,29913,0.000000
1322008,29913,0.000000
1327008,29913,0.000000
1332008,29913,0.000000
1337008,29913,0.000000
1342008,29913,0.000000
1347008,29913,0.000000
1352008,29913,0.000000
1357008,29913,0.000000
1362008,29913,0.000000
1367008,29913,0.000000
1372008,29913,0.000000
1377008,29913,0.000000
1382008,29913,0.000000
1387008,29913,0.000000
1392008,29913,0.000000
1397008,29913,0.000000
1402008,29913,0.000000
1407008,29913,0.000000
1412008,29913,0.000000
1417008,29913,0.000000
1422008,29913,0.000000
1427008,29913,0.000000
1432008,29913,0.000000
1437008,29913,0.000000
1442008,29913,0.000000
1447008,29913,0.000000
1452008,29913,0.000000
1457008,29913,0.000000
1462008,29913,0.000000
1467008,29913,0.000000
1472008,29913,0.000000
1477008,29913,0.000000
1482008,29913,0.000000
1487008,29913,0.000000
1492008,29913,0.000000
1497008,29913,0.000000
1502008,29913,0.000000
1507008,29913,0.000000
1512008,29913,0.000000
1517008,29913,0.000000
1522008,29913,0.000000
1527008,29913,0.000000
1532008,29913,0.000000
1537008,29913,0.000000
1542008,29913,0.000000
1547008,29913,0.000000
1552008,29913,0.000000
1557008,29913,0.000000
1562008,29913,0.000000
1567008,29913,0.000000
1572008,29913,0.000000
1577008,29913,0.000000
1582008,29913,0.000000
1587008,29913,0.000000
1592008,29913,0.000000
1597008,29913,0.000000
1602008,29913,0.000000
1607008,29913,0.000000
1612008,29913,0.000000
1617008,29913,0.000000
1622008,29913,0.000000
1627008,29913,0.000000
1632008,29913,0.000000
1637008,29913,0.000000
1642008,29913,0.000000
1647008,29913,0.000000
1652008,29913,0.000000
1657008,29913,0.000000
1662008,29913,0.000000
1667008,29913,0.000000
1672008,29913,0.000000
1677008,29913,0.000000
1682008,29913,0.000000
1687008,29913,0.000000
1692008,29913,0.000000
1697008,29913,0.000000
1702008,29913,0.000000
1707008,29913,0.000000
1712008,29913,0.000000
1717008,29913,0.000000
1722008,29913,0.000000
1727008,29913,0.000000
1732008,29913,0.000000
1737008,29913,0.000000
1742008,29913,0.000000
1747008,29913,0.000000
1752008,29913,0.000000
1757008,29913,0.000000
1762008,29913,0.000000
1767008,29913,0.000000
1772008,29913,0.000000
1777008,29913,0.000000
1782008,29913,0.000000
1787008,29913,0.000000
1792008,29913,0.000000
1797008,29913,0.000000
1802008,29913,0.000000
1807008,29913,0.000000
1812008,29913,0.000000
1817008,29913,0.000000
1822008,29913,0.000000
1827008,29913,0.000000
1832008,29913,0.000000
1837008,29913,0.000000
1842008,29913,0.000000
1847008,29913,0.000000
1852008,29913,0.000000
1857008,29913,0.000000
1862008,29913,0.000000
1867008,29913,0.000000
1872008,29913,0.000000
1877008,29913,0.000000
1882008,29913,0.000000
1887008,29913,0.000000
1892008,29913,0.000000
1897008,29913,0.000000
1902008,29913,0.000000
1907008,29913,0.000000
1912008,29913,0.000000
1917008,29913,0.000000
1922008,29913,0.000000
1927008,29913,0.000000
1932008,29913,0.000000
1937008,29913,0.000000
1942008,29913,0.000000
1947008,29913,0.000000
1952008,29913,0.000000
1957008,29913,0.000000
1962008,29913,0.000000
1967008,29913,0.000000
1972008,29913,0.000000
1977008,29913,0.000000
1982008,29913,0.000000
1987008,29913,0.000000
1992008,29913,0.000000
1997008,29913,0.000000
2002008,29913,0.000000
2007008,29913,0.000000
2012008,29913,0.000000
2017008,29913,0.000000
2022008,29913,0.000000
2027008,29913,0.000000
2032008,29913,0.000000
2037008,29913,0.000000
2042008,29913,0.000000
2047008,29913,0.000000
2052008,29913,0.000000
2057008,29913,0.000000
2062008,29913,0.000000
2067008,29913,0.000000
2072008,29913,0.000000
2077008,29913,0.000000
2082008,29913,0.000000
2087008,29913,0.000000
2092008,29913,0.000000
2097008,29913,0.000000
2102008,29913,0.000000
2107008,29913,0.000000
2112008,29913,0.000000
2117008,29913,0.000000
2122008,29913,0.000000
2127008,29913,0.000000
2132008,29913,0.000000
2137008,29913,0.000000
2142008,29913,0.000000
2147008,29913,0.000000
2152008,29913,0.000000
2157008,29913,0.000000
2162008,29913,0.000000
2167008,29913,0.000000
2172008,29913,0.000000
2177008,29913,0.000000
2182008,29913,0.000000
2187008,29913,0.000000
2192008,29913,0.000000
2197008,29913,0.000000
2202008,29913,0.000000
2207008,29913,0.000000
2212008,29913,0.000000
2217008,29913,0.000000
2222008,29913,0.000000
2227008,29913,0.000000
2232008,29913,0.000000
2237008,29913,0.000000
2242008,29913,0.000000
2247008,29913,0.000000
2252008,29913,0.000000
2257008,29913,0.000000
2262008,29913,0.000000
2267008,29913,0.000000
2272008,29913,0.000000
2277008,29913,0.000000
2282008,29913,0.000000
2287008,29913,0.000000
2292008,29913,0.000000
2297008,29913,0.000000
2302008,29913,0.000000
2307008,29913,0.000000
2312008,29913,0.000000
2317008,29913,0.000000
2322008,29913,0.000000
2327008,29913,0.000000
2332008,29913,0.000000
2337008,29913,0.000000
2342008,29913,0.000000
2347008,29913,0.000000
2352008,29913,0.000000
2357008,29913,0.000000
2362008,29913,0.000000
2367008,29913,0.000000
2372008,29913,0.000000
2377008,29913,0.000000
2382008,29913,0.000000
2387008,29913,0.000000
2392008,29913,0.000000
2397008,29913,0.000000
2402008,29913,0.000000
2407008,29913,0.000000
2412008,29913,0.000000
2417008,29913,0.000000
2422008,29913,0.000000
2427008,29913,0.000000
2432008,29913,0.000000
2437008,29913,0.000000
2442008,29913,0.000000
2447008,29913,0.000000
2452008,29913,0.000000
2457008,29913,0.000000
2462008,29913,0.000000
2467008,29913,0.000000
2472008,29913,0.000000
2477008,29913,0.000000
2482008,29913,0.000000
2487008,29913,0.000000
2492008,29913,0.000000
2497008,29913,0.000000
2502008,29913,0.000000
2507008,29913,0.000000
2512008,29913,0.000000
2517008,29913,0.000000
2522008,29913,0.000000
2527008,29913,0.000000
2532008,29913,0.000000
2537008,29913,0.000000
2542008,29913,0.000000
2547008,29913,0.000000
2552008,29913,0.000000
2557008,29913,0.000000
2562008,29913,0.000000
2567008,29913,0.000000
2572008,29913,0.000000
2577008,29913,0.000000
2582008,29913,0.000000
2587008,29913,0.000000
2592008,29913,0.000000
2597008,29913,0.000000
2602008,29913,0.000000
2607008,29913,0.000000
2612008,29913,0.000000
2617008,29913,0.000000
2622008,29913,0.000000
2627008,29913,0.000000
2632008,29913,0.000000
2637008,29913,0.000000
2642008,29913,0.000000
2647008,29913,0.000000
2652008,29913,0.000000
2657008,29913,0.000000
2662008,29913,0.000000
2667008,29913,0.000000
2672008,29913,0.000000
2677008,29913,0.000000
2682008,29913,0.000000
2687008,29913,0.000000
2692008,29913,0.000000
2697008,29913,0.000000
2702008,29913,0.000000
2707008,29913,0.000000
2712008,29913,0.000000
2717008,29913,0.000000
2722008,29913,0.000000
2727008,29913,0.000000
2732008,29913,0.000000
2737008,29913,0.000000
2742008,29913,0.000000
2747008,29913,0.000000
2752008,29913,0.000000
2757008,29913,0.000000
2762008,29913,0.000000
2767008,29913,0.000000
2772008,29913,0.000000
2777008,29913,0.000000
2782008,29913,0.000000
2787008,29913,0.000000
2792008,29913,0.000000
2797008,29913,0.000000
2802008,29913,0.000000
2807008,29913,0.000000
2812008,29913,0.000000
2817008,29913,0.000000
2822008,29913,0.000000
2827008,29913,0.000000
2832008,29913,0.000000
2837008,29913,0.000000
2842008,29913,0.000000
2847008,29913,0.000000
2852008,29913,0.000000
2857008,29913,0.000000
2862008,29913,0.000000
2867008,29913,0.000000
2872008,29913,0.000000
2877008,29913,0.000000
2882008,29913,0.000000
2887008,29913,0.000000
2892008,29913,0.000000
2897008,29913,0.000000
2902008,29913,0.000000
2907008,29913,0.000000
2912008,29913,0.000000
2917008,29913,0.000000
2922008,29913,0.000000
2927008,29913,0.000000
2932008,29913,0.000000
2937008,29913,0.000000
2942008,29913,0.000000
2947008,29913,0.000000
2952008,29913,0.000000
2957008,29913,0.000000
2962008,29913,0.000000
2967008,29913,0.000000
2972008,29913,0.000000
2977008,29913,0.000000
2982008,29913,0.000000
2987008,29913,0.000000
2992008,29913,0.000000
2997008,29913,0.000000
3002008,29913,0.000000
3007008,29913,0.000000
3012008,29913,0.000000
3017008,29913,0.000000
3022008,29913,0.000000
3027008,29913,0.000000
3032008,29913,0.000000
3037008,29913,0.000000
3042008,29913,0.000000
3047008,29913,0.000000
3052008,29913,0.000000
3057008,29913,0.000000
3062008,29913,0.000000
3067008,29913,0.000000
3072008,29913,0.000000
3077008,29913,0.000000
3082008,29913,0.000000
3087008,29913,0.000000
3092008,29913,0.000000
3097008,29913,0.000000
3102008,29913,0.000000
3107008,29913,0.000000
3112008,29913,0.000000
3117008,29913,0.000000
3122008,29913,0.000000
3127008,29913,0.000000
3132008,29913,0.000000
3137008,29913,0.000000
3142008,29913,0.000000
3147008,29913,0.000000
3152008,29913,0.000000
3157008,29913,0.000000
3162008,29913,0.000000
3167008,29913,0.000000
3172008,29913,0.000000
3177008,29913,0.000000
3182008,29913,0.000000
3187008,29913,0.000000
3192008,29913,0.000000
3197008,29913,0.000000
3202008,29913,0.000000
3207008,29913,0.000000
3212008,29913,0.000000
3217008,29913,0.000000
3222008,29913,0.000000
3227008,29913,0.000000
3232008,29913,0.000000
3237008,29913,0.000000
3242008,29913,0.000000
3247008,29913,0.000000
3252008,29913,0.000000
3257008,29913,0.000000
3262008,29913,0.000000
3267008,29913,0.000000
3272008,29913,0.000000
3277008,29913,0.000000
3282008,29913,0.000000
3287008,29913,0.000000
3292008,29913,0.000000
3297008,29913,0.000000
3302008,29913,0.000000
3307008,29913,0.000000
3312008,29913,0.000000
3317008,29913,0.000000
3322008,29913,0.000000
3327008,29913,0.000000
3332008,29913,0.000000
3337008,29913,0.000000
3342008,29913,0.000000
3347008,29913,0.000000
3352008,29913,0.000000
3357008,29913,0.000000
3362008,29913,0.000000
3367008,29913,0.000000
3372008,29913,0.000000
3377008,29913,0.000000
3382008,29913,0.000000
3387008,29913,0.000000
3392008,29913,0.000000
3397008,29913,0.000000
3402008,29913,0.000000
3407008,29913,0.000000
3412008,29913,0.000000
3417008,29913,0.000000
3422008,29913,0.000000
3427008,29913,0.000000
3432008,29913,0.000000
3437008,29913,0.000000
3442008,29913,0.000000
3447008,29913,0.000000
3452008,29913,0.000000
3457008,29913,0.000000
3462008,29913,0.000000
3467008,29913,0.000000
3472008,29913,0.000000
3477008,29913,0.000000
3482008,29913,0.000000
3487008,29913,0.000000
3492008,29913,0.000000
3497008,29913,0.000000
3502008,29913,0.000000
3507008,29913,0.000000
3512008,29913,0.000000
3517008,29913,0.000000
3522008,29913,0.000000
3527008,29913,0.000000
3532008,29913,0.000000
3537008,29913,0.000000
3542008,29913,0.000000
3547008,29913,0.000000
3552008,29913,0.000000
3557008,29913,0.000000
3562008,29913,0.000000
3567008,29913,0.000000
3572008,29913,0.000000
3577008,29913,0.000000
3582008,29913,0.000000
3587008,29913,0.000000
3592008,29913,0.000000
3597008,29913,0.000000
3602008,29913,0.000000
3607008,29913,0.000000
3612008,29913,0.000000
3617008,29913,0.000000
3622008,29913,0.000000
3627008,29913,0.000000
3632008,29913,0.000000
3637008,29913,0.000000
3642008,29913,0.000000
3647008,29913,0.000000
3652008,29913,0.000000
3657008,29913,0.000000
3662008,29913,0.000000
3667008,29913,0.000000
3672008,29913,0.000000
3677008,29913,0.000000
3682008,29913,0.000000
3687008,29913,0.000000
3692008,29913,0.000000
3697008,29913,0.000000
3702008,29913,0.000000
3707008,29913,0.000000
3712008,29913,0.000000
3717008,29913,0.000000
3722008,29913,0.000000
3727008,29913,0.000000
3732008,29913,0.000000
3737008,29913,0.000000
3742008,29913,0.000000
3747008,29913,0.000000
3752008,29913,0.000000
3757008,29913,0.000000
3762008,29913,0.000000
3767008,29913,0.000000
3772008,29913,0.000000
3777008,29913,0.000000
3782008,29913,0.000000
3787008,29913,0.000000
3792008,29913,0.000000
3797008,29913,0.000000
3802008,29913,0.000000
3807008,29913,0.000000
3812008,29913,0.000000
3817008,29913,0.000000
3822008,29913,0.000000
3827008,29913,0.000000
3832008,29913,0.000000
3837008,29913,0.000000
3842008,29913,0.000000
3847008,29913,0.000000
3852008,29913,0.000000
3857008,29913,0.000000
3862008,29913,0.000000
3867008,29913,0.000000
3872008,29913,0.000000
3877008,29913,0.000000
3882008,29913,0.000000
3887008,29913,0.000000
3892008,29913,0.000000
3897008,29913,0.000000
3902008,29913,0.000000
3907008,29913,0.000000
3912008,29913,0.000000
3917008,29913,0.000000
3922008,29913,0.000000
3927008,29913,0.000000
3932008,29913,0.000000
3937008,29913,0.000000
3942008,29913,0.000000
3947008,29913,0.000000
3952008,29913,0.000000
3957008,29913,0.000000
3962008,29913,0.000000
3967008,29913,0.000000
3972008,29913,0.000000
3977008,29913,0.000000
3982008,29913,0.000000
3987008,29913,0.000000
3992008,29913,0.000000
3997008,29913,0.000000
4002008,29913,0.000000
4007008,29913,0.000000
4012008,29913,0.000000
4017008,29913,0.000000
4022008,29913,0.000000
4027008,29913,0.000000
4032008,29913,0.000000
4037008,29913,0.000000
4042008,29913,0.000000
4047008,29913,0.000000
4052008,29913,0.000000
4057008,29913,0.000000
4062008,29913,0.000000
4067008,29913,0.000000
4072008,29913,0.000000
4077008,29913,0.000000
4082008,29913,0.000000
4087008,29913,0.000000
4092008,29913,0.000000
4097008,29913,0.000000
4102008,29913,0.000000
4107008,29913,0.000000
4112008,29913,0.000000
4117008,29913,0.000000
4122008,29913,0.000000
4127008,29913,0.000000
4132008,29913,0.000000
4137008,29913,0.000000
4142008,29913,0.000000
4147008,29913,0.000000
4152008,29913,0.000000
4157008,29913,0.000000
4162008,29913,0.000000
4167008,29913,0.000000
4172008,29913,0.000000
4177008,29913,0.000000
4182008,29913,0.000000
4187008,29913,0.000000
4192008,29913,0.000000
4197008,29913,0.000000
4202008,29913,0.000000
4207008,29913,0.000000
4212008,29913,0.000000
4217008,29913,0.000000
4222008,29913,0.000000
4227008,29913,0.000000
4232008,29913,0.000000
4237008,29913,0.000000
4242008,29913,0.000000
4247008,29913,0.000000
4252008,29913,0.000000
4257008,29913,0.000000
4262008,29913,0.000000
4267008,29913,0.000000
4272008,29913,0.000000
4277008,29913,0.000000
4282008,29913,0.000000
4287008,29913,0.000000
4292008,29913,0.000000
4297008,29913,0.000000
4302008,29913,0.000000
4307008,29913,0.000000
4312008,29913,0.000000
4317008,29913,0.000000
4322008,29913,0.000000
4327008,29913,0.000000
4332008,29913,0.000000
4337008,29913,0.000000
4342008,29913,0.000000
4347008,29913,0.000000
4352008,29913,0.000000
4357008,29913,0.000000
4362008,29913,0.000000
4367008,29913,0.000000
4372008,29913,0.000000
4377008,29913,0.000000
4382008,29913,0.000000
4387008,29913,0.000000
4392008,29913,0.000000
4397008,29913,0.000000
4402008,29913,0.000000
4407008,29913,0.000000
4412008,29913,0.000000
4417008,29913,0.000000
4422008,29913,0.000000
4427008,29913,0.000000
4432008,29913,0.000000
4437008,29913,0.000000
4442008,29913,0.000000
4447008,29913,0.000000
4452008,29913,0.000000
4457008,29913,0.000000
4462008,29913,0.000000
4467008,29913,0.000000
4472008,29913,0.000000
4477008,29913,0.000000
4482008,29913,0.000000
4487008,29913,0.000000
4492008,29913,0.000000
4497008,29913,0.000000
4502008,29913,0.000000
4507008,29913,0.000000
4512008,29913,0.000000
4517008,29913,0.000000
4522008,29913,0.000000
4527008,29913,0.000000
4532008,29913,0.000000
4537008,29913,0.000000
4542008,29913,0.000000
4547008,29913,0.000000
4552008,29913,0.000000
4557008,29913,0.000000
4562008,29913,0.000000
4567008,29913,0.000000
4572008,29913,0.000000
4577008,29913,0.000000
4582008,29913,0.000000
4587008,29913,0.000000
4592008,29913,0.000000
4597008,29913,0.000000
4602008,29913,0.000000
4607008,29913,0.000000
4612008,29913,0.000000
4617008,29913,0.000000
4622008,29913,0.000000
4627008,29913,0.000000
4632008,29913,0.000000
4637008,29913,0.000000
4642008,29913,0.000000
4647008,29913,0.000000
4652008,29913,0.000000
4657008,29913,0.000000
4662008,29913,0.000000
4667008,29913,0.000000
4672008,29913,0.000000
4677008,29913,0.000000
4682008,29913,0.000000
4687008,29913,0.000000
4692008,29913,0.000000
4697008,29913,0.000000
4702008,29913,0.000000
4707008,29913,0.000000
4712008,29913,0.000000
4717008,29913,0.000000
4722008,29913,0.000000
4727008,29913,0.000000
4732008,29913,0.000000
4737008,29913,0.000000
4742008,29913,0.000000
4747008,29913,0.000000
4752008,29913,0.000000
4757008,29913,0.000000
4762008,29913,0.000000
4767008,29913,0.000000
4772008,29913,0.000000
4777008,29913,0.000000
4782008,29913,0.000000
4787008,29913,0.000000
4792008,29913,0.000000
4797008,29913,0.000000
4802008,29913,0.000000
4807008,29913,0.000000
4812008,29913,0.000000
4817008,29913,0.000000
4822008,29913,0.000000
4827008,29913,0.000000
4832008,29913,0.000000
4837008,29913,0.000000
4842008,29913,0.000000
4847008,29913,0.000000
4852008,29913,0.000000
4857008,29913,0.000000
4862008,29913,0.000000
4867008,29913,0.000000
4872008,29913,0.000000
4877008,29913,0.000000
4882008,29913,0.000000
4887008,29913,0.000000
4892008,29913,0.000000
4897008,29913,0.000000
4902008,29913,0.000000
4907008,29913,0.000000
4912008,29913,0.000000
4917008,29913,0.000000
4922008,29913,0.000000
4927008,29913,0.000000
4932008,29913,0.000000
4937008,29913,0.000000
4942008,29913,0.000000
4947008,29913,0.000000
4952008,29913,0.000000
4957008,29913,0.000000
4962008,29913,0.000000
4967008,29913,0.000000
4972008,29913,0.000000
4977008,29913,0.000000
4982008,29913,0.000000
4987008,29913,0.000000
4992008,29913,0.000000
4997008,29913,0.000000
5002008,29913,0.000000
5007008,29913,0.000000
5012008,29913,0.000000
5017008,29913,0.000000
5022008,29913,0.000000
5027008,29913,0.000000
5032008,29913,0.000000
5037008,29913,0.000000
5042008,29913,0.000000
5047008,29913,0.000000
5052008,29913,0.000000
5057008,29913,0.000000
5062008,29913,0.000000
5067008,29913,0.000000
5072008,29913,0.000000
5077008,29913,0.000000
5082008,29913,0.000000
5087008,29913,0.000000
5092008,29913,0.000000
5097008,29913,0.000000
5102008,29913,0.000000
5107008,29913,0.000000
5112008,29913,0.000000
5117008,29913,0.000000
5122008,29913,0.000000
5127008,29913,0.000000
5132008,29913,0.000000
5137008,29913,0.000000
5142008,29913,0.000000
5147008,29913,0.000000
5152008,29913,0.000000
5157008,29913,0.000000
5162008,29913,0.000000
5167008,29913,0.000000
5172008,29913,0.000000
5177008,29913,0.000000
5182008,29913,0.000000
5187008,29913,0.000000
5192008,29913,0.000000
5197008,29913,0.000000
5202008,29913,0.000000
5207008,29913,0.000000
5212008,29913,0.000000
5217008,29913,0.000000
5222008,29913,0.000000
5227008,29913,0.000000
5232008,29913,0.000000
5237008,29913,0.000000
5242008,29913,0.000000
5247008,29913,0.000000
5252008,29913,0.000000
5257008,29913,0.000000
5262008,29913,0.000000
5267008,29913,0.000000
5272008,29913,0.000000
5277008,29913,0.000000
5282008,29913,0.000000
5287008,29913,0.000000
5292008,29913,0.000000
5297008,29913,0.000000
5302008,29913,0.000000
5307008,29913,0.000000
5312008,29913,0.000000
5317008,29913,0.000000
5322008,29913,0.000000
5327008,29913,0.000000
5332008,29913,0.000000
5337008,29913,0.000000
5342008,29913,0.000000
5347008,29913,0.000000
5352008,29913,0.000000
5357008,29913,0.000000
5362008,29913,0.000000
5367008,29913,0.000000
5372008,29913,0.000000
5377008,29913,0.000000
5382008,29913,0.000000
5387008,29913,0.000000
5392008,29913,0.000000
5397008,29913,0.000000
5402008,29913,0.000000
5407008,29913,0.000000
5412008,29913,0.000000
5417008,29913,0.000000
5422008,29913,0.000000
5427008,29913,0.000000
5432008,29913,0.000000
5437008,29913,0.000000
5442008,29913,0.000000
5447008,29913,0.000000
5452008,29913,0.000000
5457008,29913,0.000000
5462008,29913,0.000000
5467008,29913,0.000000
5472008,29913,0.000000
5477008,29913,0.000000
5482008,29913,0.000000
5487008,29913,0.000000
5492008,29913,0.000000
5497008,29913,0.000000
5502008,29913,0.000000
5507008,29913,0.000000
5512008,29913,0.000000
5517008,29913,0.000000
5522008,29913,0.000000
5527008,29913,0.000000
5532008,29913,0.000000
5537008,29913,0.000000
5542008,29913,0.000000
5547008,29913,0.000000
5552008,29913,0.000000
5557008,29913,0.000000
5562008,29913,0.000000
5567008,29913,0.000000
5572008,29913,0.000000
5577008,29913,0.000000
5582008,29913,0.000000
5587008,29913,0.000000
5592008,29913,0.000000
5597008,29913,0.000000
5602008,29913,0.000000
5607008,29913,0.000000
5612008,29913,0.000000
5617008,29913,0.000000
5622008,29913,0.000000
5627008,29913,0.000000
5632008,29913,0.000000
5637008,29913,0.000000
5642008,29913,0.000000
5647008,29913,0.000000
5652008,29913,0.000000
5657008,29913,0.000000
5662008,29913,0.000000
5667008,29913,0.000000
5672008,29913,0.000000
5677008,29913,0.000000
5682008,29913,0.000000
5687008,29913,0.000000
5692008,29913,0.000000
5697008,29913,0.000000
5702008,29913,0.000000
5707008,29913,0.000000
5712008,29913,0.000000
5717008,29913,0.000000
5722008,29913,0.000000
5727008,29913,0.000000
5732008,29913,0.000000
5737008,29913,0.000000
5742008,29913,0.000000
5747008,29913,0.000000
5752008,29913,0.000000
5757008,29913,0.000000
5762008,29913,0.000000
5767008,29913,0.000000
5772008,29913,0.000000
5777008,29913,0.000000
5782008,29913,0.000000
5787008,29913,0.000000
5792008,29913,0.000000
5797008,29913,0.000000
5802008,29913,0.000000
5807008,29913,0.000000
5812008,29913,0.000000
5817008,29913,0.000000
5822008,29913,0.000000
5827008,29913,0.000000
5832008,29913,0.000000
5837008,29913,0.000000
5842008,29913,0.000000
5847008,29913,0.000000
5852008,29913,0.000000
5857008,29913,0.000000
5862008,29913,0.000000
5867008,29913,0.000000
5872008,29913,0.000000
5877008,29913,0.000000
5882008,29913,0.000000
5887008,29913,0.000000
5892008,29913,0.000000
5897008,29913,0.000000
5902008,29913,0.000000
5907008,29913,0.000000
5912008,29913,0.000000
5917008,29913,0.000000
5922008,29913,0.000000
5927008,29913,0.000000
5932008,29913,0.000000
5937008,29913,0.000000
5942008,29913,0.000000
5947008,29913,0.000000
5952008,29913,0.000000
5957008,29913,0.000000
5962008,29913,0.000000
5967008,29913,0.000000
5972008,29913,0.000000
5977008,29913,0.000000
5982008,29913,0.000000
5987008,29913,0.000000
5992008,29913,0.000000
5997008,29913,0.000000
6002008,29913,0.000000
6007008,29913,0.000000
6012008,29913,0.000000
6017008,29913,0.000000
6022008,29913,0.000000
6027008,29913,0.000000
6032008,29913,0.000000
6037008,29913,0.000000
6042008,29913,0.000000
6047008,29913,0.000000
6052008,29913,0.000000
6057008,29913,0.000000
6062008,29913,0.000000
6067008,29913,0.000000
6072008,29913,0.000000
6077008,29913,0.000000
6082008,29913,0.000000
6087008,29913,0.000000
6092008,29913,0.000000
6097008,29913,0.000000
6102008,29913,0.000000
6107008,29913,0.000000
6112008,29913,0.000000
6117008,29913,0.000000
6122008,29913,0.000000
6127008,29913,0.000000
6132008,29913,0.000000
6137008,29913,0.000000
6142008,29913,0.000000
6147008,29913,0.000000
6152008,29913,0.000000
6157008,29913,0.000000
6162008,29913,0.000000
6167008,29913,0.000000
6172008,29913,0.000000
6177008,29913,0.000000
6182008,29913,0.000000
6187008,29913,0.000000
6192008,29913,0.000000
6197008,29913,0.000000
6202008,29913,0.000000
6207008,29913,0.000000
6212008,29913,0.000000
6217008,29913,0.000000
6222008,29913,0.000000
6227008,29913,0.000000
6232008,29913,0.000000
6237008,29913,0.000000
6242008,29913,0.000000
6247008,29913,0.000000
6252008,29913,0.000000
6257008,29913,0.000000
6262008,29913,0.000000
6267008,29913,0.000000
6272008,29913,0.000000
6277008,29913,0.000000
6282008,29913,0.000000
6287008,29913,0.000000
6292008,29913,0.000000
6297008,29913,0.000000
6302008,29913,0.000000
6307008,29913,0.000000
6312008,29913,0.000000
6317008,29913,0.000000
6322008,29913,0.000000
6327008,29913,0.000000
6332008,29913,0.000000
6337008,29913,0.000000
6342008,29913,0.000000
6347008,29913,0.000000
6352008,29913,0.000000
6357008,29913,0.000000
6362008,29913,0.000000
6367008,29913,0.000000
6372008,29913,0.000000
6377008,29913,0.000000
6382008,29913,0.000000
6387008,29913,0.000000
6392008,29913,0.000000
6397008,29913,0.000000
6402008,29913,0.000000
6407008,29913,0.000000
6412008,29913,0.000000
6417008,29913,0.000000
6422008,29913,0.000000
6427008,29913,0.000000
6432008,29913,0.000000
6437008,29913,0.000000
6442008,29913,0.000000
6447008,29913,0.000000
6452008,29913,0.000000
6457008,29913,0.000000
6462008,29913,0.000000
6467008,29913,0.000000
6472008,29913,0.000000
6477008,29913,0.000000
6482008,29913,0.000000
6487008,29913,0.000000
6492008,29913,0.000000
6497008,29913,0.000000
6502008,29913,0.000000
6507008,29913,0.000000
6512008,29913,0.000000
6517008,29913,0.000000
6522008,29913,0.000000
6527008,29913,0.000000
6532008,29913,0.000000
6537008,29913,0.000000
6542008,29913,0.000000
6547008,29913,0.000000
6552008,29913,0.000000
6557008,29913,0.000000
6562008,29913,0.000000
6567008,29913,0.000000
6572008,29913,0.000000
6577008,29913,0.000000
6582008,29913,0.000000
6587008,29913,0.000000
6592008,29913,0.000000
6597008,29913,0.000000
6602008,29913,0.000000
6607008,29913,0.000000
6612008,29913,0.000000
6617008,29913,0.000000
6622008,29913,0.000000
6627008,29913,0.000000
6632008,29913,0.000000
6637008,29913,0.000000
6642008,29913,0.000000
6647008,29913,0.000000
6652008,29913,0.000000
6657008,29913,0.000000
6662008,29913,0.000000
6667008,29913,0.000000
6672008,29913,0.000000
6677008,29913,0.000000
6682008,29913,0.000000
6687008,29913,0.000000
6692008,29913,0.000000
6697008,29913,0.000000
6702008,29913,0.000000
6707008,29913,0.000000
6712008,29913,0.000000
6717008,29913,0.000000
6722008,29913,0.000000
6727008,29913,0.000000
6732008,29913,0.000000
6737008,29913,0.000000
6742008,29913,0.000000
6747008,29913,0.000000
6752008,29913,0.000000
6757008,29913,0.000000
6762008,29913,0.000000
6767008,29913,0.000000
6772008,29913,0.000000
6777008,29913,0.000000
6782008,29913,0.000000
6787008,29913,0.000000
6792008,29913,0.000000
6797008,29913,0.000000
6802008,29913,0.000000
6807008,29913,0.000000
6812008,29913,0.000000
6817008,29913,0.000000
6822008,29913,0.000000
6827008,29913,0.000000
6832008,29913,0.000000
6837008,29913,0.000000
6842008,29913,0.000000
6847008,29913,0.000000
6852008,29913,0.000000
6857008,29913,0.000000
6862008,29913,0.000000
6867008,29913,0.000000
6872008,29913,0.000000
6877008,29913,0.000000
6882008,29913,0.000000
6887008,29913,0.000000
6892008,29913,0.000000
6897008,29913,0.000000
6902008,29913,0.000000
6907008,29913,0.000000
6912008,29913,0.000000
6917008,29913,0.000000
6922008,29913,0.000000
6927008,29913,0.000000
6932008,29913,0.000000
6937008,29913,0.000000
6942008,29913,0.000000
6947008,29913,0.000000
6952008,29913,0.000000
6957008,29913,0.000000
6962008,29913,0.000000
6967008,29913,0.000000
6972008,29913,0.000000
6977008,29913,0.000000
6982008,29913,0.000000
6987008,29913,0.000000
6992008,29913,0.000000
6997008,29913,0.000000
7002008,29913,0.000000
7007008,29913,0.000000
7012008,29913,0.000000
7017008,29913,0.000000
7022008,29913,0.000000
7027008,29913,0.000000
7032008,29913,0.000000
7037008,29913,0.000000
7042008,29913,0.000000
7047008,29913,0.000000
7052008,29913,0.000000
7057008,29913,0.000000
7062008,29913,0.000000
7067008,29913,0.000000
7072008,29913,0.000000
7077008,29913,0.000000
7082008,29913,0.000000
7087008,29913,0.000000
7092008,29913,0.000000
7097008,29913,0.000000
7102008,29913,0.000000
7107008,29913,0.000000
7112008,29913,0.000000
7117008,29913,0.000000
7122008,29913,0.000000
7127008,29913,0.000000
7132008,29913,0.000000
7137008,29913,0.000000
7142008,29913,0.000000
7147008,29913,0.000000
7152008,29913,0.000000
7157008,29913,0.000000
7162008,29913,0.000000
7167008,29913,0.000000
7172008,29913,0.000000
7177008,29913,0.000000
7182008,29913,0.000000
7187008,29913,0.000000
7192008,29913,0.000000
7197008,29913,0.000000
7202008,29913,0.000000
7207008,29913,0.000000
7212008,29913,0.000000
7217008,29913,0.000000
7222008,29913,0.000000
7227008,29913,0.000000
7232008,29913,0.000000
7237008,29913,0.000000
7242008,29913,0.000000
7247008,29913,0.000000
7252008,29913,0.000000
7257008,29913,0.000000
7262008,29913,0.000000
7267008,29913,0.000000
7272008,29913,0.000000
7277008,29913,0.000000
7282008,29913,0.000000
7287008,29913,0.000000
7292008,29913,0.000000
7297008,29913,0.000000
7302008,29913,0.000000
7307008,29913,0.000000
7312008,29913,0.000000
7317008,29913,0.000000
7322008,29913,0.000000
7327008,29913,0.000000
7332008,29913,0.000000
7337008,29913,0.000000
7342008,29913,0.000000
7347008,29913,0.000000
7352008,29913,0.000000
7357008,29913,0.000000
7362008,29913,0.000000
7367008,29913,0.000000
7372008,29913,0.000000
7377008,29913,0.000000
7382008,29913,0.000000
7387008,29913,0.000000
7392008,29913,0.000000
7397008,29913,0.000000
7402008,29913,0.000000
7407008,29913,0.000000
7412008,29913,0.000000
7417008,29913,0.000000
7422008,29913,0.000000
7427008,29913,0.000000
7432008,29913,0.000000
7437008,29913,0.000000
7442008,29913,0.000000
7447008,29913,0.000000
7452008,29913,0.000000
7457008,29913,0.000000
7462008,29913,0.000000
7467008,29913,0.000000
7472008,29913,0.000000
7477008,29913,0.000000
7482008,29913,0.000000
7487008,29913,0.000000
7492008,29913,0.000000
7497008,29913,0.000000
7502008,29913,0.000000
7507008,29913,0.000000
7512008,29913,0.000000
7517008,29913,0.000000
7522008,29913,0.000000
7527008,29913,0.000000
7532008,29913,0.000000
7537008,29913,0.000000
7542008,29913,0.000000
7547008,29913,0.000000
7552008,29913,0.000000
7557008,29913,0.000000
7562008,29913,0.000000
7567008,29913,0.000000
7572008,29913,0.000000
7577008,29913,0.000000
7582008,29913,0.000000
7587008,29913,0.000000
7592008,29913,0.000000
7597008,29913,0.000000
7602008,29913,0.000000
7607008,29913,0.000000
7612008,29913,0.000000
7617008,29913,0.000000
7622008,29913,0.000000
7627008,29913,0.000000
7632008,29913,0.000000
7637008,29913,0.000000
7642008,29913,0.000000
7647008,29913,0.000000
7652008,29913,0.000000
7657008,29913,0.000000
7662008,29913,0.000000
7667008,29913,0.000000
7672008,29913,0.000000
7677008,29913,0.000000
7682008,29913,0.000000
7687008,29913,0.000000
7692008,29913,0.000000
7697008,29913,0.000000
7702008,29913,0.000000
7707008,29913,0.000000
7712008,29913,0.000000
7717008,29913,0.000000
7722008,29913,0.000000
7727008,29913,0.000000
7732008,29913,0.000000
7737008,29913,0.000000
7742008,29913,0.000000
7747008,29913,0.000000
7752008,29913,0.000000
7757008,29913,0.000000
7762008,29913,0.000000
7767008,29913,0.000000
7772008,29913,0.000000
7777008,29913,0.000000
7782008,29913,0.000000
7787008,29913,0.000000
7792008,29913,0.000000
7797008,29913,0.000000
7802008,29913,0.000000
7807008,29913,0.000000
7812008,29913,0.000000
7817008,29913,0.000000
7822008,29913,0.000000
7827008,29913,0.000000
7832008,29913,0.000000
7837008,29913,0.000000
7842008,29913,0.000000
7847008,29913,0.000000
7852008,29913,0.000000
7857008,29913,0.000000
7862008,29913,0.000000
7867008,29913,0.000000
7872008,29913,0.000000
7877008,29913,0.000000
7882008,29913,0.000000
7887008,29913,0.000000
7892008,29913,0.000000
7897008,29913,0.000000
7902008,29913,0.000000
7907008,29913,0.000000
7912008,29913,0.000000
7917008,29913,0.000000
7922008,29913,0.000000
7927008,29913,0.000000
7932008,29913,0.000000
7937008,29913,0.000000
7942008,29913,0.000000
7947008,29913,0.000000
7952008,29913,0.000000
7957008,29913,0.000000
7962008,29913,0.000000
7967008,29913,0.000000
7972008,29913,0.000000
7977008,29913,0.000000
7982008,29913,0.000000
7987008,29913,0.000000
7992008,29913,0.000000
7997008,29913,0.000000
8002008,29913,0.000000
8007008,29913,0.000000
8012008,29913,0.000000
8017008,29913,0.000000
8022008,29913,0.000000
8027008,29913,0.000000
8032008,29913,0.000000
8037008,29913,0.000000
8042008,29913,0.000000
8047008,29913,0.000000
8052008,29913,0.000000
8057008,29913,0.000000
8062008,29913,0.000000
8067008,29913,0.000000
8072008,29913,0.000000
8077008,29913,0.000000
8082008,29913,0.000000
8087008,29913,0.000000
8092008,29913,0.000000
8097008,29913,0.000000
8102008,29913,0.000000
8107008,29913,0.000000
8112008,29913,0.000000
8117008,29913,0.000000
8122008,29913,0.000000
8127008,29913,0.000000
8132008,29913,0.000000
8137008,29913,0.000000
8142008,29913,0.000000
8147008,29913,0.000000
8152008,29913,0.000000
8157008,29913,0.000000
8162008,29913,0.000000
8167008,29913,0.000000
8172008,29913,0.000000
8177008,29913,0.000000
8182008,29913,0.000000
8187008,29913,0.000000
8192008,29913,0.000000
8197008,29913,0.000000
8202008,29913,0.000000
8207008,29913,0.000000
8212008,29913,0.000000
8217008,29913,0.000000
8222008,29913,0.000000
8227008,29913,0.000000
8232008,29913,0.000000
8237008,29913,0.000000
8242008,29913,0.000000
8247008,29913,0.000000
8252008,29913,0.000000
8257008,29913,0.000000
8262008,29913,0.000000
8267008,29913,0.000000
8272008,29913,0.000000
8277008,29913,0.000000
8282008,29913,0.000000
8287008,29913,0.000000
8292008,29913,0.000000
8297008,29913,0.000000
8302008,29913,0.000000
8307008,29913,0.000000
8312008,29913,0.000000
8317008,29913,0.000000
8322008,29913,0.000000
8327008,29913,0.000000
8332008,29913,0.000000
8337008,29913,0.000000
8342008,29913,0.000000
8347008,29913,0.000000
8352008,29913,0.000000
8357008,29913,0.000000
8362008,29913,0.000000
8367008,29913,0.000000
8372008,29913,0.000000
8377008,29913,0.000000
8382008,29913,0.000000
8387008,29913,0.000000
8392008,29913,0.000000
8397008,29913,0.000000
8402008,29913,0.000000
8407008,29913,0.000000
8412008,29913,0.000000
8417008,29913,0.000000
8422008,29913,0.000000
8427008,29913,0.000000
8432008,29913,0.000000
8437008,29913,0.000000
8442008,29913,0.000000
8447008,29913,0.000000
8452008,29913,0.000000
8457008,29913,0.000000
8462008,29913,0.000000
8467008,29913,0.000000
8472008,29913,0.000000
8477008,29913,0.000000
8482008,29913,0.000000
8487008,29913,0.000000
8492008,29913,0.000000
8497008,29913,0.000000
8502008,29913,0.000000
8507008,29913,0.000000
8512008,29913,0.000000
8517008,29913,0.000000
8522008,29913,0.000000
8527008,29913,0.000000
8532008,29913,0.000000
8537008,29913,0.000000
8542008,29913,0.000000
8547008,29913,0.000000
8552008,29913,0.000000
8557008,29913,0.000000
8562008,29913,0.000000
8567008,29913,0.000000
8572008,29913,0.000000
8577008,29913,0.000000
8582008,29913,0.000000
8587008,29913,0.000000
8592008,29913,0.000000
8597008,29913,0.000000
8602008,29913,0.000000
8607008,29913,0.000000
8612008,29913,0.000000
8617008,29913,0.000000
8622008,29913,0.000000
8627008,29913,0.000000
8632008,29913,0.000000
8637008,29913,0.000000
8642008,29913,0.000000
8647008,29913,0.000000
8652008,29913,0.000000
8657008,29913,0.000000
8662008,29913,0.000000
8667008,29913,0.000000
8672008,29913,0.000000
8677008,29913,0.000000
8682008,29913,0.000000
8687008,29913,0.000000
8692008,29913,0.000000
8697008,29913,0.000000
8702008,29913,0.000000
8707008,29913,0.000000
8712008,29913,0.000000
8717008,29913,0.000000
8722008,29913,0.000000
8727008,29913,0.000000
8732008,29913,0.000000
8737008,29913,0.000000
8742008,29913,0.000000
8747008,29913,0.000000
8752008,29913,0.000000
8757008,29913,0.000000
8762008,29913,0.000000
8767008,29913,0.000000
8772008,29913,0.000000
8777008,29913,0.000000
8782008,29913,0.000000
8787008,29913,0.000000
8792008,29913,0.000000
8797008,29913,0.000000
8802008,29913,0.000000
8807008,29913,0.000000
8812008,29913,0.000000
8817008,29913,0.000000
8822008,29913,0.000000
8827008,29913,0.000000
8832008,29913,0.000000
8837008,29913,0.000000
8842008,29913,0.000000
8847008,29913,0.000000
8852008,29913,0.000000
8857008,29913,0.000000
8862008,29913,0.000000
8867008,29913,0.000000
8872008,29913,0.000000
8877008,29913,0.000000
8882008,29913,0.000000
8887008,29913,0.000000
8892008,29913,0.000000
8897008,29913,0.000000
8902008,29913,0.000000
8907008,29913,0.000000
8912008,29913,0.000000
8917008,29913,0.000000
8922008,29913,0.000000
8927008,29913,0.000000
8932008,29913,0.000000
8937008,29913,0.000000
8942008,29913,0.000000
8947008,29913,0.000000
8952008,29913,0.000000
8957008,29913,0.000000
8962008,29913,0.000000
8967008,29913,0.000000
8972008,29913,0.000000
8977008,29913,0.000000
8982008,29913,0.000000
8987008,29913,0.000000
8992008,29913,0.000000
8997008,29913,0.000000
9002008,29913,0.000000
9007008,29913,0.000000
9012008,29913,0.000000
9017008,29913,0.000000
9022008,29913,0.000000
9027008,29913,0.000000
9032008,29913,0.000000
9037008,29913,0.000000
9042008,29913,0.000000
9047008,29913,0.000000
9052008,29913,0.000000
9057008,29913,0.000000
9062008,29913,0.000000
9067008,29913,0.000000
9072008,29913,0.000000
9077008,29913,0.000000
9082008,29913,0.000000
9087008,29913,0.000000
9092008,29913,0.000000
9097008,29913,0.000000
9102008,29913,0.000000
9107008,29913,0.000000
9112008,29913,0.000000
9117008,29913,0.000000
9122008,29913,0.000000
9127008,29913,0.000000
9132008,29913,0.000000
9137008,29913,0.000000
9142008,29913,0.000000
9147008,29913,0.000000
9152008,29913,0.000000
9157008,29913,0.000000
9162008,29913,0.000000
9167008,29913,0.000000
9172008,29913,0.000000
9177008,29913,0.000000
9182008,29913,0.000000
9187008,29913,0.000000
9192008,29913,0.000000
9197008,29913,0.000000
9202008,29913,0.000000
9207008,29913,0.000000
9212008,29913,0.000000
9217008,29913,0.000000
9222008,29913,0.000000
9227008,29913,0.000000
9232008,29913,0.000000
9237008,29913,0.000000
9242008,29913,0.000000
9247008,29913,0.000000
9252008,29913,0.000000
9257008,29913,0.000000
9262008,29913,0.000000
9267008,29913,0.000000
9272008,29913,0.000000
9277008,29913,0.000000
9282008,29913,0.000000
9287008,29913,0.000000
9292008,29913,0.000000
9297008,29913,0.000000
9302008,29913,0.000000
9307008,29913,0.000000
9312008,29913,0.000000
9317008,29913,0.000000
9322008,29913,0.000000
9327008,29913,0.000000
9332008,29913,0.000000
9337008,29913,0.000000
9342008,29913,0.000000
9347008,29913,0.000000
9352008,29913,0.000000
9357008,29913,0.000000
9362008,29913,0.000000
9367008,29913,0.000000
9372008,29913,0.000000
9377008,29913,0.000000
9382008,29913,0.000000
9387008,29913,0.000000
9392008,29913,0.000000
9397008,29913,0.000000
9402008,29913,0.000000
9407008,29913,0.000000
9412008,29913,0.000000
9417008,29913,0.000000
9422008,29913,0.000000
9427008,29913,0.000000
9432008,29913,0.000000
9437008,29913,0.000000
9442008,29913,0.000000
9447008,29913,0.000000
9452008,29913,0.000000
9457008,29913,0.000000
9462008,29913,0.000000
9467008,29913,0.000000
9472008,29913,0.000000
9477008,29913,0.000000
9482008,29913,0.000000
9487008,29913,0.000000
9492008,29913,0.000000
9497008,29913,0.000000
9502008,29913,0.000000
9507008,29913,0.000000
9512008,29913,0.000000
9517008,29913,0.000000
9522008,29913,0.000000
9527008,29913,0.000000
9532008,29913,0.000000
9537008,29913,0.000000
9542008,29913,0.000000
9547008,29913,0.000000
9552008,29913,0.000000
9557008,29913,0.000000
9562008,29913,0.000000
9567008,29913,0.000000
9572008,29913,0.000000
9577008,29913,0.000000
9582008,29913,0.000000
9587008,29913,0.000000
9592008,29913,0.000000
9597008,29913,0.000000
9602008,29913,0.000000
9607008,29913,0.000000
9612008,29913,0.000000
9617008,29913,0.000000
9622008,29913,0.000000
9627008,29913,0.000000
9632008,29913,0.000000
9637008,29913,0.000000
9642008,29913,0.000000
9647008,29913,0.000000
9652008,29913,0.000000
9657008,29913,0.000000
9662008,29913,0.000000
9667008,29913,0.000000
9672008,29913,0.000000
9677008,29913,0.000000
9682008,29913,0.000000
9687008,29913,0.000000
9692008,29913,0.000000
9697008,29913,0.000000
9702008,29913,0.000000
9707008,29913,0.000000
9712008,29913,0.000000
9717008,29913,0.000000
9722008,29913,0.000000
9727008,29913,0.000000
9732008,29913,0.000000
9737008,29913,0.000000
9742008,29913,0.000000
9747008,29913,0.000000
9752008,29913,0.000000
9757008,29913,0.000000
9762008,29913,0.000000
9767008,29913,0.000000
9772008,29913,0.000000
9777008,29913,0.000000
9782008,29913,0.000000
9787008,29913,0.000000
9792008,29913,0.000000
9797008,29913,0.000000
9802008,29913,0.000000
9807008,29913,0.000000
9812008,29913,0.000000
9817008,29913,0.000000
9822008,29913,0.000000
9827008,29913,0.000000
9832008,29913,0.000000
9837008,29913,0.000000
9842008,29913,0.000000
9847008,29913,0.000000
9852008,29913,0.000000
9857008,29913,0.000000
9862008,29913,0.000000
9867008,29913,0.000000
9872008,29913,0.000000
9877008,29913,0.000000
9882008,29913,0.000000
9887008,29913,0.000000
9892008,29913,0.000000
9897008,29913,0.000000
9902008,29913,0.000000
9907008,29913,0.000000
9912008,29913,0.000000
9917008,29913,0.000000
9922008,29913,0.000000
9927008,29913,0.000000
9932008,29913,0.000000
9937008,29913,0.000000
9942008,29913,0.000000
9947008,29913,0.000000
9952008,29913,0.000000
9957008,29913,0.000000
9962008,29913,0.000000
9967008,29913,0.000000
9972008,29913,0.000000
9977008,29913,0.000000
9982008,29913,0.000000
9987008,29913,0.000000
9992008,29913,0.000000
9997008,29913,0.000000
10002008,29913,0.000000
10007008,29913,0.000000
10012008,29913,0.000000
10017008,29913,0.000000
10022008,29913,0.000000
10027008,29913,0.000000
10032008,29913,0.000000
10037008,29913,0.000000
10042008,29913,0.000000
10047008,29913,0.000000
10052008,29913,0.000000
10057008,29913,0.000000
10062008,29913,0.000000
10067008,29913,0.000000
10072008,29913,0.000000
10077008,29913,0.000000
10082008,29913,0.000000
10087008,29913,0.000000
10092008,29913,0.000000
10097008,29913,0.000000
10102008,29913,0.000000
10107008,29913,0.000000
10112008,29913,0.000000
10117008,29913,0.000000
10122008,29913,0.000000
10127008,29913,0.000000
10132008,29913,0.000000
10137008,29913,0.000000
10142008,29913,0.000000
10147008,29913,0.000000
10152008,29913,0.000000
10157008,29913,0.000000
10162008,29913,0.000000
10167008,29913,0.000000
10172008,29913,0.000000
10177008,29913,0.000000
10182008,29913,0.000000
10187008,29913,0.000000
10192008,29913,0.000000
10197008,29913,0.000000
10202008,29913,0.000000
10207008,29913,0.000000
10212008,29913,0.000000
10217008,29913,0.000000
10222008,29913,0.000000
10227008,29913,0.000000
10232008,29913,0.000000
10237008,29913,0.000000
10242008,29913,0.000000
10247008,29913,0.000000
10252008,29913,0.000000
10257008,29913,0.000000
10262008,29913,0.000000
10267008,29913,0.000000
10272008,29913,0.000000
10277008,29913,0.000000
10282008,29913,0.000000
10287008,29913,0.000000
10292008,29913,0.000000
10297008,29913,0.000000
10302008,29913,0.000000
10307008,29913,0.000000
10312008,29913,0.000000
