
Time_us,Speed_rad_per_s,Control_Voltage,PWM_Command
1312002,0.000000,8.40000,253
1317003,0.872492,8.29530,232
1322003,5.236000,7.77168,158
1327003,6.981333,7.56224,142
1332003,10.472000,7.14336,116
1337003,10.472000,7.14336,116
1342003,13.090000,6.82920,99
1347003,13.962667,6.72448,95
1352003,15.708000,6.51504,89
1357003,15.708000,6.51504,89
1362003,17.453333,6.30560,82
1367003,18.326000,6.20088,79
1372003,18.326000,6.20088,79
1377003,20.071333,5.99144,74
1382003,20.944000,5.88672,72
1387003,20.944000,5.88672,72
1392003,22.689333,5.67728,69
1397003,22.689333,5.67728,69
1402003,22.689333,5.67728,69
1407003,24.434666,5.46784,66
1412003,24.434666,5.46784,66
1417003,25.307333,5.36312,65
1422003,26.180000,5.25840,63
1427003,26.180000,5.25840,63
1432003,27.052666,5.15368,62
1437003,27.925333,5.04896,60
1442003,27.925333,5.04896,60
1447003,28.798000,4.94424,58
1452003,28.798000,4.94424,58
1457003,29.670666,4.83952,57
1462003,29.670666,4.83952,57
1467003,30.543333,4.73480,55
1472003,31.416000,4.63008,54
1477003,30.543333,4.73480,55
1482003,32.288666,4.52536,52
1487003,31.416000,4.63008,54
1492003,33.161331,4.42064,51
1497003,32.288666,4.52536,52
1502003,33.161331,4.42064,51
1507003,33.161331,4.42064,51
1512003,34.034000,4.31592,50
1517003,34.034000,4.31592,50
1522003,34.034000,4.31592,50
1527003,34.906666,4.21120,49
1532003,34.034000,4.31592,50
1537003,35.779331,4.10648,48
1542003,34.906666,4.21120,49
1547003,35.779331,4.10648,48
1552003,35.779331,4.10648,48
1557003,36.652000,4.00176,48
1562003,36.652000,4.00176,48
1567003,36.652000,4.00176,48
1572003,36.652000,4.00176,48
1577003,37.524666,3.89704,47
1582003,37.524666,3.89704,47
1587003,37.524666,3.89704,47
1592003,38.397331,3.79232,47
1597003,38.397331,3.79232,47
1602003,38.397331,3.79232,47
1607003,38.397331,3.79232,47
1612003,39.270000,3.68760,46
1617003,39.270000,3.68760,46
1622003,39.270000,3.68760,46
1627003,39.270000,3.68760,46
1632003,40.142666,3.58288,45
1637003,40.142666,3.58288,45
1642003,41.015331,3.47816,45
1647003,40.142666,3.58288,45
1652003,41.015331,3.47816,45
1657003,41.015331,3.47816,45
1662003,41.015331,3.47816,45
1667003,41.888000,3.37344,44
1672003,41.015331,3.47816,45
1677003,41.888000,3.37344,44
1682003,41.888000,3.37344,44
1687003,42.760666,3.26872,43
1692003,41.888000,3.37344,44
1697003,42.760666,3.26872,43
1702003,41.888000,3.37344,44
1707003,42.760666,3.26872,43
1712003,43.633331,3.16400,43
1717003,42.760666,3.26872,43
1722003,43.633331,3.16400,43
1727003,42.760666,3.26872,43
1732003,43.633331,3.16400,43
1737003,43.633331,3.16400,43
1742003,44.506001,3.05928,42
1747003,43.633331,3.16400,43
1752003,44.506001,3.05928,42
1757003,44.506001,3.05928,42
1762003,44.506001,3.05928,42
1767003,44.506001,3.05928,42
1772003,45.378666,2.95456,42
1777003,44.506001,3.05928,42
1782003,45.378666,2.95456,42
1787003,45.378666,2.95456,42
1792003,45.378666,2.95456,42
1797003,46.251331,2.84984,41
1802003,45.378666,2.95456,42
1807003,46.251331,2.84984,41
1812003,46.251331,2.84984,41
1817003,46.251331,2.84984,41
1822003,46.251331,2.84984,41
1827003,46.251331,2.84984,41
1832003,46.251331,2.84984,41
1837003,47.124001,2.74512,40
1842003,46.251331,2.84984,41
1847003,47.124001,2.74512,40
1852003,46.251331,2.84984,41
1857003,47.124001,2.74512,40
1862003,47.124001,2.74512,40
1867003,47.996666,2.64040,40
1872003,47.124001,2.74512,40
1877003,47.124001,2.74512,40
1882003,47.996666,2.64040,40
1887003,47.124001,2.74512,40
1892003,47.996666,2.64040,40
1897003,47.996666,2.64040,40
1902003,47.996666,2.64040,40
1907003,48.869331,2.53568,39
1912003,47.996666,2.64040,40
1917003,48.869331,2.53568,39
1922003,47.996666,2.64040,40
1927003,48.869331,2.53568,39
1932003,48.869331,2.53568,39
1937003,48.869331,2.53568,39
1942003,48.869331,2.53568,39
1947003,48.869331,2.53568,39
1952003,49.742001,2.43096,38
1957003,48.869331,2.53568,39
1962003,48.869331,2.53568,39
1967003,49.742001,2.43096,38
1972003,48.869331,2.53568,39
1977003,49.742001,2.43096,38
1982003,48.869331,2.53568,39
1987003,49.742001,2.43096,38
1992003,49.742001,2.43096,38
1997003,48.869331,2.53568,39
2002003,49.742001,2.43096,38
2007003,49.742001,2.43096,38
2012003,50.614666,2.32624,38
2017003,49.742001,2.43096,38
2022003,49.742001,2.43096,38
2027003,50.614666,2.32624,38
2032003,49.742001,2.43096,38
2037003,50.614666,2.32624,38
2042003,50.614666,2.32624,38
2047003,50.614666,2.32624,38
2052003,50.614666,2.32624,38
2057003,50.614666,2.32624,38
2062003,51.487331,2.22152,37
2067003,50.614666,2.32624,38
2072003,50.614666,2.32624,38
2077003,51.487331,2.22152,37
2082003,50.614666,2.32624,38
2087003,50.614666,2.32624,38
2092003,51.487331,2.22152,37
2097003,51.487331,2.22152,37
2102003,50.614666,2.32624,38
2107003,51.487331,2.22152,37
2112003,51.487331,2.22152,37
2117003,50.614666,2.32624,38
2122003,51.487331,2.22152,37
2127003,51.487331,2.22152,37
2132003,51.487331,2.22152,37
2137003,51.487331,2.22152,37
2142003,51.487331,2.22152,37
2147003,51.487331,2.22152,37
2152003,52.360001,2.11680,37
2157003,51.487331,2.22152,37
2162003,52.360001,2.11680,37
2167003,51.487331,2.22152,37
2172003,52.360001,2.11680,37
2177003,52.360001,2.11680,37
2182003,52.360001,2.11680,37
2187003,52.360001,2.11680,37
2192003,52.360001,2.11680,37
2197003,52.360001,2.11680,37
2202003,51.487331,2.22152,37
2207003,52.360001,2.11680,37
2212003,52.360001,2.11680,37
2217003,52.360001,2.11680,37
2222003,52.360001,2.11680,37
2227003,53.232666,2.01208,36
2232003,52.360001,2.11680,37
2237003,52.360001,2.11680,37
2242003,52.360001,2.11680,37
2247003,52.360001,2.11680,37
2252003,53.232666,2.01208,36
2257003,52.360001,2.11680,37
2262003,52.360001,2.11680,37
2267003,53.232666,2.01208,36
2272003,53.232666,2.01208,36
2277003,52.360001,2.11680,37
2282003,53.232666,2.01208,36
2287003,53.232666,2.01208,36
2292003,53.232666,2.01208,36
2297003,53.232666,2.01208,36
2302003,53.232666,2.01208,36
2307003,53.232666,2.01208,36
2312003,53.232666,2.01208,36
2317003,53.232666,2.01208,36
2322003,53.232666,2.01208,36
2327003,53.232666,2.01208,36
2332003,53.232666,2.01208,36
2337003,53.232666,2.01208,36
2342003,53.232666,2.01208,36
2347003,53.232666,2.01208,36
2352003,53.232666,2.01208,36
2357003,53.232666,2.01208,36
2362003,53.232666,2.01208,36
2367003,53.232666,2.01208,36
2372003,53.232666,2.01208,36
2377003,53.232666,2.01208,36
2382003,53.232666,2.01208,36
2387003,54.105331,1.90736,35
2392003,53.232666,2.01208,36
2397003,53.232666,2.01208,36
2402003,54.105331,1.90736,35
2407003,53.232666,2.01208,36
2412003,54.105331,1.90736,35
2417003,54.105331,1.90736,35
2422003,53.232666,2.01208,36
2427003,54.105331,1.90736,35
2432003,54.105331,1.90736,35
2437003,53.232666,2.01208,36
2442003,54.105331,1.90736,35
2447003,54.105331,1.90736,35
2452003,53.232666,2.01208,36
2457003,54.105331,1.90736,35
2462003,53.232666,2.01208,36
2467003,54.105331,1.90736,35
2472003,54.105331,1.90736,35
2477003,53.232666,2.01208,36
2482003,54.105331,1.90736,35
2487003,54.105331,1.90736,35
2492003,54.105331,1.90736,35
2497003,53.232666,2.01208,36
2502003,54.105331,1.90736,35
2507003,54.105331,1.90736,35
2512003,54.105331,1.90736,35
2517003,54.978001,1.80264,35
2522003,54.105331,1.90736,35
2527003,54.105331,1.90736,35
2532003,54.105331,1.90736,35
2537003,54.978001,1.80264,35
2542003,54.105331,1.90736,35
2547003,54.105331,1.90736,35
2552003,54.105331,1.90736,35
2557003,54.978001,1.80264,35
2562003,54.105331,1.90736,35
2567003,54.105331,1.90736,35
2572003,54.105331,1.90736,35
2577003,54.978001,1.80264,35
2582003,54.105331,1.90736,35
2587003,54.105331,1.90736,35
2592003,54.105331,1.90736,35
2597003,54.978001,1.80264,35
2602003,54.105331,1.90736,35
2607003,54.105331,1.90736,35
2612003,54.978001,1.80264,35
2617003,54.105331,1.90736,35
2622003,54.978001,1.80264,35
2627003,54.978001,1.80264,35
2632003,54.105331,1.90736,35
2637003,54.978001,1.80264,35
2642003,54.978001,1.80264,35
2647003,54.978001,1.80264,35
2652003,54.978001,1.80264,35
2657003,54.978001,1.80264,35
2662003,54.978001,1.80264,35
2667003,54.105331,1.90736,35
2672003,54.978001,1.80264,35
2677003,54.978001,1.80264,35
2682003,54.978001,1.80264,35
2687003,54.978001,1.80264,35
2692003,54.105331,1.90736,35
2697003,54.978001,1.80264,35
2702003,54.978001,1.80264,35
2707003,54.978001,1.80264,35
2712003,54.978001,1.80264,35
2717003,54.978001,1.80264,35
2722003,54.105331,1.90736,35
2727003,54.978001,1.80264,35
2732003,55.850666,1.69792,34
2737003,54.978001,1.80264,35
2742003,54.978001,1.80264,35
2747003,54.978001,1.80264,35
2752003,54.978001,1.80264,35
2757003,55.850666,1.69792,34
2762003,54.978001,1.80264,35
2767003,55.850666,1.69792,34
2772003,54.978001,1.80264,35
2777003,54.978001,1.80264,35
2782003,54.978001,1.80264,35
2787003,55.850666,1.69792,34
2792003,54.978001,1.80264,35
2797003,54.978001,1.80264,35
2802003,54.978001,1.80264,35
2807003,55.850666,1.69792,34
2812003,54.978001,1.80264,35
2817003,54.978001,1.80264,35
2822003,54.978001,1.80264,35
2827003,55.850666,1.69792,34
2832003,54.978001,1.80264,35
2837003,54.978001,1.80264,35
2842003,55.850666,1.69792,34
2847003,54.978001,1.80264,35
2852003,54.978001,1.80264,35
2857003,55.850666,1.69792,34
2862003,55.850666,1.69792,34
2867003,54.978001,1.80264,35
2872003,55.850666,1.69792,34
2877003,55.850666,1.69792,34
2882003,54.978001,1.80264,35
2887003,55.850666,1.69792,34
2892003,55.850666,1.69792,34
2897003,54.978001,1.80264,35
2902003,55.850666,1.69792,34
2907003,54.978001,1.80264,35
2912003,55.850666,1.69792,34
2917003,54.978001,1.80264,35
2922003,55.850666,1.69792,34
2927003,54.978001,1.80264,35
2932003,55.850666,1.69792,34
2937003,54.978001,1.80264,35
2942003,55.850666,1.69792,34
2947003,54.978001,1.80264,35
2952003,55.850666,1.69792,34
2957003,55.850666,1.69792,34
2962003,54.978001,1.80264,35
2967003,55.850666,1.69792,34
2972003,55.850666,1.69792,34
2977003,55.850666,1.69792,34
2982003,55.850666,1.69792,34
2987003,55.850666,1.69792,34
2992003,55.850666,1.69792,34
2997003,54.978001,1.80264,35
3002003,55.850666,1.69792,34
3007003,55.850666,1.69792,34
3012003,55.850666,1.69792,34
3017003,54.978001,1.80264,35
3022003,55.850666,1.69792,34
3027003,55.850666,1.69792,34
3032003,54.978001,1.80264,35
3037003,55.850666,1.69792,34
3042003,55.850666,1.69792,34
3047003,54.978001,1.80264,35
3052003,55.850666,1.69792,34
3057003,55.850666,1.69792,34
3062003,54.978001,1.80264,35
3067003,55.850666,1.69792,34
3072003,55.850666,1.69792,34
3077003,55.850666,1.69792,34
3082003,54.978001,1.80264,35
3087003,55.850666,1.69792,34
3092003,55.850666,1.69792,34
3097003,55.850666,1.69792,34
3102003,55.850666,1.69792,34
3107003,55.850666,1.69792,34
3112003,55.850666,1.69792,34
3117003,55.850666,1.69792,34
3122003,55.850666,1.69792,34
3127003,55.850666,1.69792,34
3132003,55.850666,1.69792,34
3137003,55.850666,1.69792,34
3142003,54.978001,1.80264,35
3147003,55.850666,1.69792,34
3152003,55.850666,1.69792,34
3157003,55.850666,1.69792,34
3162003,54.978001,1.80264,35
3167003,55.850666,1.69792,34
3172003,55.850666,1.69792,34
3177003,54.978001,1.80264,35
3182003,55.850666,1.69792,34
3187003,55.850666,1.69792,34
3192003,55.850666,1.69792,34
3197003,55.850666,1.69792,34
3202003,55.850666,1.69792,34
3207003,55.850666,1.69792,34
3212003,55.850666,1.69792,34
3217003,55.850666,1.69792,34
3222003,55.850666,1.69792,34
3227003,55.850666,1.69792,34
3232003,55.850666,1.69792,34
3237003,55.850666,1.69792,34
3242003,55.850666,1.69792,34
3247003,55.850666,1.69792,34
3252003,54.978001,1.80264,35
3257003,55.850666,1.69792,34
3262003,55.850666,1.69792,34
3267003,55.850666,1.69792,34
3272003,54.978001,1.80264,35
3277003,55.850666,1.69792,34
3282003,55.850666,1.69792,34
3287003,54.978001,1.80264,35
3292003,55.850666,1.69792,34
3297003,55.850666,1.69792,34
3302003,55.850666,1.69792,34
3307003,55.850666,1.69792,34
3312003,55.850666,1.69792,34
3317003,55.850666,1.69792,34
3322003,55.850666,1.69792,34
3327003,55.850666,1.69792,34
3332003,55.850666,1.69792,34
3337003,55.850666,1.69792,34
3342003,55.850666,1.69792,34
3347003,55.850666,1.69792,34
3352003,55.850666,1.69792,34
3357003,54.978001,1.80264,35
3362003,55.850666,1.69792,34
3367003,55.850666,1.69792,34
3372003,55.850666,1.69792,34
3377003,54.978001,1.80264,35
3382003,55.850666,1.69792,34
3387003,55.850666,1.69792,34
3392003,54.978001,1.80264,35
3397003,55.850666,1.69792,34
3402003,55.850666,1.69792,34
3407003,55.850666,1.69792,34
3412003,55.850666,1.69792,34
3417003,54.978001,1.80264,35
3422003,55.850666,1.69792,34
3427003,55.850666,1.69792,34
3432003,55.850666,1.69792,34
3437003,55.850666,1.69792,34
3442003,55.850666,1.69792,34
3447003,56.723331,1.59320,33
3452003,54.978001,1.80264,35
3457003,55.850666,1.69792,34
3462003,55.850666,1.69792,34
3467003,55.850666,1.69792,34
3472003,55.850666,1.69792,34
3477003,55.850666,1.69792,34
3482003,55.850666,1.69792,34
3487003,54.978001,1.80264,35
3492003,55.850666,1.69792,34
3497003,55.850666,1.69792,34
3502003,55.850666,1.69792,34
3507003,54.978001,1.80264,35
3512003,55.850666,1.69792,34
3517003,55.850666,1.69792,34
3522003,55.850666,1.69792,34
3527003,55.850666,1.69792,34
3532003,55.850666,1.69792,34
3537003,55.850666,1.69792,34
3542003,55.850666,1.69792,34
3547003,55.850666,1.69792,34
3552003,55.850666,1.69792,34
3557003,55.850666,1.69792,34
3562003,55.850666,1.69792,34
3567003,55.850666,1.69792,34
3572003,55.850666,1.69792,34
3577003,55.850666,1.69792,34
3582003,54.978001,1.80264,35
3587003,55.850666,1.69792,34
3592003,55.850666,1.69792,34
3597003,55.850666,1.69792,34
3602003,55.850666,1.69792,34
3607003,54.978001,1.80264,35
3612003,55.850666,1.69792,34
3617003,55.850666,1.69792,34
3622003,55.850666,1.69792,34
3627003,54.978001,1.80264,35
3632003,55.850666,1.69792,34
3637003,55.850666,1.69792,34
3642003,55.850666,1.69792,34
3647003,55.850666,1.69792,34
3652003,55.850666,1.69792,34
3657003,55.850666,1.69792,34
3662003,55.850666,1.69792,34
3667003,55.850666,1.69792,34
3672003,56.723331,1.59320,33
3677003,55.850666,1.69792,34
3682003,54.978001,1.80264,35
3687003,55.850666,1.69792,34
3692003,55.850666,1.69792,34
3697003,55.850666,1.69792,34
3702003,55.850666,1.69792,34
3707003,55.850666,1.69792,34
3712003,54.978001,1.80264,35
3717003,55.850666,1.69792,34
3722003,55.850666,1.69792,34
3727003,55.850666,1.69792,34
3732003,54.978001,1.80264,35
3737003,55.850666,1.69792,34
3742003,55.850666,1.69792,34
3747003,55.850666,1.69792,34
3752003,55.850666,1.69792,34
3757003,55.850666,1.69792,34
3762003,55.850666,1.69792,34
3767003,55.850666,1.69792,34
3772003,55.850666,1.69792,34
3777003,55.850666,1.69792,34
3782003,55.850666,1.69792,34
3787003,55.850666,1.69792,34
3792003,55.850666,1.69792,34
3797003,55.850666,1.69792,34
3802003,54.978001,1.80264,35
3807003,55.850666,1.69792,34
3812003,55.850666,1.69792,34
3817003,55.850666,1.69792,34
3822003,55.850666,1.69792,34
3827003,54.978001,1.80264,35
3832003,55.850666,1.69792,34
3837003,55.850666,1.69792,34
3842003,55.850666,1.69792,34
3847003,54.978001,1.80264,35
3852003,55.850666,1.69792,34
3857003,55.850666,1.69792,34
3862003,55.850666,1.69792,34
3867003,55.850666,1.69792,34
3872003,55.850666,1.69792,34
3877003,55.850666,1.69792,34
3882003,55.850666,1.69792,34
3887003,55.850666,1.69792,34
3892003,55.850666,1.69792,34
3897003,55.850666,1.69792,34
3902003,55.850666,1.69792,34
3907003,55.850666,1.69792,34
3912003,55.850666,1.69792,34
3917003,54.978001,1.80264,35
3922003,55.850666,1.69792,34
3927003,55.850666,1.69792,34
3932003,55.850666,1.69792,34
3937003,55.850666,1.69792,34
3942003,54.978001,1.80264,35
3947003,55.850666,1.69792,34
3952003,55.850666,1.69792,34
3957003,55.850666,1.69792,34
3962003,54.978001,1.80264,35
3967003,55.850666,1.69792,34
3972003,55.850666,1.69792,34
3977003,55.850666,1.69792,34
3982003,55.850666,1.69792,34
3987003,55.850666,1.69792,34
3992003,55.850666,1.69792,34
3997003,55.850666,1.69792,34
4002003,55.850666,1.69792,34
4007003,55.850666,1.69792,34
4012003,55.850666,1.69792,34
4017003,55.850666,1.69792,34
4022003,55.850666,1.69792,34
4027003,55.850666,1.69792,34
4032003,54.978001,1.80264,35
4037003,55.850666,1.69792,34
4042003,55.850666,1.69792,34
4047003,55.850666,1.69792,34
4052003,54.978001,1.80264,35
4057003,55.850666,1.69792,34
4062003,55.850666,1.69792,34
4067003,55.850666,1.69792,34
4072003,54.978001,1.80264,35
4077003,55.850666,1.69792,34
4082003,55.850666,1.69792,34
4087003,55.850666,1.69792,34
4092003,55.850666,1.69792,34
4097003,55.850666,1.69792,34
4102003,55.850666,1.69792,34
4107003,55.850666,1.69792,34
4112003,55.850666,1.69792,34
4117003,55.850666,1.69792,34
4122003,55.850666,1.69792,34
4127003,55.850666,1.69792,34
4132003,54.978001,1.80264,35
4137003,55.850666,1.69792,34
4142003,55.850666,1.69792,34
4147003,55.850666,1.69792,34
4152003,55.850666,1.69792,34
4157003,55.850666,1.69792,34
4162003,54.978001,1.80264,35
4167003,55.850666,1.69792,34
4172003,55.850666,1.69792,34
4177003,54.978001,1.80264,35
4182003,55.850666,1.69792,34
4187003,55.850666,1.69792,34
4192003,55.850666,1.69792,34
4197003,54.978001,1.80264,35
4202003,55.850666,1.69792,34
4207003,55.850666,1.69792,34
4212003,55.850666,1.69792,34
4217003,55.850666,1.69792,34
4222003,55.850666,1.69792,34
4227003,55.850666,1.69792,34
4232003,55.850666,1.69792,34
4237003,55.850666,1.69792,34
4242003,55.850666,1.69792,34
4247003,55.850666,1.69792,34
4252003,55.850666,1.69792,34
4257003,55.850666,1.69792,34
4262003,55.850666,1.69792,34
4267003,55.850666,1.69792,34
4272003,54.978001,1.80264,35
4277003,55.850666,1.69792,34
4282003,55.850666,1.69792,34
4287003,54.978001,1.80264,35
4292003,55.850666,1.69792,34
4297003,55.850666,1.69792,34
4302003,55.850666,1.69792,34
4307003,54.978001,1.80264,35
4312003,55.850666,1.69792,34
4317003,55.850666,1.69792,34
4322003,55.850666,1.69792,34
4327003,55.850666,1.69792,34
4332003,55.850666,1.69792,34
4337003,55.850666,1.69792,34
4342003,55.850666,1.69792,34
4347003,55.850666,1.69792,34
4352003,55.850666,1.69792,34
4357003,55.850666,1.69792,34
4362003,55.850666,1.69792,34
4367003,55.850666,1.69792,34
4372003,55.850666,1.69792,34
4377003,55.850666,1.69792,34
4382003,55.850666,1.69792,34
4387003,54.978001,1.80264,35
4392003,55.850666,1.69792,34
4397003,55.850666,1.69792,34
4402003,55.850666,1.69792,34
4407003,54.978001,1.80264,35
4412003,55.850666,1.69792,34
4417003,55.850666,1.69792,34
4422003,55.850666,1.69792,34
4427003,55.850666,1.69792,34
4432003,55.850666,1.69792,34
4437003,55.850666,1.69792,34
4442003,55.850666,1.69792,34
4447003,55.850666,1.69792,34
4452003,55.850666,1.69792,34
4457003,55.850666,1.69792,34
4462003,55.850666,1.69792,34
4467003,55.850666,1.69792,34
4472003,55.850666,1.69792,34
4477003,55.850666,1.69792,34
4482003,54.978001,1.80264,35
4487003,55.850666,1.69792,34
4492003,55.850666,1.69792,34
4497003,55.850666,1.69792,34
4502003,55.850666,1.69792,34
4507003,54.978001,1.80264,35
4512003,55.850666,1.69792,34
4517003,55.850666,1.69792,34
4522003,54.978001,1.80264,35
4527003,55.850666,1.69792,34
4532003,55.850666,1.69792,34
4537003,55.850666,1.69792,34
4542003,55.850666,1.69792,34
4547003,55.850666,1.69792,34
4552003,55.850666,1.69792,34
4557003,55.850666,1.69792,34
4562003,55.850666,1.69792,34
4567003,55.850666,1.69792,34
4572003,55.850666,1.69792,34
4577003,55.850666,1.69792,34
4582003,55.850666,1.69792,34
4587003,55.850666,1.69792,34
4592003,54.978001,1.80264,35
4597003,55.850666,1.69792,34
4602003,55.850666,1.69792,34
4607003,55.850666,1.69792,34
4612003,54.978001,1.80264,35
4617003,55.850666,1.69792,34
4622003,55.850666,1.69792,34
4627003,55.850666,1.69792,34
4632003,54.978001,1.80264,35
4637003,55.850666,1.69792,34
4642003,55.850666,1.69792,34
4647003,55.850666,1.69792,34
4652003,54.978001,1.80264,35
4657003,55.850666,1.69792,34
4662003,55.850666,1.69792,34
4667003,55.850666,1.69792,34
4672003,55.850666,1.69792,34
4677003,55.850666,1.69792,34
4682003,55.850666,1.69792,34
4687003,55.850666,1.69792,34
4692003,55.850666,1.69792,34
4697003,55.850666,1.69792,34
4702003,55.850666,1.69792,34
4707003,55.850666,1.69792,34
4712003,55.850666,1.69792,34
4717003,55.850666,1.69792,34
4722003,54.978001,1.80264,35
4727003,55.850666,1.69792,34
4732003,55.850666,1.69792,34
4737003,55.850666,1.69792,34
4742003,54.978001,1.80264,35
4747003,55.850666,1.69792,34
4752003,55.850666,1.69792,34
4757003,55.850666,1.69792,34
4762003,54.978001,1.80264,35
4767003,55.850666,1.69792,34
4772003,55.850666,1.69792,34
4777003,55.850666,1.69792,34
4782003,55.850666,1.69792,34
4787003,55.850666,1.69792,34
4792003,55.850666,1.69792,34
4797003,55.850666,1.69792,34
4802003,56.723331,1.59320,33
4807003,54.978001,1.80264,35
4812003,55.850666,1.69792,34
4817003,55.850666,1.69792,34
4822003,55.850666,1.69792,34
4827003,55.850666,1.69792,34
4832003,55.850666,1.69792,34
4837003,55.850666,1.69792,34
4842003,54.978001,1.80264,35
4847003,55.850666,1.69792,34
4852003,55.850666,1.69792,34
4857003,55.850666,1.69792,34
4862003,54.978001,1.80264,35
4867003,55.850666,1.69792,34
4872003,55.850666,1.69792,34
4877003,55.850666,1.69792,34
4882003,55.850666,1.69792,34
4887003,55.850666,1.69792,34
4892003,55.850666,1.69792,34
4897003,55.850666,1.69792,34
4902003,55.850666,1.69792,34
4907003,55.850666,1.69792,34
4912003,55.850666,1.69792,34
4917003,55.850666,1.69792,34
4922003,55.850666,1.69792,34
4927003,55.850666,1.69792,34
4932003,55.850666,1.69792,34
4937003,55.850666,1.69792,34
4942003,54.978001,1.80264,35
4947003,55.850666,1.69792,34
4952003,55.850666,1.69792,34
4957003,55.850666,1.69792,34
4962003,54.978001,1.80264,35
4967003,55.850666,1.69792,34
4972003,55.850666,1.69792,34
4977003,54.978001,1.80264,35
4982003,55.850666,1.69792,34
4987003,55.850666,1.69792,34
4992003,55.850666,1.69792,34
4997003,55.850666,1.69792,34
5002003,55.850666,1.69792,34
5007003,55.850666,1.69792,34
5012003,55.850666,1.69792,34
5017003,55.850666,1.69792,34
5022003,55.850666,1.69792,34
5027003,55.850666,1.69792,34
5032003,55.850666,1.69792,34
5037003,55.850666,1.69792,34
5042003,54.978001,1.80264,35
5047003,55.850666,1.69792,34
5052003,55.850666,1.69792,34
5057003,55.850666,1.69792,34
5062003,55.850666,1.69792,34
5067003,54.978001,1.80264,35
5072003,55.850666,1.69792,34
5077003,55.850666,1.69792,34
5082003,54.978001,1.80264,35
5087003,55.850666,1.69792,34
5092003,55.850666,1.69792,34
5097003,55.850666,1.69792,34
5102003,55.850666,1.69792,34
5107003,54.978001,1.80264,35
5112003,55.850666,1.69792,34
5117003,55.850666,1.69792,34
5122003,55.850666,1.69792,34
5127003,56.723331,1.59320,33
5132003,55.850666,1.69792,34
5137003,55.850666,1.69792,34
5142003,55.850666,1.69792,34
5147003,55.850666,1.69792,34
5152003,54.978001,1.80264,35
5157003,55.850666,1.69792,34
5162003,55.850666,1.69792,34
5167003,55.850666,1.69792,34
5172003,55.850666,1.69792,34
5177003,54.978001,1.80264,35
5182003,55.850666,1.69792,34
5187003,55.850666,1.69792,34
5192003,55.850666,1.69792,34
5197003,54.978001,1.80264,35
5202003,55.850666,1.69792,34
5207003,55.850666,1.69792,34
5212003,55.850666,1.69792,34
5217003,55.850666,1.69792,34
5222003,55.850666,1.69792,34
5227003,55.850666,1.69792,34
5232003,55.850666,1.69792,34
5237003,55.850666,1.69792,34
5242003,55.850666,1.69792,34
5247003,55.850666,1.69792,34
5252003,55.850666,1.69792,34
5257003,55.850666,1.69792,34
5262003,55.850666,1.69792,34
5267003,55.850666,1.69792,34
5272003,54.978001,1.80264,35
5277003,55.850666,1.69792,34
5282003,55.850666,1.69792,34
5287003,55.850666,1.69792,34
5292003,55.850666,1.69792,34
5297003,54.978001,1.80264,35
5302003,55.850666,1.69792,34
5307003,55.850666,1.69792,34
5312003,55.850666,1.69792,34
5317003,54.978001,1.80264,35
5322003,55.850666,1.69792,34
5327003,55.850666,1.69792,34
5332003,55.850666,1.69792,34
5337003,55.850666,1.69792,34
5342003,55.850666,1.69792,34
5347003,55.850666,1.69792,34
5352003,55.850666,1.69792,34
5357003,55.850666,1.69792,34
5362003,55.850666,1.69792,34
5367003,55.850666,1.69792,34
5372003,55.850666,1.69792,34
5377003,55.850666,1.69792,34
5382003,55.850666,1.69792,34
5387003,55.850666,1.69792,34
5392003,54.978001,1.80264,35
5397003,55.850666,1.69792,34
5402003,55.850666,1.69792,34
5407003,55.850666,1.69792,34
5412003,54.978001,1.80264,35
5417003,55.850666,1.69792,34
5422003,55.850666,1.69792,34
5427003,54.978001,1.80264,35
5432003,55.850666,1.69792,34
5437003,55.850666,1.69792,34
5442003,55.850666,1.69792,34
5447003,55.850666,1.69792,34
5452003,55.850666,1.69792,34
5457003,55.850666,1.69792,34
5462003,55.850666,1.69792,34
5467003,55.850666,1.69792,34
5472003,55.850666,1.69792,34
5477003,55.850666,1.69792,34
5482003,55.850666,1.69792,34
5487003,54.978001,1.80264,35
5492003,55.850666,1.69792,34
5497003,55.850666,1.69792,34
5502003,55.850666,1.69792,34
5507003,55.850666,1.69792,34
5512003,54.978001,1.80264,35
5517003,55.850666,1.69792,34
5522003,55.850666,1.69792,34
5527003,54.978001,1.80264,35
5532003,55.850666,1.69792,34
5537003,55.850666,1.69792,34
5542003,55.850666,1.69792,34
5547003,54.978001,1.80264,35
5552003,55.850666,1.69792,34
5557003,55.850666,1.69792,34
5562003,55.850666,1.69792,34
5567003,55.850666,1.69792,34
5572003,55.850666,1.69792,34
5577003,55.850666,1.69792,34
5582003,55.850666,1.69792,34
5587003,55.850666,1.69792,34
5592003,55.850666,1.69792,34
5597003,55.850666,1.69792,34
5602003,55.850666,1.69792,34
5607003,55.850666,1.69792,34
5612003,54.978001,1.80264,35
5617003,55.850666,1.69792,34
5622003,55.850666,1.69792,34
5627003,55.850666,1.69792,34
5632003,54.978001,1.80264,35
5637003,55.850666,1.69792,34
5642003,55.850666,1.69792,34
5647003,54.978001,1.80264,35
5652003,55.850666,1.69792,34
5657003,55.850666,1.69792,34
5662003,55.850666,1.69792,34
5667003,54.978001,1.80264,35
5672003,55.850666,1.69792,34
5677003,55.850666,1.69792,34
5682003,55.850666,1.69792,34
5687003,55.850666,1.69792,34
5692003,55.850666,1.69792,34
5697003,55.850666,1.69792,34
5702003,55.850666,1.69792,34
5707003,55.850666,1.69792,34
5712003,55.850666,1.69792,34
5717003,55.850666,1.69792,34
5722003,55.850666,1.69792,34
5727003,55.850666,1.69792,34
5732003,54.978001,1.80264,35
5737003,55.850666,1.69792,34
5742003,55.850666,1.69792,34
5747003,55.850666,1.69792,34
5752003,54.978001,1.80264,35
5757003,55.850666,1.69792,34
5762003,55.850666,1.69792,34
5767003,54.978001,1.80264,35
5772003,55.850666,1.69792,34
5777003,55.850666,1.69792,34
5782003,55.850666,1.69792,34
5787003,55.850666,1.69792,34
5792003,55.850666,1.69792,34
5797003,55.850666,1.69792,34
5802003,55.850666,1.69792,34
5807003,55.850666,1.69792,34
5812003,55.850666,1.69792,34
5817003,55.850666,1.69792,34
5822003,55.850666,1.69792,34
5827003,55.850666,1.69792,34
5832003,54.978001,1.80264,35
5837003,55.850666,1.69792,34
5842003,55.850666,1.69792,34
5847003,55.850666,1.69792,34
5852003,54.978001,1.80264,35
5857003,55.850666,1.69792,34
5862003,55.850666,1.69792,34
5867003,54.978001,1.80264,35
5872003,55.850666,1.69792,34
5877003,55.850666,1.69792,34
5882003,55.850666,1.69792,34
5887003,54.978001,1.80264,35
5892003,55.850666,1.69792,34
5897003,55.850666,1.69792,34
5902003,55.850666,1.69792,34
5907003,55.850666,1.69792,34
5912003,55.850666,1.69792,34
5917003,55.850666,1.69792,34
5922003,55.850666,1.69792,34
5927003,55.850666,1.69792,34
5932003,55.850666,1.69792,34
5937003,55.850666,1.69792,34
5942003,54.978001,1.80264,35
5947003,55.850666,1.69792,34
5952003,55.850666,1.69792,34
5957003,55.850666,1.69792,34
5962003,54.978001,1.80264,35
5967003,55.850666,1.69792,34
5972003,55.850666,1.69792,34
5977003,54.978001,1.80264,35
5982003,55.850666,1.69792,34
5987003,55.850666,1.69792,34
5992003,54.978001,1.80264,35
5997003,55.850666,1.69792,34
6002003,55.850666,1.69792,34
6007003,55.850666,1.69792,34
6012003,54.978001,1.80264,35
6017003,55.850666,1.69792,34
6022003,55.850666,1.69792,34
6027003,55.850666,1.69792,34
6032003,55.850666,1.69792,34
6037003,55.850666,1.69792,34
6042003,55.850666,1.69792,34
6047003,55.850666,1.69792,34
6052003,55.850666,1.69792,34
6057003,55.850666,1.69792,34
6062003,55.850666,1.69792,34
6067003,54.978001,1.80264,35
6072003,55.850666,1.69792,34
6077003,55.850666,1.69792,34
6082003,54.978001,1.80264,35
6087003,55.850666,1.69792,34
6092003,55.850666,1.69792,34
6097003,54.978001,1.80264,35
6102003,55.850666,1.69792,34
6107003,55.850666,1.69792,34
6112003,55.850666,1.69792,34
6117003,54.978001,1.80264,35
6122003,55.850666,1.69792,34
6127003,55.850666,1.69792,34
6132003,55.850666,1.69792,34
6137003,55.850666,1.69792,34
6142003,55.850666,1.69792,34
6147003,55.850666,1.69792,34
6152003,55.850666,1.69792,34
6157003,55.850666,1.69792,34
6162003,55.850666,1.69792,34
6167003,55.850666,1.69792,34
6172003,55.850666,1.69792,34
6177003,54.978001,1.80264,35
6182003,55.850666,1.69792,34
6187003,55.850666,1.69792,34
6192003,55.850666,1.69792,34
6197003,54.978001,1.80264,35
6202003,55.850666,1.69792,34
6207003,55.850666,1.69792,34
6212003,54.978001,1.80264,35
6217003,55.850666,1.69792,34
6222003,55.850666,1.69792,34
6227003,55.850666,1.69792,34
6232003,54.978001,1.80264,35
6237003,55.850666,1.69792,34
6242003,55.850666,1.69792,34
6247003,55.850666,1.69792,34
6252003,55.850666,1.69792,34
6257003,55.850666,1.69792,34
6262003,55.850666,1.69792,34
6267003,55.850666,1.69792,34
6272003,55.850666,1.69792,34
6277003,55.850666,1.69792,34
6282003,55.850666,1.69792,34
6287003,55.850666,1.69792,34
6292003,54.978001,1.80264,35
6297003,55.850666,1.69792,34
6302003,55.850666,1.69792,34
6307003,55.850666,1.69792,34
6312003,54.978001,1.80264,35
6317003,55.850666,1.69792,34
6322003,55.850666,1.69792,34
6327003,54.978001,1.80264,35
6332003,55.850666,1.69792,34
6337003,55.850666,1.69792,34
6342003,55.850666,1.69792,34
6347003,55.850666,1.69792,34
6352003,55.850666,1.69792,34
6357003,55.850666,1.69792,34
6362003,54.978001,1.80264,35
6367003,56.723331,1.59320,33
6372003,55.850666,1.69792,34
6377003,55.850666,1.69792,34
6382003,54.978001,1.80264,35
6387003,55.850666,1.69792,34
6392003,55.850666,1.69792,34
6397003,55.850666,1.69792,34
6402003,55.850666,1.69792,34
6407003,55.850666,1.69792,34
6412003,54.978001,1.80264,35
6417003,55.850666,1.69792,34
6422003,55.850666,1.69792,34
6427003,54.978001,1.80264,35
6432003,55.850666,1.69792,34
6437003,55.850666,1.69792,34
6442003,54.978001,1.80264,35
6447003,55.850666,1.69792,34
6452003,55.850666,1.69792,34
6457003,55.850666,1.69792,34
6462003,55.850666,1.69792,34
6467003,55.850666,1.69792,34
6472003,55.850666,1.69792,34
6477003,55.850666,1.69792,34
6482003,55.850666,1.69792,34
6487003,55.850666,1.69792,34
6492003,55.850666,1.69792,34
6497003,55.850666,1.69792,34
6502003,54.978001,1.80264,35
6507003,55.850666,1.69792,34
6512003,55.850666,1.69792,34
6517003,55.850666,1.69792,34
6522003,54.978001,1.80264,35
6527003,55.850666,1.69792,34
6532003,55.850666,1.69792,34
6537003,55.850666,1.69792,34
6542003,54.978001,1.80264,35
6547003,55.850666,1.69792,34
6552003,55.850666,1.69792,34
6557003,54.978001,1.80264,35
6562003,55.850666,1.69792,34
6567003,55.850666,1.69792,34
6572003,55.850666,1.69792,34
6577003,55.850666,1.69792,34
6582003,54.978001,1.80264,35
6587003,55.850666,1.69792,34
6592003,55.850666,1.69792,34
6597003,55.850666,1.69792,34
6602003,55.850666,1.69792,34
6607003,55.850666,1.69792,34
6612003,55.850666,1.69792,34
6617003,55.850666,1.69792,34
6622003,55.850666,1.69792,34
6627003,55.850666,1.69792,34
6632003,54.978001,1.80264,35
6637003,55.850666,1.69792,34
6642003,55.850666,1.69792,34
6647003,55.850666,1.69792,34
6652003,54.978001,1.80264,35
6657003,55.850666,1.69792,34
6662003,55.850666,1.69792,34
6667003,54.978001,1.80264,35
6672003,55.850666,1.69792,34
6677003,55.850666,1.69792,34
6682003,55.850666,1.69792,34
6687003,54.978001,1.80264,35
6692003,55.850666,1.69792,34
6697003,55.850666,1.69792,34
6702003,55.850666,1.69792,34
6707003,55.850666,1.69792,34
6712003,55.850666,1.69792,34
6717003,55.850666,1.69792,34
6722003,55.850666,1.69792,34
6727003,55.850666,1.69792,34
6732003,55.850666,1.69792,34
6737003,55.850666,1.69792,34
6742003,54.978001,1.80264,35
6747003,55.850666,1.69792,34
6752003,55.850666,1.69792,34
6757003,55.850666,1.69792,34
6762003,54.978001,1.80264,35
6767003,55.850666,1.69792,34
6772003,55.850666,1.69792,34
6777003,54.978001,1.80264,35
6782003,55.850666,1.69792,34
6787003,55.850666,1.69792,34
6792003,55.850666,1.69792,34
6797003,54.978001,1.80264,35
6802003,55.850666,1.69792,34
6807003,55.850666,1.69792,34
6812003,55.850666,1.69792,34
6817003,55.850666,1.69792,34
6822003,55.850666,1.69792,34
6827003,55.850666,1.69792,34
6832003,55.850666,1.69792,34
6837003,55.850666,1.69792,34
6842003,55.850666,1.69792,34
6847003,55.850666,1.69792,34
6852003,55.850666,1.69792,34
6857003,54.978001,1.80264,35
6862003,55.850666,1.69792,34
6867003,55.850666,1.69792,34
6872003,55.850666,1.69792,34
6877003,54.978001,1.80264,35
6882003,55.850666,1.69792,34
6887003,55.850666,1.69792,34
6892003,54.978001,1.80264,35
6897003,55.850666,1.69792,34
6902003,55.850666,1.69792,34
6907003,55.850666,1.69792,34
6912003,55.850666,1.69792,34
6917003,54.978001,1.80264,35
6922003,55.850666,1.69792,34
6927003,55.850666,1.69792,34
6932003,55.850666,1.69792,34
6937003,55.850666,1.69792,34
6942003,55.850666,1.69792,34
6947003,55.850666,1.69792,34
6952003,55.850666,1.69792,34
6957003,55.850666,1.69792,34
6962003,55.850666,1.69792,34
6967003,55.850666,1.69792,34
6972003,54.978001,1.80264,35
6977003,55.850666,1.69792,34
6982003,55.850666,1.69792,34
6987003,54.978001,1.80264,35
6992003,55.850666,1.69792,34
6997003,55.850666,1.69792,34
7002003,55.850666,1.69792,34
7007003,54.978001,1.80264,35
7012003,55.850666,1.69792,34
7017003,55.850666,1.69792,34
7022003,55.850666,1.69792,34
7027003,54.978001,1.80264,35
7032003,55.850666,1.69792,34
7037003,55.850666,1.69792,34
7042003,55.850666,1.69792,34
7047003,55.850666,1.69792,34
7052003,55.850666,1.69792,34
7057003,55.850666,1.69792,34
7062003,55.850666,1.69792,34
7067003,55.850666,1.69792,34
7072003,55.850666,1.69792,34
7077003,55.850666,1.69792,34
7082003,55.850666,1.69792,34
7087003,54.978001,1.80264,35
7092003,55.850666,1.69792,34
7097003,55.850666,1.69792,34
7102003,54.978001,1.80264,35
7107003,55.850666,1.69792,34
7112003,55.850666,1.69792,34
7117003,54.978001,1.80264,35
7122003,55.850666,1.69792,34
7127003,55.850666,1.69792,34
7132003,55.850666,1.69792,34
7137003,55.850666,1.69792,34
7142003,54.978001,1.80264,35
7147003,55.850666,1.69792,34
7152003,55.850666,1.69792,34
7157003,55.850666,1.69792,34
7162003,55.850666,1.69792,34
7167003,55.850666,1.69792,34
7172003,55.850666,1.69792,34
7177003,55.850666,1.69792,34
7182003,55.850666,1.69792,34
7187003,55.850666,1.69792,34
7192003,55.850666,1.69792,34
7197003,54.978001,1.80264,35
7202003,55.850666,1.69792,34
7207003,55.850666,1.69792,34
7212003,54.978001,1.80264,35
7217003,55.850666,1.69792,34
7222003,55.850666,1.69792,34
7227003,54.978001,1.80264,35
7232003,55.850666,1.69792,34
7237003,55.850666,1.69792,34
7242003,55.850666,1.69792,34
7247003,54.978001,1.80264,35
7252003,55.850666,1.69792,34
7257003,55.850666,1.69792,34
7262003,55.850666,1.69792,34
7267003,55.850666,1.69792,34
7272003,55.850666,1.69792,34
7277003,55.850666,1.69792,34
7282003,55.850666,1.69792,34
7287003,55.850666,1.69792,34
7292003,55.850666,1.69792,34
7297003,55.850666,1.69792,34
7302003,55.850666,1.69792,34
7307003,54.978001,1.80264,35
7312003,55.850666,1.69792,34
7317003,55.850666,1.69792,34
7322003,55.850666,1.69792,34
7327003,54.978001,1.80264,35
7332003,55.850666,1.69792,34
7337003,55.850666,1.69792,34
7342003,54.978001,1.80264,35
7347003,55.850666,1.69792,34
7352003,55.850666,1.69792,34
7357003,55.850666,1.69792,34
7362003,55.850666,1.69792,34
7367003,55.850666,1.69792,34
7372003,55.850666,1.69792,34
7377003,55.850666,1.69792,34
7382003,55.850666,1.69792,34
7387003,55.850666,1.69792,34
7392003,55.850666,1.69792,34
7397003,55.850666,1.69792,34
7402003,55.850666,1.69792,34
7407003,54.978001,1.80264,35
7412003,55.850666,1.69792,34
7417003,55.850666,1.69792,34
7422003,55.850666,1.69792,34
7427003,55.850666,1.69792,34
7432003,55.850666,1.69792,34
7437003,54.978001,1.80264,35
7442003,55.850666,1.69792,34
7447003,55.850666,1.69792,34
7452003,54.978001,1.80264,35
7457003,55.850666,1.69792,34
7462003,55.850666,1.69792,34
7467003,55.850666,1.69792,34
7472003,55.850666,1.69792,34
7477003,55.850666,1.69792,34
7482003,55.850666,1.69792,34
7487003,55.850666,1.69792,34
7492003,55.850666,1.69792,34
7497003,55.850666,1.69792,34
7502003,55.850666,1.69792,34
7507003,55.850666,1.69792,34
7512003,55.850666,1.69792,34
7517003,55.850666,1.69792,34
7522003,54.978001,1.80264,35
7527003,55.850666,1.69792,34
7532003,55.850666,1.69792,34
7537003,55.850666,1.69792,34
7542003,55.850666,1.69792,34
7547003,54.978001,1.80264,35
7552003,55.850666,1.69792,34
7557003,55.850666,1.69792,34
7562003,54.978001,1.80264,35
7567003,55.850666,1.69792,34
7572003,55.850666,1.69792,34
7577003,55.850666,1.69792,34
7582003,55.850666,1.69792,34
7587003,54.978001,1.80264,35
7592003,55.850666,1.69792,34
7597003,55.850666,1.69792,34
7602003,55.850666,1.69792,34
7607003,55.850666,1.69792,34
7612003,56.723331,1.59320,33
7617003,55.850666,1.69792,34
7622003,55.850666,1.69792,34
7627003,54.978001,1.80264,35
7632003,55.850666,1.69792,34
7637003,55.850666,1.69792,34
7642003,55.850666,1.69792,34
7647003,55.850666,1.69792,34
7652003,55.850666,1.69792,34
7657003,54.978001,1.80264,35
7662003,55.850666,1.69792,34
7667003,55.850666,1.69792,34
7672003,54.978001,1.80264,35
7677003,55.850666,1.69792,34
7682003,55.850666,1.69792,34
7687003,55.850666,1.69792,34
7692003,54.978001,1.80264,35
7697003,55.850666,1.69792,34
7702003,55.850666,1.69792,34
7707003,55.850666,1.69792,34
7712003,55.850666,1.69792,34
7717003,55.850666,1.69792,34
7722003,55.850666,1.69792,34
7727003,55.850666,1.69792,34
7732003,55.850666,1.69792,34
7737003,55.850666,1.69792,34
7742003,55.850666,1.69792,34
7747003,55.850666,1.69792,34
7752003,55.850666,1.69792,34
7757003,55.850666,1.69792,34
7762003,55.850666,1.69792,34
7767003,55.850666,1.69792,34
7772003,54.978001,1.80264,35
7777003,55.850666,1.69792,34
7782003,55.850666,1.69792,34
7787003,54.978001,1.80264,35
7792003,55.850666,1.69792,34
7797003,55.850666,1.69792,34
7802003,55.850666,1.69792,34
7807003,55.850666,1.69792,34
7812003,55.850666,1.69792,34
7817003,55.850666,1.69792,34
7822003,54.978001,1.80264,35
7827003,56.723331,1.59320,33
7832003,55.850666,1.69792,34
7837003,55.850666,1.69792,34
7842003,55.850666,1.69792,34
7847003,55.850666,1.69792,34
7852003,55.850666,1.69792,34
7857003,55.850666,1.69792,34
7862003,55.850666,1.69792,34
7867003,54.978001,1.80264,35
7872003,55.850666,1.69792,34
7877003,55.850666,1.69792,34
7882003,55.850666,1.69792,34
7887003,55.850666,1.69792,34
7892003,54.978001,1.80264,35
7897003,55.850666,1.69792,34
7902003,55.850666,1.69792,34
7907003,55.850666,1.69792,34
7912003,55.850666,1.69792,34
7917003,54.978001,1.80264,35
7922003,55.850666,1.69792,34
7927003,55.850666,1.69792,34
7932003,55.850666,1.69792,34
7937003,55.850666,1.69792,34
7942003,55.850666,1.69792,34
7947003,56.723331,1.59320,33
7952003,55.850666,1.69792,34
7957003,55.850666,1.69792,34
7962003,55.850666,1.69792,34
7967003,55.850666,1.69792,34
7972003,54.978001,1.80264,35
7977003,55.850666,1.69792,34
7982003,55.850666,1.69792,34
7987003,55.850666,1.69792,34
7992003,55.850666,1.69792,34
7997003,54.978001,1.80264,35
8002003,55.850666,1.69792,34
8007003,55.850666,1.69792,34
8012003,55.850666,1.69792,34
8017003,54.978001,1.80264,35
8022003,55.850666,1.69792,34
8027003,55.850666,1.69792,34
8032003,55.850666,1.69792,34
8037003,55.850666,1.69792,34
8042003,55.850666,1.69792,34
8047003,55.850666,1.69792,34
8052003,55.850666,1.69792,34
8057003,55.850666,1.69792,34
8062003,55.850666,1.69792,34
8067003,55.850666,1.69792,34
8072003,55.850666,1.69792,34
8077003,55.850666,1.69792,34
8082003,55.850666,1.69792,34
8087003,55.850666,1.69792,34
8092003,54.978001,1.80264,35
8097003,55.850666,1.69792,34
8102003,55.850666,1.69792,34
8107003,55.850666,1.69792,34
8112003,54.978001,1.80264,35
8117003,55.850666,1.69792,34
8122003,55.850666,1.69792,34
8127003,55.850666,1.69792,34
8132003,54.978001,1.80264,35
8137003,55.850666,1.69792,34
8142003,55.850666,1.69792,34
8147003,55.850666,1.69792,34
8152003,55.850666,1.69792,34
8157003,55.850666,1.69792,34
8162003,55.850666,1.69792,34
8167003,55.850666,1.69792,34
8172003,55.850666,1.69792,34
8177003,55.850666,1.69792,34
8182003,55.850666,1.69792,34
8187003,55.850666,1.69792,34
8192003,55.850666,1.69792,34
8197003,54.978001,1.80264,35
8202003,55.850666,1.69792,34
8207003,55.850666,1.69792,34
8212003,55.850666,1.69792,34
8217003,55.850666,1.69792,34
8222003,54.978001,1.80264,35
8227003,55.850666,1.69792,34
8232003,55.850666,1.69792,34
8237003,55.850666,1.69792,34
8242003,54.978001,1.80264,35
8247003,55.850666,1.69792,34
8252003,55.850666,1.69792,34
8257003,55.850666,1.69792,34
8262003,55.850666,1.69792,34
8267003,54.978001,1.80264,35
8272003,55.850666,1.69792,34
8277003,55.850666,1.69792,34
8282003,56.723331,1.59320,33
8287003,55.850666,1.69792,34
8292003,55.850666,1.69792,34
8297003,55.850666,1.69792,34
8302003,55.850666,1.69792,34
8307003,55.850666,1.69792,34
8312003,54.978001,1.80264,35
8317003,55.850666,1.69792,34
8322003,55.850666,1.69792,34
8327003,55.850666,1.69792,34
8332003,55.850666,1.69792,34
8337003,54.978001,1.80264,35
8342003,55.850666,1.69792,34
8347003,55.850666,1.69792,34
8352003,55.850666,1.69792,34
8357003,54.978001,1.80264,35
8362003,55.850666,1.69792,34
8367003,55.850666,1.69792,34
8372003,55.850666,1.69792,34
8377003,55.850666,1.69792,34
8382003,55.850666,1.69792,34
8387003,55.850666,1.69792,34
8392003,55.850666,1.69792,34
8397003,55.850666,1.69792,34
8402003,55.850666,1.69792,34
8407003,55.850666,1.69792,34
8412003,55.850666,1.69792,34
8417003,55.850666,1.69792,34
8422003,55.850666,1.69792,34
8427003,54.978001,1.80264,35
8432003,55.850666,1.69792,34
8437003,55.850666,1.69792,34
8442003,55.850666,1.69792,34
8447003,54.978001,1.80264,35
8452003,55.850666,1.69792,34
8457003,55.850666,1.69792,34
8462003,54.978001,1.80264,35
8467003,55.850666,1.69792,34
8472003,55.850666,1.69792,34
8477003,55.850666,1.69792,34
8482003,54.978001,1.80264,35
8487003,55.850666,1.69792,34
8492003,55.850666,1.69792,34
8497003,55.850666,1.69792,34
8502003,55.850666,1.69792,34
8507003,55.850666,1.69792,34
8512003,55.850666,1.69792,34
8517003,55.850666,1.69792,34
8522003,55.850666,1.69792,34
8527003,55.850666,1.69792,34
8532003,55.850666,1.69792,34
8537003,55.850666,1.69792,34
8542003,54.978001,1.80264,35
8547003,55.850666,1.69792,34
8552003,55.850666,1.69792,34
8557003,54.978001,1.80264,35
8562003,55.850666,1.69792,34
8567003,55.850666,1.69792,34
8572003,55.850666,1.69792,34
8577003,54.978001,1.80264,35
8582003,55.850666,1.69792,34
8587003,55.850666,1.69792,34
8592003,54.978001,1.80264,35
8597003,55.850666,1.69792,34
8602003,55.850666,1.69792,34
8607003,55.850666,1.69792,34
8612003,55.850666,1.69792,34
8617003,55.850666,1.69792,34
8622003,55.850666,1.69792,34
8627003,55.850666,1.69792,34
8632003,55.850666,1.69792,34
8637003,55.850666,1.69792,34
8642003,54.978001,1.80264,35
8647003,55.850666,1.69792,34
8652003,55.850666,1.69792,34
8657003,55.850666,1.69792,34
8662003,55.850666,1.69792,34
8667003,54.978001,1.80264,35
8672003,55.850666,1.69792,34
8677003,55.850666,1.69792,34
8682003,55.850666,1.69792,34
8687003,54.978001,1.80264,35
8692003,55.850666,1.69792,34
8697003,55.850666,1.69792,34
8702003,54.978001,1.80264,35
8707003,55.850666,1.69792,34
8712003,55.850666,1.69792,34
8717003,55.850666,1.69792,34
8722003,55.850666,1.69792,34
8727003,55.850666,1.69792,34
8732003,55.850666,1.69792,34
8737003,55.850666,1.69792,34
8742003,55.850666,1.69792,34
8747003,55.850666,1.69792,34
8752003,55.850666,1.69792,34
8757003,55.850666,1.69792,34
8762003,54.978001,1.80264,35
8767003,55.850666,1.69792,34
8772003,55.850666,1.69792,34
8777003,55.850666,1.69792,34
8782003,55.850666,1.69792,34
8787003,54.978001,1.80264,35
8792003,55.850666,1.69792,34
8797003,55.850666,1.69792,34
8802003,54.978001,1.80264,35
8807003,55.850666,1.69792,34
8812003,55.850666,1.69792,34
8817003,55.850666,1.69792,34
8822003,54.978001,1.80264,35
8827003,55.850666,1.69792,34
8832003,55.850666,1.69792,34
8837003,55.850666,1.69792,34
8842003,55.850666,1.69792,34
8847003,55.850666,1.69792,34
8852003,55.850666,1.69792,34
8857003,55.850666,1.69792,34
8862003,55.850666,1.69792,34
8867003,55.850666,1.69792,34
8872003,55.850666,1.69792,34
8877003,55.850666,1.69792,34
8882003,54.978001,1.80264,35
8887003,55.850666,1.69792,34
8892003,55.850666,1.69792,34
8897003,55.850666,1.69792,34
8902003,54.978001,1.80264,35
8907003,55.850666,1.69792,34
8912003,55.850666,1.69792,34
8917003,55.850666,1.69792,34
8922003,54.978001,1.80264,35
8927003,55.850666,1.69792,34
8932003,55.850666,1.69792,34
8937003,55.850666,1.69792,34
8942003,54.978001,1.80264,35
8947003,55.850666,1.69792,34
8952003,55.850666,1.69792,34
8957003,55.850666,1.69792,34
8962003,55.850666,1.69792,34
8967003,55.850666,1.69792,34
8972003,55.850666,1.69792,34
8977003,55.850666,1.69792,34
8982003,55.850666,1.69792,34
8987003,55.850666,1.69792,34
8992003,55.850666,1.69792,34
8997003,55.850666,1.69792,34
9002003,54.978001,1.80264,35
9007003,55.850666,1.69792,34
9012003,55.850666,1.69792,34
9017003,55.850666,1.69792,34
9022003,54.978001,1.80264,35
9027003,55.850666,1.69792,34
9032003,55.850666,1.69792,34
9037003,54.978001,1.80264,35
9042003,55.850666,1.69792,34
9047003,55.850666,1.69792,34
9052003,55.850666,1.69792,34
9057003,55.850666,1.69792,34
9062003,54.978001,1.80264,35
9067003,55.850666,1.69792,34
9072003,55.850666,1.69792,34
9077003,55.850666,1.69792,34
9082003,55.850666,1.69792,34
9087003,55.850666,1.69792,34
9092003,55.850666,1.69792,34
9097003,55.850666,1.69792,34
9102003,55.850666,1.69792,34
9107003,55.850666,1.69792,34
9112003,54.978001,1.80264,35
9117003,55.850666,1.69792,34
9122003,55.850666,1.69792,34
9127003,55.850666,1.69792,34
9132003,54.978001,1.80264,35
9137003,55.850666,1.69792,34
9142003,55.850666,1.69792,34
9147003,54.978001,1.80264,35
9152003,55.850666,1.69792,34
9157003,55.850666,1.69792,34
9162003,55.850666,1.69792,34
9167003,54.978001,1.80264,35
9172003,55.850666,1.69792,34
9177003,55.850666,1.69792,34
9182003,55.850666,1.69792,34
9187003,55.850666,1.69792,34
9192003,55.850666,1.69792,34
9197003,55.850666,1.69792,34
9202003,55.850666,1.69792,34
9207003,55.850666,1.69792,34
9212003,55.850666,1.69792,34
9217003,55.850666,1.69792,34
9222003,54.978001,1.80264,35
9227003,55.850666,1.69792,34
9232003,55.850666,1.69792,34
9237003,55.850666,1.69792,34
9242003,54.978001,1.80264,35
9247003,55.850666,1.69792,34
9252003,55.850666,1.69792,34
9257003,54.978001,1.80264,35
9262003,55.850666,1.69792,34
9267003,55.850666,1.69792,34
9272003,55.850666,1.69792,34
9277003,54.978001,1.80264,35
9282003,55.850666,1.69792,34
9287003,55.850666,1.69792,34
9292003,55.850666,1.69792,34
9297003,55.850666,1.69792,34
9302003,55.850666,1.69792,34
9307003,55.850666,1.69792,34
9312003,55.850666,1.69792,34
9317003,55.850666,1.69792,34
9322003,55.850666,1.69792,34
9327003,55.850666,1.69792,34
9332003,55.850666,1.69792,34
9337003,55.850666,1.69792,34
9342003,54.978001,1.80264,35
9347003,55.850666,1.69792,34
9352003,55.850666,1.69792,34
9357003,54.978001,1.80264,35
9362003,55.850666,1.69792,34
9367003,55.850666,1.69792,34
9372003,54.978001,1.80264,35
9377003,55.850666,1.69792,34
9382003,55.850666,1.69792,34
9387003,55.850666,1.69792,34
9392003,55.850666,1.69792,34
9397003,55.850666,1.69792,34
9402003,55.850666,1.69792,34
9407003,55.850666,1.69792,34
9412003,55.850666,1.69792,34
9417003,55.850666,1.69792,34
9422003,55.850666,1.69792,34
9427003,55.850666,1.69792,34
9432003,54.978001,1.80264,35
9437003,55.850666,1.69792,34
9442003,55.850666,1.69792,34
9447003,55.850666,1.69792,34
9452003,55.850666,1.69792,34
9457003,54.978001,1.80264,35
9462003,55.850666,1.69792,34
9467003,55.850666,1.69792,34
9472003,55.850666,1.69792,34
9477003,54.978001,1.80264,35
9482003,55.850666,1.69792,34
9487003,55.850666,1.69792,34
9492003,54.978001,1.80264,35
9497003,55.850666,1.69792,34
9502003,55.850666,1.69792,34
9507003,55.850666,1.69792,34
9512003,55.850666,1.69792,34
9517003,55.850666,1.69792,34
9522003,55.850666,1.69792,34
9527003,55.850666,1.69792,34
9532003,55.850666,1.69792,34
9537003,55.850666,1.69792,34
9542003,55.850666,1.69792,34
9547003,55.850666,1.69792,34
9552003,54.978001,1.80264,35
9557003,55.850666,1.69792,34
9562003,55.850666,1.69792,34
9567003,55.850666,1.69792,34
9572003,54.978001,1.80264,35
9577003,55.850666,1.69792,34
9582003,55.850666,1.69792,34
9587003,54.978001,1.80264,35
9592003,55.850666,1.69792,34
9597003,55.850666,1.69792,34
9602003,54.978001,1.80264,35
9607003,55.850666,1.69792,34
9612003,55.850666,1.69792,34
9617003,55.850666,1.69792,34
9622003,55.850666,1.69792,34
9627003,54.978001,1.80264,35
9632003,55.850666,1.69792,34
9637003,55.850666,1.69792,34
9642003,55.850666,1.69792,34
9647003,55.850666,1.69792,34
9652003,55.850666,1.69792,34
9657003,55.850666,1.69792,34
9662003,55.850666,1.69792,34
9667003,55.850666,1.69792,34
9672003,55.850666,1.69792,34
9677003,54.978001,1.80264,35
9682003,55.850666,1.69792,34
9687003,55.850666,1.69792,34
9692003,54.978001,1.80264,35
9697003,55.850666,1.69792,34
9702003,55.850666,1.69792,34
9707003,54.978001,1.80264,35
9712003,55.850666,1.69792,34
9717003,55.850666,1.69792,34
9722003,54.978001,1.80264,35
9727003,55.850666,1.69792,34
9732003,55.850666,1.69792,34
9737003,55.850666,1.69792,34
9742003,55.850666,1.69792,34
9747003,55.850666,1.69792,34
9752003,55.850666,1.69792,34
9757003,55.850666,1.69792,34
9762003,55.850666,1.69792,34
9767003,55.850666,1.69792,34
9772003,55.850666,1.69792,34
9777003,55.850666,1.69792,34
9782003,54.978001,1.80264,35
9787003,55.850666,1.69792,34
9792003,55.850666,1.69792,34
9797003,54.978001,1.80264,35
9802003,55.850666,1.69792,34
9807003,55.850666,1.69792,34
9812003,55.850666,1.69792,34
9817003,54.978001,1.80264,35
9822003,55.850666,1.69792,34
9827003,55.850666,1.69792,34
9832003,54.978001,1.80264,35
9837003,55.850666,1.69792,34
9842003,55.850666,1.69792,34
9847003,55.850666,1.69792,34
9852003,55.850666,1.69792,34
9857003,55.850666,1.69792,34
9862003,55.850666,1.69792,34
9867003,55.850666,1.69792,34
9872003,55.850666,1.69792,34
9877003,55.850666,1.69792,34
9882003,55.850666,1.69792,34
9887003,54.978001,1.80264,35
9892003,55.850666,1.69792,34
9897003,55.850666,1.69792,34
9902003,55.850666,1.69792,34
9907003,54.978001,1.80264,35
9912003,55.850666,1.69792,34
9917003,55.850666,1.69792,34
9922003,55.850666,1.69792,34
9927003,54.978001,1.80264,35
9932003,55.850666,1.69792,34
9937003,55.850666,1.69792,34
9942003,54.978001,1.80264,35
9947003,55.850666,1.69792,34
9952003,55.850666,1.69792,34
9957003,55.850666,1.69792,34
9962003,55.850666,1.69792,34
9967003,55.850666,1.69792,34
9972003,55.850666,1.69792,34
9977003,55.850666,1.69792,34
9982003,55.850666,1.69792,34
9987003,55.850666,1.69792,34
9992003,55.850666,1.69792,34
9997003,54.978001,1.80264,35
10002003,55.850666,1.69792,34
10007003,55.850666,1.69792,34
10012003,55.850666,1.69792,34
10017003,55.850666,1.69792,34
10022003,54.978001,1.80264,35
10027003,55.850666,1.69792,34
10032003,55.850666,1.69792,34
10037003,55.850666,1.69792,34
10042003,54.978001,1.80264,35
10047003,55.850666,1.69792,34
10052003,55.850666,1.69792,34
10057003,55.850666,1.69792,34
10062003,54.978001,1.80264,35
10067003,55.850666,1.69792,34
10072003,55.850666,1.69792,34
10077003,55.850666,1.69792,34
10082003,55.850666,1.69792,34
10087003,55.850666,1.69792,34
10092003,55.850666,1.69792,34
10097003,55.850666,1.69792,34
10102003,55.850666,1.69792,34
10107003,55.850666,1.69792,34
10112003,55.850666,1.69792,34
10117003,55.850666,1.69792,34
10122003,54.978001,1.80264,35
10127003,55.850666,1.69792,34
10132003,55.850666,1.69792,34
10137003,55.850666,1.69792,34
10142003,54.978001,1.80264,35
10147003,55.850666,1.69792,34
10152003,55.850666,1.69792,34
10157003,54.978001,1.80264,35
10162003,55.850666,1.69792,34
10167003,55.850666,1.69792,34
10172003,54.978001,1.80264,35
10177003,55.850666,1.69792,34
10182003,55.850666,1.69792,34
10187003,55.850666,1.69792,34
10192003,55.850666,1.69792,34
10197003,55.850666,1.69792,34
10202003,55.850666,1.69792,34
10207003,55.850666,1.69792,34
10212003,55.850666,1.69792,34
10217003,55.850666,1.69792,34
10222003,54.978001,1.80264,35
10227003,55.850666,1.69792,34
10232003,55.850666,1.69792,34
10237003,55.850666,1.69792,34
10242003,54.978001,1.80264,35
10247003,55.850666,1.69792,34
10252003,55.850666,1.69792,34
10257003,55.850666,1.69792,34
10262003,54.978001,1.80264,35
10267003,55.850666,1.69792,34
10272003,54.978001,1.80264,35
10277003,55.850666,1.69792,34
10282003,55.850666,1.69792,34
10287003,55.850666,1.69792,34
10292003,54.978001,1.80264,35
10297003,55.850666,1.69792,34
10302003,55.850666,1.69792,34
10307003,55.850666,1.69792,34
10312003,55.850666,1.69792,34
