
Time_us,Position,Speed_rad_per_s
1312008,47842,0.000000
1317008,47842,0.000000
1322008,47842,0.000000
1327008,47841,-1.043721
1332008,47840,-1.043721
1337009,47839,-1.043512
1342010,47837,-2.087024
1347011,47836,-1.043512
1352011,47834,-2.087442
1357011,47832,-2.087442
1362011,47830,-2.087442
1367011,47827,-3.131163
1372011,47824,-3.131163
1377011,47821,-3.131163
1382011,47818,-3.131163
1387011,47815,-3.131163
1392011,47811,-4.174884
1397011,47808,-3.131163
1402011,47804,-4.174884
1407011,47800,-4.174884
1412011,47795,-5.218605
1417011,47791,-4.174884
1422011,47786,-5.218605
1427011,47782,-4.174884
1432011,47777,-5.218605
1437011,47772,-5.218605
1442011,47767,-5.218605
1447011,47761,-6.262325
1452011,47756,-5.218605
1457011,47751,-5.218605
1462011,47745,-6.262325
1467011,47739,-6.262325
1472011,47733,-6.262325
1477011,47727,-6.262325
1482011,47721,-6.262325
1487011,47715,-6.262325
1492011,47708,-7.306046
1497011,47702,-6.262325
1502011,47695,-7.306046
1507011,47689,-6.262325
1512011,47682,-7.306046
1517011,47675,-7.306046
1522011,47668,-7.306046
1527011,47661,-7.306046
1532011,47653,-8.349768
1537011,47646,-7.306046
1542011,47639,-7.306046
1547011,47632,-7.306046
1552011,47624,-8.349768
1557011,47617,-7.306046
1562011,47609,-8.349768
1567011,47601,-8.349768
1572011,47593,-8.349768
1577011,47586,-7.306046
1582011,47578,-8.349768
1587011,47570,-8.349768
1592011,47562,-8.349768
1597011,47554,-8.349768
1602011,47545,-9.393488
1607011,47537,-8.349768
1612011,47529,-8.349768
1617011,47521,-8.349768
1622011,47512,-9.393488
1627011,47504,-8.349768
1632011,47495,-9.393488
1637011,47487,-8.349768
1642011,47479,-8.349768
1647011,47470,-9.393488
1652011,47461,-9.393488
1657011,47453,-8.349768
1662011,47444,-9.393488
1667011,47435,-9.393488
1672011,47426,-9.393488
1677011,47418,-8.349768
1682011,47409,-9.393488
1687011,47400,-9.393488
1692011,47391,-9.393488
1697011,47382,-9.393488
1702011,47373,-9.393488
1707011,47364,-9.393488
1712011,47355,-9.393488
1717011,47346,-9.393488
1722011,47337,-9.393488
1727011,47328,-9.393488
1732011,47319,-9.393488
1737011,47309,-10.437209
1742011,47300,-9.393488
1747011,47291,-9.393488
1752011,47281,-10.437209
1757011,47272,-9.393488
1762011,47263,-9.393488
1767011,47253,-10.437209
1772011,47244,-9.393488
1777011,47235,-9.393488
1782011,47225,-10.437209
1787011,47216,-9.393488
1792011,47206,-10.437209
1797011,47197,-9.393488
1802011,47187,-10.437209
1807011,47178,-9.393488
1812011,47168,-10.437209
1817011,47158,-10.437209
1822011,47149,-9.393488
1827011,47139,-10.437209
1832011,47130,-9.393488
1837011,47120,-10.437209
1842011,47110,-10.437209
1847011,47101,-9.393488
1852011,47091,-10.437209
1857011,47081,-10.437209
1862011,47071,-10.437209
1867011,47062,-9.393488
1872011,47052,-10.437209
1877011,47042,-10.437209
1882011,47032,-10.437209
1887011,47023,-9.393488
1892011,47013,-10.437209
1897011,47003,-10.437209
1902011,46993,-10.437209
1907011,46983,-10.437209
1912011,46973,-10.437209
1917011,46964,-9.393488
1922011,46954,-10.437209
1927011,46944,-10.437209
1932011,46934,-10.437209
1937011,46924,-10.437209
1942011,46914,-10.437209
1947011,46904,-10.437209
1952011,46894,-10.437209
1957011,46884,-10.437209
1962011,46874,-10.437209
1967011,46864,-10.437209
1972011,46854,-10.437209
1977011,46844,-10.437209
1982011,46834,-10.437209
1987011,46824,-10.437209
1992011,46814,-10.437209
1997011,46804,-10.437209
2002011,46794,-10.437209
2007011,46783,-11.480930
2012011,46773,-10.437209
2017011,46763,-10.437209
2022011,46753,-10.437209
2027011,46743,-10.437209
2032011,46733,-10.437209
2037011,46723,-10.437209
2042011,46713,-10.437209
2047011,46703,-10.437209
2052011,46693,-10.437209
2057011,46683,-10.437209
2062011,46673,-10.437209
2067011,46663,-10.437209
2072011,46652,-11.480930
2077011,46642,-10.437209
2082011,46632,-10.437209
2087011,46622,-10.437209
2092011,46612,-10.437209
2097011,46602,-10.437209
2102011,46591,-11.480930
2107011,46581,-10.437209
2112011,46571,-10.437209
2117011,46561,-10.437209
2122011,46551,-10.437209
2127011,46541,-10.437209
2132011,46531,-10.437209
2137011,46521,-10.437209
2142011,46510,-11.480930
2147011,46500,-10.437209
2152011,46490,-10.437209
2157011,46480,-10.437209
2162011,46470,-10.437209
2167011,46459,-11.480930
2172011,46449,-10.437209
2177011,46439,-10.437209
2182011,46429,-10.437209
2187011,46419,-10.437209
2192011,46409,-10.437209
2197011,46398,-11.480930
2202011,46388,-10.437209
2207011,46378,-10.437209
2212011,46368,-10.437209
2217011,46358,-10.437209
2222011,46347,-11.480930
2227011,46337,-10.437209
2232011,46327,-10.437209
2237011,46317,-10.437209
2242011,46307,-10.437209
2247011,46297,-10.437209
2252011,46286,-11.480930
2257011,46276,-10.437209
2262011,46266,-10.437209
2267011,46256,-10.437209
2272011,46245,-11.480930
2277011,46235,-10.437209
2282011,46225,-10.437209
2287011,46215,-10.437209
2292011,46205,-10.437209
2297011,46194,-11.480930
2302011,46184,-10.437209
2307011,46174,-10.437209
2312011,46164,-10.437209
2317011,46153,-11.480930
2322011,46143,-10.437209
2327011,46133,-10.437209
2332011,46123,-10.437209
2337011,46113,-10.437209
2342011,46102,-11.480930
2347011,46092,-10.437209
2352011,46082,-10.437209
2357011,46072,-10.437209
2362011,46061,-11.480930
2367011,46051,-10.437209
2372011,46041,-10.437209
2377011,46031,-10.437209
2382011,46020,-11.480930
2387011,46010,-10.437209
2392011,46000,-10.437209
2397011,45990,-10.437209
2402011,45979,-11.480930
2407011,45969,-10.437209
2412011,45959,-10.437209
2417011,45949,-10.437209
2422011,45939,-10.437209
2427011,45928,-11.480930
2432011,45918,-10.437209
2437011,45908,-10.437209
2442011,45898,-10.437209
2447011,45887,-11.480930
2452011,45877,-10.437209
2457011,45867,-10.437209
2462011,45857,-10.437209
2467011,45846,-11.480930
2472011,45836,-10.437209
2477011,45826,-10.437209
2482011,45816,-10.437209
2487011,45805,-11.480930
2492011,45795,-10.437209
2497011,45785,-10.437209
2502011,45775,-10.437209
2507011,45765,-10.437209
2512011,45754,-11.480930
2517011,45744,-10.437209
2522011,45734,-10.437209
2527011,45724,-10.437209
2532011,45713,-11.480930
2537011,45703,-10.437209
2542011,45693,-10.437209
2547011,45683,-10.437209
2552011,45673,-10.437209
2557011,45662,-11.480930
2562011,45652,-10.437209
2567011,45642,-10.437209
2572011,45631,-11.480930
2577011,45621,-10.437209
2582011,45611,-10.437209
2587011,45601,-10.437209
2592011,45591,-10.437209
2597011,45580,-11.480930
2602011,45570,-10.437209
2607011,45560,-10.437209
2612011,45550,-10.437209
2617011,45539,-11.480930
2622011,45529,-10.437209
2627011,45519,-10.437209
2632011,45509,-10.437209
2637011,45498,-11.480930
2642011,45488,-10.437209
2647011,45478,-10.437209
2652011,45468,-10.437209
2657011,45457,-11.480930
2662011,45447,-10.437209
2667011,45437,-10.437209
2672011,45427,-10.437209
2677011,45417,-10.437209
2682011,45406,-11.480930
2687011,45396,-10.437209
2692011,45386,-10.437209
2697011,45375,-11.480930
2702011,45365,-10.437209
2707011,45355,-10.437209
2712011,45345,-10.437209
2717011,45335,-10.437209
2722011,45324,-11.480930
2727011,45314,-10.437209
2732011,45304,-10.437209
2737011,45294,-10.437209
2742011,45283,-11.480930
2747011,45273,-10.437209
2752011,45263,-10.437209
2757011,45253,-10.437209
2762011,45242,-11.480930
2767011,45232,-10.437209
2772011,45222,-10.437209
2777011,45212,-10.437209
2782011,45201,-11.480930
2787011,45191,-10.437209
2792011,45181,-10.437209
2797011,45171,-10.437209
2802011,45161,-10.437209
2807011,45150,-11.480930
2812011,45140,-10.437209
2817011,45130,-10.437209
2822011,45120,-10.437209
2827011,45109,-11.480930
2832011,45099,-10.437209
2837011,45089,-10.437209
2842011,45079,-10.437209
2847011,45068,-11.480930
2852011,45058,-10.437209
2857011,45048,-10.437209
2862011,45038,-10.437209
2867011,45027,-11.480930
2872011,45017,-10.437209
2877011,45007,-10.437209
2882011,44997,-10.437209
2887011,44987,-10.437209
2892011,44976,-11.480930
2897011,44966,-10.437209
2902011,44956,-10.437209
2907011,44946,-10.437209
2912011,44935,-11.480930
2917011,44925,-10.437209
2922011,44915,-10.437209
2927011,44905,-10.437209
2932011,44895,-10.437209
2937011,44884,-11.480930
2942011,44874,-10.437209
2947011,44864,-10.437209
2952011,44854,-10.437209
2957011,44843,-11.480930
2962011,44833,-10.437209
2967011,44823,-10.437209
2972011,44813,-10.437209
2977011,44802,-11.480930
2982011,44792,-10.437209
2987011,44782,-10.437209
2992011,44772,-10.437209
2997011,44761,-11.480930
3002011,44751,-10.437209
3007011,44741,-10.437209
3012011,44731,-10.437209
3017011,44720,-11.480930
3022011,44710,-10.437209
3027011,44700,-10.437209
3032011,44690,-10.437209
3037011,44679,-11.480930
3042011,44669,-10.437209
3047011,44659,-10.437209
3052011,44649,-10.437209
3057011,44639,-10.437209
3062011,44628,-11.480930
3067011,44618,-10.437209
3072011,44608,-10.437209
3077011,44598,-10.437209
3082011,44587,-11.480930
3087011,44577,-10.437209
3092011,44567,-10.437209
3097011,44557,-10.437209
3102011,44547,-10.437209
3107011,44536,-11.480930
3112011,44526,-10.437209
3117011,44516,-10.437209
3122011,44506,-10.437209
3127011,44495,-11.480930
3132011,44485,-10.437209
3137011,44475,-10.437209
3142011,44465,-10.437209
3147011,44454,-11.480930
3152011,44444,-10.437209
3157011,44434,-10.437209
3162011,44424,-10.437209
3167011,44413,-11.480930
3172011,44403,-10.437209
3177011,44393,-10.437209
3182011,44383,-10.437209
3187011,44373,-10.437209
3192011,44362,-11.480930
3197011,44352,-10.437209
3202011,44342,-10.437209
3207011,44332,-10.437209
3212011,44321,-11.480930
3217011,44311,-10.437209
3222011,44301,-10.437209
3227011,44291,-10.437209
3232011,44281,-10.437209
3237011,44271,-10.437209
3242011,44260,-11.480930
3247011,44250,-10.437209
3252011,44240,-10.437209
3257011,44230,-10.437209
3262011,44219,-11.480930
3267011,44209,-10.437209
3272011,44199,-10.437209
3277011,44189,-10.437209
3282011,44179,-10.437209
3287011,44169,-10.437209
3292011,44158,-11.480930
3297011,44148,-10.437209
3302011,44138,-10.437209
3307011,44128,-10.437209
3312011,44118,-10.437209
3317011,44107,-11.480930
3322011,44097,-10.437209
3327011,44087,-10.437209
3332011,44077,-10.437209
3337011,44067,-10.437209
3342011,44057,-10.437209
3347011,44046,-11.480930
3352011,44036,-10.437209
3357011,44026,-10.437209
3362011,44016,-10.437209
3367011,44006,-10.437209
3372011,43995,-11.480930
3377011,43985,-10.437209
3382011,43975,-10.437209
3387011,43965,-10.437209
3392011,43955,-10.437209
3397011,43945,-10.437209
3402011,43934,-11.480930
3407011,43924,-10.437209
3412011,43914,-10.437209
3417011,43904,-10.437209
3422011,43894,-10.437209
3427011,43883,-11.480930
3432011,43873,-10.437209
3437011,43863,-10.437209
3442011,43853,-10.437209
3447011,43843,-10.437209
3452011,43833,-10.437209
3457011,43823,-10.437209
3462011,43813,-10.437209
3467011,43802,-11.480930
3472011,43792,-10.437209
3477011,43782,-10.437209
3482011,43772,-10.437209
3487011,43762,-10.437209
3492011,43752,-10.437209
3497011,43741,-11.480930
3502011,43731,-10.437209
3507011,43721,-10.437209
3512011,43711,-10.437209
3517011,43701,-10.437209
3522011,43691,-10.437209
3527011,43681,-10.437209
3532011,43671,-10.437209
3537011,43661,-10.437209
3542011,43651,-10.437209
3547011,43640,-11.480930
3552011,43630,-10.437209
3557011,43620,-10.437209
3562011,43610,-10.437209
3567011,43600,-10.437209
3572011,43590,-10.437209
3577011,43580,-10.437209
3582011,43569,-11.480930
3587011,43559,-10.437209
3592011,43549,-10.437209
3597011,43539,-10.437209
3602011,43529,-10.437209
3607011,43519,-10.437209
3612011,43509,-10.437209
3617011,43499,-10.437209
3622011,43489,-10.437209
3627011,43478,-11.480930
3632011,43468,-10.437209
3637011,43458,-10.437209
3642011,43448,-10.437209
3647011,43438,-10.437209
3652011,43428,-10.437209
3657011,43417,-11.480930
3662011,43407,-10.437209
3667011,43397,-10.437209
3672011,43387,-10.437209
3677011,43377,-10.437209
3682011,43367,-10.437209
3687011,43357,-10.437209
3692011,43347,-10.437209
3697011,43336,-11.480930
3702011,43326,-10.437209
3707011,43316,-10.437209
3712011,43306,-10.437209
3717011,43296,-10.437209
3722011,43285,-11.480930
3727011,43275,-10.437209
3732011,43265,-10.437209
3737011,43255,-10.437209
3742011,43245,-10.437209
3747011,43235,-10.437209
3752011,43225,-10.437209
3757011,43214,-11.480930
3762011,43204,-10.437209
3767011,43194,-10.437209
3772011,43184,-10.437209
3777011,43174,-10.437209
3782011,43163,-11.480930
3787011,43153,-10.437209
3792011,43143,-10.437209
3797011,43133,-10.437209
3802011,43123,-10.437209
3807011,43113,-10.437209
3812011,43102,-11.480930
3817011,43092,-10.437209
3822011,43082,-10.437209
3827011,43072,-10.437209
3832011,43062,-10.437209
3837011,43052,-10.437209
3842011,43041,-11.480930
3847011,43031,-10.437209
3852011,43021,-10.437209
3857011,43011,-10.437209
3862011,43001,-10.437209
3867011,42991,-10.437209
3872011,42980,-11.480930
3877011,42970,-10.437209
3882011,42960,-10.437209
3887011,42950,-10.437209
3892011,42940,-10.437209
3897011,42929,-11.480930
3902011,42919,-10.437209
3907011,42909,-10.437209
3912011,42899,-10.437209
3917011,42889,-10.437209
3922011,42879,-10.437209
3927011,42869,-10.437209
3932011,42858,-11.480930
3937011,42848,-10.437209
3942011,42838,-10.437209
3947011,42828,-10.437209
3952011,42818,-10.437209
3957011,42807,-11.480930
3962011,42797,-10.437209
3967011,42787,-10.437209
3972011,42777,-10.437209
3977011,42767,-10.437209
3982011,42757,-10.437209
3987011,42746,-11.480930
3992011,42736,-10.437209
3997011,42726,-10.437209
4002011,42716,-10.437209
4007011,42706,-10.437209
4012011,42695,-11.480930
4017011,42685,-10.437209
4022011,42675,-10.437209
4027011,42665,-10.437209
4032011,42655,-10.437209
4037011,42645,-10.437209
4042011,42635,-10.437209
4047011,42624,-11.480930
4052011,42614,-10.437209
4057011,42604,-10.437209
4062011,42594,-10.437209
4067011,42584,-10.437209
4072011,42573,-11.480930
4077011,42563,-10.437209
4082011,42553,-10.437209
4087011,42543,-10.437209
4092011,42533,-10.437209
4097011,42523,-10.437209
4102011,42513,-10.437209
4107011,42502,-11.480930
4112011,42492,-10.437209
4117011,42482,-10.437209
4122011,42472,-10.437209
4127011,42462,-10.437209
4132011,42452,-10.437209
4137011,42441,-11.480930
4142011,42431,-10.437209
4147011,42421,-10.437209
4152011,42411,-10.437209
4157011,42401,-10.437209
4162011,42391,-10.437209
4167011,42381,-10.437209
4172011,42370,-11.480930
4177011,42360,-10.437209
4182011,42350,-10.437209
4187011,42340,-10.437209
4192011,42330,-10.437209
4197011,42319,-11.480930
4202011,42309,-10.437209
4207011,42299,-10.437209
4212011,42289,-10.437209
4217011,42279,-10.437209
4222011,42269,-10.437209
4227011,42259,-10.437209
4232011,42248,-11.480930
4237011,42238,-10.437209
4242011,42228,-10.437209
4247011,42218,-10.437209
4252011,42208,-10.437209
4257011,42198,-10.437209
4262011,42187,-11.480930
4267011,42177,-10.437209
4272011,42167,-10.437209
4277011,42157,-10.437209
4282011,42147,-10.437209
4287011,42137,-10.437209
4292011,42127,-10.437209
4297011,42116,-11.480930
4302011,42106,-10.437209
4307011,42096,-10.437209
4312011,42086,-10.437209
4317011,42076,-10.437209
4322011,42066,-10.437209
4327011,42055,-11.480930
4332011,42045,-10.437209
4337011,42035,-10.437209
4342011,42025,-10.437209
4347011,42015,-10.437209
4352011,42005,-10.437209
4357011,41995,-10.437209
4362011,41984,-11.480930
4367011,41974,-10.437209
4372011,41964,-10.437209
4377011,41954,-10.437209
4382011,41944,-10.437209
4387011,41934,-10.437209
4392011,41923,-11.480930
4397011,41913,-10.437209
4402011,41903,-10.437209
4407011,41893,-10.437209
4412011,41883,-10.437209
4417011,41873,-10.437209
4422011,41863,-10.437209
4427011,41852,-11.480930
4432011,41842,-10.437209
4437011,41832,-10.437209
4442011,41822,-10.437209
4447011,41812,-10.437209
4452011,41802,-10.437209
4457011,41791,-11.480930
4462011,41781,-10.437209
4467011,41771,-10.437209
4472011,41761,-10.437209
4477011,41751,-10.437209
4482011,41741,-10.437209
4487011,41731,-10.437209
4492011,41720,-11.480930
4497011,41710,-10.437209
4502011,41700,-10.437209
4507011,41690,-10.437209
4512011,41680,-10.437209
4517011,41669,-11.480930
4522011,41659,-10.437209
4527011,41649,-10.437209
4532011,41639,-10.437209
4537011,41629,-10.437209
4542011,41619,-10.437209
4547011,41609,-10.437209
4552011,41598,-11.480930
4557011,41588,-10.437209
4562011,41578,-10.437209
4567011,41568,-10.437209
4572011,41558,-10.437209
4577011,41547,-11.480930
4582011,41537,-10.437209
4587011,41527,-10.437209
4592011,41517,-10.437209
4597011,41507,-10.437209
4602011,41497,-10.437209
4607011,41487,-10.437209
4612011,41476,-11.480930
4617011,41466,-10.437209
4622011,41456,-10.437209
4627011,41446,-10.437209
4632011,41436,-10.437209
4637011,41426,-10.437209
4642011,41415,-11.480930
4647011,41405,-10.437209
4652011,41395,-10.437209
4657011,41385,-10.437209
4662011,41375,-10.437209
4667011,41365,-10.437209
4672011,41355,-10.437209
4677011,41344,-11.480930
4682011,41334,-10.437209
4687011,41324,-10.437209
4692011,41314,-10.437209
4697011,41304,-10.437209
4702011,41294,-10.437209
4707011,41283,-11.480930
4712011,41273,-10.437209
4717011,41263,-10.437209
4722011,41253,-10.437209
4727011,41243,-10.437209
4732011,41233,-10.437209
4737011,41223,-10.437209
4742011,41213,-10.437209
4747011,41202,-11.480930
4752011,41192,-10.437209
4757011,41182,-10.437209
4762011,41172,-10.437209
4767011,41162,-10.437209
4772011,41152,-10.437209
4777011,41141,-11.480930
4782011,41131,-10.437209
4787011,41121,-10.437209
4792011,41111,-10.437209
4797011,41101,-10.437209
4802011,41091,-10.437209
4807011,41081,-10.437209
4812011,41071,-10.437209
4817011,41060,-11.480930
4822011,41050,-10.437209
4827011,41040,-10.437209
4832011,41030,-10.437209
4837011,41020,-10.437209
4842011,41010,-10.437209
4847011,40999,-11.480930
4852011,40989,-10.437209
4857011,40979,-10.437209
4862011,40969,-10.437209
4867011,40959,-10.437209
4872011,40949,-10.437209
4877011,40939,-10.437209
4882011,40929,-10.437209
4887011,40918,-11.480930
4892011,40908,-10.437209
4897011,40898,-10.437209
4902011,40888,-10.437209
4907011,40878,-10.437209
4912011,40868,-10.437209
4917011,40857,-11.480930
4922011,40847,-10.437209
4927011,40837,-10.437209
4932011,40827,-10.437209
4937011,40817,-10.437209
4942011,40807,-10.437209
4947011,40797,-10.437209
4952011,40786,-11.480930
4957011,40776,-10.437209
4962011,40766,-10.437209
4967011,40756,-10.437209
4972011,40746,-10.437209
4977011,40736,-10.437209
4982011,40725,-11.480930
4987011,40715,-10.437209
4992011,40705,-10.437209
4997011,40695,-10.437209
5002011,40685,-10.437209
5007011,40675,-10.437209
5012011,40665,-10.437209
5017011,40654,-11.480930
5022011,40644,-10.437209
5027011,40634,-10.437209
5032011,40624,-10.437209
5037011,40614,-10.437209
5042011,40604,-10.437209
5047011,40593,-11.480930
5052011,40583,-10.437209
5057011,40573,-10.437209
5062011,40563,-10.437209
5067011,40553,-10.437209
5072011,40543,-10.437209
5077011,40533,-10.437209
5082011,40522,-11.480930
5087011,40512,-10.437209
5092011,40502,-10.437209
5097011,40492,-10.437209
5102011,40482,-10.437209
5107011,40471,-11.480930
5112011,40461,-10.437209
5117011,40451,-10.437209
5122011,40441,-10.437209
5127011,40431,-10.437209
5132011,40421,-10.437209
5137011,40411,-10.437209
5142011,40401,-10.437209
5147011,40390,-11.480930
5152011,40380,-10.437209
5157011,40370,-10.437209
5162011,40360,-10.437209
5167011,40350,-10.437209
5172011,40340,-10.437209
5177011,40330,-10.437209
5182011,40319,-11.480930
5187011,40309,-10.437209
5192011,40299,-10.437209
5197011,40289,-10.437209
5202011,40279,-10.437209
5207011,40269,-10.437209
5212011,40259,-10.437209
5217011,40249,-10.437209
5222011,40238,-11.480930
5227011,40228,-10.437209
5232011,40218,-10.437209
5237011,40208,-10.437209
5242011,40198,-10.437209
5247011,40188,-10.437209
5252011,40177,-11.480930
5257011,40167,-10.437209
5262011,40157,-10.437209
5267011,40147,-10.437209
5272011,40137,-10.437209
5277011,40127,-10.437209
5282011,40117,-10.437209
5287011,40107,-10.437209
5292011,40097,-10.437209
5297011,40086,-11.480930
5302011,40076,-10.437209
5307011,40066,-10.437209
5312011,40056,-10.437209
5317011,40046,-10.437209
5322011,40036,-10.437209
5327011,40026,-10.437209
5332011,40015,-11.480930
5337011,40005,-10.437209
5342011,39995,-10.437209
5347011,39985,-10.437209
5352011,39975,-10.437209
5357011,39965,-10.437209
5362011,39955,-10.437209
5367011,39945,-10.437209
5372011,39935,-10.437209
5377011,39924,-11.480930
5382011,39914,-10.437209
5387011,39904,-10.437209
5392011,39894,-10.437209
5397011,39884,-10.437209
5402011,39874,-10.437209
5407011,39864,-10.437209
5412011,39853,-11.480930
5417011,39843,-10.437209
5422011,39833,-10.437209
5427011,39823,-10.437209
5432011,39813,-10.437209
5437011,39803,-10.437209
5442011,39793,-10.437209
5447011,39783,-10.437209
5452011,39773,-10.437209
5457011,39763,-10.437209
5462011,39752,-11.480930
5467011,39742,-10.437209
5472011,39732,-10.437209
5477011,39722,-10.437209
5482011,39712,-10.437209
5487011,39702,-10.437209
5492011,39692,-10.437209
5497011,39681,-11.480930
5502011,39671,-10.437209
5507011,39661,-10.437209
5512011,39651,-10.437209
5517011,39641,-10.437209
5522011,39631,-10.437209
5527011,39621,-10.437209
5532011,39611,-10.437209
5537011,39601,-10.437209
5542011,39591,-10.437209
5547011,39581,-10.437209
5552011,39570,-11.480930
5557011,39560,-10.437209
5562011,39550,-10.437209
5567011,39540,-10.437209
5572011,39530,-10.437209
5577011,39520,-10.437209
5582011,39510,-10.437209
5587011,39499,-11.480930
5592011,39489,-10.437209
5597011,39479,-10.437209
5602011,39469,-10.437209
5607011,39459,-10.437209
5612011,39449,-10.437209
5617011,39439,-10.437209
5622011,39429,-10.437209
5627011,39419,-10.437209
5632011,39409,-10.437209
5637011,39399,-10.437209
5642011,39389,-10.437209
5647011,39378,-11.480930
5652011,39368,-10.437209
5657011,39358,-10.437209
5662011,39348,-10.437209
5667011,39338,-10.437209
5672011,39328,-10.437209
5677011,39318,-10.437209
5682011,39308,-10.437209
5687011,39297,-11.480930
5692011,39287,-10.437209
5697011,39277,-10.437209
5702011,39267,-10.437209
5707011,39257,-10.437209
5712011,39247,-10.437209
5717011,39237,-10.437209
5722011,39227,-10.437209
5727011,39217,-10.437209
5732011,39207,-10.437209
5737011,39197,-10.437209
5742011,39187,-10.437209
5747011,39177,-10.437209
5752011,39167,-10.437209
5757011,39157,-10.437209
5762011,39147,-10.437209
5767011,39137,-10.437209
5772011,39127,-10.437209
5777011,39118,-9.393488
5782011,39108,-10.437209
5787011,39098,-10.437209
5792011,39088,-10.437209
5797011,39078,-10.437209
5802011,39068,-10.437209
5807011,39058,-10.437209
5812011,39048,-10.437209
5817011,39038,-10.437209
5822011,39028,-10.437209
5827011,39018,-10.437209
5832011,39008,-10.437209
5837011,38998,-10.437209
5842011,38988,-10.437209
5847011,38978,-10.437209
5852011,38968,-10.437209
5857011,38958,-10.437209
5862011,38948,-10.437209
5867011,38938,-10.437209
5872011,38928,-10.437209
5877011,38918,-10.437209
5882011,38908,-10.437209
5887011,38897,-11.480930
5892011,38887,-10.437209
5897011,38877,-10.437209
5902011,38867,-10.437209
5907011,38857,-10.437209
5912011,38847,-10.437209
5917011,38837,-10.437209
5922011,38827,-10.437209
5927011,38817,-10.437209
5932011,38807,-10.437209
5937011,38797,-10.437209
5942011,38787,-10.437209
5947011,38777,-10.437209
5952011,38767,-10.437209
5957011,38757,-10.437209
5962011,38747,-10.437209
5967011,38738,-9.393488
5972011,38728,-10.437209
5977011,38718,-10.437209
5982011,38708,-10.437209
5987011,38698,-10.437209
5992011,38688,-10.437209
5997011,38678,-10.437209
6002011,38668,-10.437209
6007011,38658,-10.437209
6012011,38648,-10.437209
6017011,38638,-10.437209
6022011,38628,-10.437209
6027011,38618,-10.437209
6032011,38608,-10.437209
6037011,38598,-10.437209
6042011,38588,-10.437209
6047011,38578,-10.437209
6052011,38567,-11.480930
6057011,38557,-10.437209
6062011,38547,-10.437209
6067011,38537,-10.437209
6072011,38527,-10.437209
6077011,38517,-10.437209
6082011,38507,-10.437209
6087011,38497,-10.437209
6092011,38487,-10.437209
6097011,38477,-10.437209
6102011,38467,-10.437209
6107011,38457,-10.437209
6112011,38448,-9.393488
6117011,38438,-10.437209
6122011,38428,-10.437209
6127011,38418,-10.437209
6132011,38408,-10.437209
6137011,38398,-10.437209
6142011,38388,-10.437209
6147011,38378,-10.437209
6152011,38368,-10.437209
6157011,38358,-10.437209
6162011,38348,-10.437209
6167011,38338,-10.437209
6172011,38328,-10.437209
6177011,38317,-11.480930
6182011,38307,-10.437209
6187011,38297,-10.437209
6192011,38287,-10.437209
6197011,38277,-10.437209
6202011,38267,-10.437209
6207011,38257,-10.437209
6212011,38247,-10.437209
6217011,38237,-10.437209
6222011,38227,-10.437209
6227011,38217,-10.437209
6232011,38207,-10.437209
6237011,38198,-9.393488
6242011,38188,-10.437209
6247011,38178,-10.437209
6252011,38168,-10.437209
6257011,38158,-10.437209
6262011,38148,-10.437209
6267011,38138,-10.437209
6272011,38128,-10.437209
6277011,38118,-10.437209
6282011,38108,-10.437209
6287011,38098,-10.437209
6292011,38087,-11.480930
6297011,38077,-10.437209
6302011,38067,-10.437209
6307011,38057,-10.437209
6312011,38047,-10.437209
6317011,38037,-10.437209
6322011,38027,-10.437209
6327011,38017,-10.437209
6332011,38007,-10.437209
6337011,37997,-10.437209
6342011,37987,-10.437209
6347011,37977,-10.437209
6352011,37968,-9.393488
6357011,37958,-10.437209
6362011,37948,-10.437209
6367011,37938,-10.437209
6372011,37928,-10.437209
6377011,37918,-10.437209
6382011,37908,-10.437209
6387011,37898,-10.437209
6392011,37888,-10.437209
6397011,37877,-11.480930
6402011,37867,-10.437209
6407011,37857,-10.437209
6412011,37847,-10.437209
6417011,37837,-10.437209
6422011,37827,-10.437209
6427011,37817,-10.437209
6432011,37807,-10.437209
6437011,37797,-10.437209
6442011,37787,-10.437209
6447011,37777,-10.437209
6452011,37767,-10.437209
6457011,37757,-10.437209
6462011,37747,-10.437209
6467011,37738,-9.393488
6472011,37728,-10.437209
6477011,37718,-10.437209
6482011,37708,-10.437209
6487011,37698,-10.437209
6492011,37688,-10.437209
6497011,37678,-10.437209
6502011,37667,-11.480930
6507011,37657,-10.437209
6512011,37647,-10.437209
6517011,37637,-10.437209
6522011,37627,-10.437209
6527011,37617,-10.437209
6532011,37607,-10.437209
6537011,37597,-10.437209
6542011,37587,-10.437209
6547011,37577,-10.437209
6552011,37567,-10.437209
6557011,37557,-10.437209
6562011,37547,-10.437209
6567011,37537,-10.437209
6572011,37527,-10.437209
6577011,37518,-9.393488
6582011,37508,-10.437209
6587011,37498,-10.437209
6592011,37488,-10.437209
6597011,37478,-10.437209
6602011,37468,-10.437209
6607011,37457,-11.480930
6612011,37447,-10.437209
6617011,37437,-10.437209
6622011,37427,-10.437209
6627011,37417,-10.437209
6632011,37407,-10.437209
6637011,37397,-10.437209
6642011,37387,-10.437209
6647011,37377,-10.437209
6652011,37367,-10.437209
6657011,37357,-10.437209
6662011,37347,-10.437209
6667011,37337,-10.437209
6672011,37327,-10.437209
6677011,37318,-9.393488
6682011,37308,-10.437209
6687011,37298,-10.437209
6692011,37288,-10.437209
6697011,37278,-10.437209
6702011,37268,-10.437209
6707011,37258,-10.437209
6712011,37247,-11.480930
6717011,37237,-10.437209
6722011,37227,-10.437209
6727011,37217,-10.437209
6732011,37207,-10.437209
6737011,37197,-10.437209
6742011,37187,-10.437209
6747011,37177,-10.437209
6752011,37167,-10.437209
6757011,37157,-10.437209
6762011,37147,-10.437209
6767011,37137,-10.437209
6772011,37127,-10.437209
6777011,37117,-10.437209
6782011,37107,-10.437209
6787011,37097,-10.437209
6792011,37087,-10.437209
6797011,37078,-9.393488
6802011,37067,-11.480930
6807011,37057,-10.437209
6812011,37047,-10.437209
6817011,37037,-10.437209
6822011,37027,-10.437209
6827011,37017,-10.437209
6832011,37007,-10.437209
6837011,36997,-10.437209
6842011,36987,-10.437209
6847011,36977,-10.437209
6852011,36967,-10.437209
6857011,36957,-10.437209
6862011,36947,-10.437209
6867011,36937,-10.437209
6872011,36927,-10.437209
6877011,36917,-10.437209
6882011,36907,-10.437209
6887011,36897,-10.437209
6892011,36887,-10.437209
6897011,36877,-10.437209
6902011,36867,-10.437209
6907011,36857,-10.437209
6912011,36847,-10.437209
6917011,36837,-10.437209
6922011,36827,-10.437209
6927011,36817,-10.437209
6932011,36807,-10.437209
6937011,36797,-10.437209
6942011,36787,-10.437209
6947011,36777,-10.437209
6952011,36767,-10.437209
6957011,36757,-10.437209
6962011,36747,-10.437209
6967011,36737,-10.437209
6972011,36727,-10.437209
6977011,36717,-10.437209
6982011,36707,-10.437209
6987011,36697,-10.437209
6992011,36687,-10.437209
6997011,36677,-10.437209
7002011,36667,-10.437209
7007011,36657,-10.437209
7012011,36647,-10.437209
7017011,36637,-10.437209
7022011,36627,-10.437209
7027011,36617,-10.437209
7032011,36607,-10.437209
7037011,36597,-10.437209
7042011,36587,-10.437209
7047011,36577,-10.437209
7052011,36567,-10.437209
7057011,36557,-10.437209
7062011,36547,-10.437209
7067011,36537,-10.437209
7072011,36527,-10.437209
7077011,36517,-10.437209
7082011,36507,-10.437209
7087011,36497,-10.437209
7092011,36487,-10.437209
7097011,36477,-10.437209
7102011,36467,-10.437209
7107011,36457,-10.437209
7112011,36447,-10.437209
7117011,36437,-10.437209
7122011,36427,-10.437209
7127011,36417,-10.437209
7132011,36407,-10.437209
7137011,36397,-10.437209
7142011,36387,-10.437209
7147011,36377,-10.437209
7152011,36367,-10.437209
7157011,36357,-10.437209
7162011,36347,-10.437209
7167011,36337,-10.437209
7172011,36327,-10.437209
7177011,36317,-10.437209
7182011,36307,-10.437209
7187011,36297,-10.437209
7192011,36287,-10.437209
7197011,36277,-10.437209
7202011,36267,-10.437209
7207011,36257,-10.437209
7212011,36247,-10.437209
7217011,36237,-10.437209
7222011,36227,-10.437209
7227011,36217,-10.437209
7232011,36207,-10.437209
7237011,36197,-10.437209
7242011,36187,-10.437209
7247011,36177,-10.437209
7252011,36167,-10.437209
7257011,36157,-10.437209
7262011,36147,-10.437209
7267011,36137,-10.437209
7272011,36127,-10.437209
7277011,36117,-10.437209
7282011,36107,-10.437209
7287011,36097,-10.437209
7292011,36087,-10.437209
7297011,36077,-10.437209
7302011,36067,-10.437209
7307011,36057,-10.437209
7312011,36047,-10.437209
7317011,36037,-10.437209
7322011,36027,-10.437209
7327011,36017,-10.437209
7332011,36007,-10.437209
7337011,35997,-10.437209
7342011,35987,-10.437209
7347011,35977,-10.437209
7352011,35967,-10.437209
7357011,35957,-10.437209
7362011,35947,-10.437209
7367011,35937,-10.437209
7372011,35927,-10.437209
7377011,35917,-10.437209
7382011,35907,-10.437209
7387011,35897,-10.437209
7392011,35887,-10.437209
7397011,35877,-10.437209
7402011,35867,-10.437209
7407011,35857,-10.437209
7412011,35847,-10.437209
7417011,35837,-10.437209
7422011,35827,-10.437209
7427011,35817,-10.437209
7432011,35807,-10.437209
7437011,35797,-10.437209
7442011,35787,-10.437209
7447011,35777,-10.437209
7452011,35767,-10.437209
7457011,35757,-10.437209
7462011,35747,-10.437209
7467011,35737,-10.437209
7472011,35727,-10.437209
7477011,35717,-10.437209
7482011,35707,-10.437209
7487011,35697,-10.437209
7492011,35687,-10.437209
7497011,35677,-10.437209
7502011,35667,-10.437209
7507011,35657,-10.437209
7512011,35647,-10.437209
7517011,35637,-10.437209
7522011,35627,-10.437209
7527011,35617,-10.437209
7532011,35607,-10.437209
7537011,35597,-10.437209
7542011,35587,-10.437209
7547011,35577,-10.437209
7552011,35567,-10.437209
7557011,35557,-10.437209
7562011,35547,-10.437209
7567011,35537,-10.437209
7572011,35527,-10.437209
7577011,35517,-10.437209
7582011,35507,-10.437209
7587011,35497,-10.437209
7592011,35487,-10.437209
7597011,35477,-10.437209
7602011,35467,-10.437209
7607011,35457,-10.437209
7612011,35447,-10.437209
7617011,35437,-10.437209
7622011,35427,-10.437209
7627011,35417,-10.437209
7632011,35407,-10.437209
7637011,35397,-10.437209
7642011,35387,-10.437209
7647011,35377,-10.437209
7652011,35367,-10.437209
7657011,35357,-10.437209
7662011,35347,-10.437209
7667011,35337,-10.437209
7672011,35327,-10.437209
7677011,35317,-10.437209
7682011,35307,-10.437209
7687011,35297,-10.437209
7692011,35287,-10.437209
7697011,35277,-10.437209
7702011,35267,-10.437209
7707011,35257,-10.437209
7712011,35247,-10.437209
7717011,35237,-10.437209
7722011,35227,-10.437209
7727011,35217,-10.437209
7732011,35207,-10.437209
7737011,35197,-10.437209
7742011,35187,-10.437209
7747011,35177,-10.437209
7752011,35167,-10.437209
7757011,35157,-10.437209
7762011,35147,-10.437209
7767011,35137,-10.437209
7772011,35127,-10.437209
7777011,35117,-10.437209
7782011,35107,-10.437209
7787011,35097,-10.437209
7792011,35087,-10.437209
7797011,35077,-10.437209
7802011,35067,-10.437209
7807011,35057,-10.437209
7812011,35047,-10.437209
7817011,35037,-10.437209
7822011,35027,-10.437209
7827011,35017,-10.437209
7832011,35007,-10.437209
7837011,34997,-10.437209
7842011,34987,-10.437209
7847011,34977,-10.437209
7852011,34967,-10.437209
7857011,34957,-10.437209
7862011,34947,-10.437209
7867011,34937,-10.437209
7872011,34927,-10.437209
7877011,34917,-10.437209
7882011,34907,-10.437209
7887011,34897,-10.437209
7892011,34887,-10.437209
7897011,34877,-10.437209
7902011,34867,-10.437209
7907011,34857,-10.437209
7912011,34847,-10.437209
7917011,34837,-10.437209
7922011,34827,-10.437209
7927011,34817,-10.437209
7932011,34807,-10.437209
7937011,34797,-10.437209
7942011,34787,-10.437209
7947011,34777,-10.437209
7952011,34767,-10.437209
7957011,34757,-10.437209
7962011,34747,-10.437209
7967011,34737,-10.437209
7972011,34727,-10.437209
7977011,34717,-10.437209
7982011,34707,-10.437209
7987011,34697,-10.437209
7992011,34687,-10.437209
7997011,34677,-10.437209
8002011,34667,-10.437209
8007011,34657,-10.437209
8012011,34647,-10.437209
8017011,34637,-10.437209
8022011,34627,-10.437209
8027011,34617,-10.437209
8032011,34607,-10.437209
8037011,34597,-10.437209
8042011,34587,-10.437209
8047011,34577,-10.437209
8052011,34567,-10.437209
8057011,34557,-10.437209
8062011,34547,-10.437209
8067011,34537,-10.437209
8072011,34527,-10.437209
8077011,34517,-10.437209
8082011,34507,-10.437209
8087011,34497,-10.437209
8092011,34487,-10.437209
8097011,34477,-10.437209
8102011,34467,-10.437209
8107011,34457,-10.437209
8112011,34447,-10.437209
8117011,34437,-10.437209
8122011,34427,-10.437209
8127011,34417,-10.437209
8132011,34407,-10.437209
8137011,34397,-10.437209
8142011,34387,-10.437209
8147011,34377,-10.437209
8152011,34367,-10.437209
8157011,34357,-10.437209
8162011,34347,-10.437209
8167011,34337,-10.437209
8172011,34327,-10.437209
8177011,34317,-10.437209
8182011,34307,-10.437209
8187011,34297,-10.437209
8192011,34287,-10.437209
8197011,34277,-10.437209
8202011,34267,-10.437209
8207011,34257,-10.437209
8212011,34247,-10.437209
8217011,34237,-10.437209
8222011,34227,-10.437209
8227011,34217,-10.437209
8232011,34207,-10.437209
8237011,34197,-10.437209
8242011,34187,-10.437209
8247011,34177,-10.437209
8252011,34167,-10.437209
8257011,34157,-10.437209
8262011,34147,-10.437209
8267011,34137,-10.437209
8272011,34127,-10.437209
8277011,34117,-10.437209
8282011,34107,-10.437209
8287011,34097,-10.437209
8292011,34087,-10.437209
8297011,34077,-10.437209
8302011,34067,-10.437209
8307011,34057,-10.437209
8312011,34047,-10.437209
8317011,34037,-10.437209
8322011,34027,-10.437209
8327011,34017,-10.437209
8332011,34007,-10.437209
8337011,33997,-10.437209
8342011,33987,-10.437209
8347011,33977,-10.437209
8352011,33967,-10.437209
8357011,33957,-10.437209
8362011,33947,-10.437209
8367011,33937,-10.437209
8372011,33927,-10.437209
8377011,33917,-10.437209
8382011,33907,-10.437209
8387011,33897,-10.437209
8392011,33887,-10.437209
8397011,33877,-10.437209
8402011,33867,-10.437209
8407011,33857,-10.437209
8412011,33847,-10.437209
8417011,33837,-10.437209
8422011,33827,-10.437209
8427011,33817,-10.437209
8432011,33807,-10.437209
8437011,33797,-10.437209
8442011,33787,-10.437209
8447011,33777,-10.437209
8452011,33767,-10.437209
8457011,33757,-10.437209
8462011,33747,-10.437209
8467011,33737,-10.437209
8472011,33727,-10.437209
8477011,33717,-10.437209
8482011,33707,-10.437209
8487011,33697,-10.437209
8492011,33687,-10.437209
8497011,33677,-10.437209
8502011,33667,-10.437209
8507011,33657,-10.437209
8512011,33647,-10.437209
8517011,33637,-10.437209
8522011,33627,-10.437209
8527011,33617,-10.437209
8532011,33607,-10.437209
8537011,33597,-10.437209
8542011,33587,-10.437209
8547011,33577,-10.437209
8552011,33567,-10.437209
8557011,33557,-10.437209
8562011,33547,-10.437209
8567011,33537,-10.437209
8572011,33527,-10.437209
8577011,33517,-10.437209
8582011,33507,-10.437209
8587011,33497,-10.437209
8592011,33487,-10.437209
8597011,33477,-10.437209
8602011,33467,-10.437209
8607011,33457,-10.437209
8612011,33447,-10.437209
8617011,33437,-10.437209
8622011,33427,-10.437209
8627011,33417,-10.437209
8632011,33407,-10.437209
8637011,33397,-10.437209
8642011,33387,-10.437209
8647011,33377,-10.437209
8652011,33367,-10.437209
8657011,33357,-10.437209
8662011,33347,-10.437209
8667011,33337,-10.437209
8672011,33327,-10.437209
8677011,33317,-10.437209
8682011,33307,-10.437209
8687011,33297,-10.437209
8692011,33287,-10.437209
8697011,33277,-10.437209
8702011,33267,-10.437209
8707011,33257,-10.437209
8712011,33247,-10.437209
8717011,33237,-10.437209
8722011,33227,-10.437209
8727011,33217,-10.437209
8732011,33207,-10.437209
8737011,33197,-10.437209
8742011,33187,-10.437209
8747011,33177,-10.437209
8752011,33167,-10.437209
8757011,33157,-10.437209
8762011,33147,-10.437209
8767011,33137,-10.437209
8772011,33127,-10.437209
8777011,33117,-10.437209
8782011,33107,-10.437209
8787011,33097,-10.437209
8792011,33087,-10.437209
8797011,33077,-10.437209
8802011,33067,-10.437209
8807011,33057,-10.437209
8812011,33047,-10.437209
8817011,33037,-10.437209
8822011,33027,-10.437209
8827011,33017,-10.437209
8832011,33007,-10.437209
8837011,32997,-10.437209
8842011,32987,-10.437209
8847011,32977,-10.437209
8852011,32967,-10.437209
8857011,32957,-10.437209
8862011,32947,-10.437209
8867011,32937,-10.437209
8872011,32927,-10.437209
8877011,32917,-10.437209
8882011,32907,-10.437209
8887011,32897,-10.437209
8892011,32887,-10.437209
8897011,32877,-10.437209
8902011,32867,-10.437209
8907011,32857,-10.437209
8912011,32847,-10.437209
8917011,32837,-10.437209
8922011,32827,-10.437209
8927011,32817,-10.437209
8932011,32807,-10.437209
8937011,32797,-10.437209
8942011,32787,-10.437209
8947011,32777,-10.437209
8952011,32767,-10.437209
8957011,32757,-10.437209
8962011,32747,-10.437209
8967011,32737,-10.437209
8972011,32727,-10.437209
8977011,32717,-10.437209
8982011,32707,-10.437209
8987011,32697,-10.437209
8992011,32687,-10.437209
8997011,32677,-10.437209
9002011,32667,-10.437209
9007011,32657,-10.437209
9012011,32647,-10.437209
9017011,32637,-10.437209
9022011,32627,-10.437209
9027011,32617,-10.437209
9032011,32607,-10.437209
9037011,32597,-10.437209
9042011,32587,-10.437209
9047011,32577,-10.437209
9052011,32567,-10.437209
9057011,32557,-10.437209
9062011,32547,-10.437209
9067011,32537,-10.437209
9072011,32527,-10.437209
9077011,32517,-10.437209
9082011,32507,-10.437209
9087011,32497,-10.437209
9092011,32487,-10.437209
9097011,32477,-10.437209
9102011,32467,-10.437209
9107011,32457,-10.437209
9112011,32447,-10.437209
9117011,32437,-10.437209
9122011,32427,-10.437209
9127011,32417,-10.437209
9132011,32407,-10.437209
9137011,32397,-10.437209
9142011,32387,-10.437209
9147011,32377,-10.437209
9152011,32367,-10.437209
9157011,32357,-10.437209
9162011,32347,-10.437209
9167011,32337,-10.437209
9172011,32327,-10.437209
9177011,32317,-10.437209
9182011,32307,-10.437209
9187011,32297,-10.437209
9192011,32287,-10.437209
9197011,32277,-10.437209
9202011,32267,-10.437209
9207011,32257,-10.437209
9212011,32247,-10.437209
9217011,32237,-10.437209
9222011,32227,-10.437209
9227011,32217,-10.437209
9232011,32207,-10.437209
9237011,32197,-10.437209
9242011,32187,-10.437209
9247011,32177,-10.437209
9252011,32167,-10.437209
9257011,32157,-10.437209
9262011,32147,-10.437209
9267011,32137,-10.437209
9272011,32127,-10.437209
9277011,32117,-10.437209
9282011,32107,-10.437209
9287011,32097,-10.437209
9292011,32087,-10.437209
9297011,32077,-10.437209
9302011,32067,-10.437209
9307011,32057,-10.437209
9312011,32047,-10.437209
9317011,32037,-10.437209
9322011,32027,-10.437209
9327011,32017,-10.437209
9332011,32007,-10.437209
9337011,31997,-10.437209
9342011,31987,-10.437209
9347011,31977,-10.437209
9352011,31967,-10.437209
9357011,31957,-10.437209
9362011,31947,-10.437209
9367011,31937,-10.437209
9372011,31927,-10.437209
9377011,31917,-10.437209
9382011,31907,-10.437209
9387011,31897,-10.437209
9392011,31887,-10.437209
9397011,31877,-10.437209
9402011,31867,-10.437209
9407011,31857,-10.437209
9412011,31847,-10.437209
9417011,31837,-10.437209
9422011,31827,-10.437209
9427011,31817,-10.437209
9432011,31807,-10.437209
9437011,31797,-10.437209
9442011,31787,-10.437209
9447011,31777,-10.437209
9452011,31767,-10.437209
9457011,31757,-10.437209
9462011,31747,-10.437209
9467011,31737,-10.437209
9472011,31727,-10.437209
9477011,31717,-10.437209
9482011,31707,-10.437209
9487011,31697,-10.437209
9492011,31687,-10.437209
9497011,31677,-10.437209
9502011,31667,-10.437209
9507011,31657,-10.437209
9512011,31647,-10.437209
9517011,31637,-10.437209
9522011,31627,-10.437209
9527011,31617,-10.437209
9532011,31607,-10.437209
9537011,31597,-10.437209
9542011,31587,-10.437209
9547011,31577,-10.437209
9552011,31567,-10.437209
9557011,31557,-10.437209
9562011,31547,-10.437209
9567011,31537,-10.437209
9572011,31527,-10.437209
9577011,31517,-10.437209
9582011,31507,-10.437209
9587011,31497,-10.437209
9592011,31487,-10.437209
9597011,31477,-10.437209
9602011,31467,-10.437209
9607011,31457,-10.437209
9612011,31447,-10.437209
9617011,31437,-10.437209
9622011,31427,-10.437209
9627011,31417,-10.437209
9632011,31407,-10.437209
9637011,31397,-10.437209
9642011,31387,-10.437209
9647011,31377,-10.437209
9652011,31367,-10.437209
9657011,31357,-10.437209
9662011,31347,-10.437209
9667011,31337,-10.437209
9672011,31327,-10.437209
9677011,31317,-10.437209
9682011,31307,-10.437209
9687011,31297,-10.437209
9692011,31287,-10.437209
9697011,31277,-10.437209
9702011,31267,-10.437209
9707011,31257,-10.437209
9712011,31247,-10.437209
9717011,31237,-10.437209
9722011,31227,-10.437209
9727011,31217,-10.437209
9732011,31207,-10.437209
9737011,31197,-10.437209
9742011,31187,-10.437209
9747011,31177,-10.437209
9752011,31167,-10.437209
9757011,31157,-10.437209
9762011,31147,-10.437209
9767011,31137,-10.437209
9772011,31127,-10.437209
9777011,31117,-10.437209
9782011,31107,-10.437209
9787011,31097,-10.437209
9792011,31087,-10.437209
9797011,31077,-10.437209
9802011,31067,-10.437209
9807011,31057,-10.437209
9812011,31047,-10.437209
9817011,31037,-10.437209
9822011,31027,-10.437209
9827011,31017,-10.437209
9832011,31007,-10.437209
9837011,30997,-10.437209
9842011,30987,-10.437209
9847011,30977,-10.437209
9852011,30967,-10.437209
9857011,30957,-10.437209
9862011,30947,-10.437209
9867011,30937,-10.437209
9872011,30927,-10.437209
9877011,30917,-10.437209
9882011,30907,-10.437209
9887011,30897,-10.437209
9892011,30887,-10.437209
9897011,30877,-10.437209
9902011,30867,-10.437209
9907011,30857,-10.437209
9912011,30847,-10.437209
9917011,30837,-10.437209
9922011,30827,-10.437209
9927011,30817,-10.437209
9932011,30807,-10.437209
9937011,30797,-10.437209
9942011,30787,-10.437209
9947011,30777,-10.437209
9952011,30767,-10.437209
9957011,30757,-10.437209
9962011,30747,-10.437209
9967011,30737,-10.437209
9972011,30727,-10.437209
9977011,30717,-10.437209
9982011,30707,-10.437209
9987011,30697,-10.437209
9992011,30687,-10.437209
9997011,30677,-10.437209
10002011,30667,-10.437209
10007011,30657,-10.437209
10012011,30647,-10.437209
10017011,30637,-10.437209
10022011,30627,-10.437209
10027011,30617,-10.437209
10032011,30607,-10.437209
10037011,30597,-10.437209
10042011,30587,-10.437209
10047011,30577,-10.437209
10052011,30567,-10.437209
10057011,30557,-10.437209
10062011,30547,-10.437209
10067011,30537,-10.437209
10072011,30527,-10.437209
10077011,30517,-10.437209
10082011,30507,-10.437209
10087011,30497,-10.437209
10092011,30487,-10.437209
10097011,30477,-10.437209
10102011,30467,-10.437209
10107011,30457,-10.437209
10112011,30447,-10.437209
10117011,30437,-10.437209
10122011,30427,-10.437209
10127011,30417,-10.437209
10132011,30407,-10.437209
10137011,30397,-10.437209
10142011,30387,-10.437209
10147011,30377,-10.437209
10152011,30367,-10.437209
10157011,30357,-10.437209
10162011,30347,-10.437209
10167011,30337,-10.437209
10172011,30327,-10.437209
10177011,30317,-10.437209
10182011,30307,-10.437209
10187011,30297,-10.437209
10192011,30287,-10.437209
10197011,30277,-10.437209
10202011,30267,-10.437209
10207011,30257,-10.437209
10212011,30247,-10.437209
10217011,30237,-10.437209
10222011,30227,-10.437209
10227011,30217,-10.437209
10232011,30207,-10.437209
10237011,30197,-10.437209
10242011,30187,-10.437209
10247011,30177,-10.437209
10252011,30167,-10.437209
10257011,30157,-10.437209
10262011,30147,-10.437209
10267011,30137,-10.437209
10272011,30127,-10.437209
10277011,30117,-10.437209
10282011,30107,-10.437209
10287011,30097,-10.437209
10292011,30087,-10.437209
10297011,30077,-10.437209
10302011,30067,-10.437209
10307011,30057,-10.437209
10312011,30047,-10.437209
